close,high,low,open,time,volumefrom,volumeto,pair
0.0,0.0,0.0,0.0,1501372800,0.0,0.0,ZRX/USD
0.0,0.0,0.0,0.0,1501376400,0.0,0.0,ZRX/USD
0.0,0.0,0.0,0.0,1501380000,0.0,0.0,ZRX/USD
0.0,0.0,0.0,0.0,1501383600,0.0,0.0,ZRX/USD
0.0,0.0,0.0,0.0,1501387200,0.0,0.0,ZRX/USD
0.0,0.0,0.0,0.0,1501390800,0.0,0.0,ZRX/USD
0.0,0.0,0.0,0.0,1501394400,0.0,0.0,ZRX/USD
0.0,0.0,0.0,0.0,1501398000,0.0,0.0,ZRX/USD
0.0,0.0,0.0,0.0,1501401600,0.0,0.0,ZRX/USD
0.0,0.0,0.0,0.0,1501405200,0.0,0.0,ZRX/USD
0.0,0.0,0.0,0.0,1501408800,0.0,0.0,ZRX/USD
0.0,0.0,0.0,0.0,1501412400,0.0,0.0,ZRX/USD
0.0,0.0,0.0,0.0,1501416000,0.0,0.0,ZRX/USD
0.0,0.0,0.0,0.0,1501419600,0.0,0.0,ZRX/USD
0.0,0.0,0.0,0.0,1501423200,0.0,0.0,ZRX/USD
0.0,0.0,0.0,0.0,1501426800,0.0,0.0,ZRX/USD
0.0,0.0,0.0,0.0,1501430400,0.0,0.0,ZRX/USD
0.0,0.0,0.0,0.0,1501434000,0.0,0.0,ZRX/USD
0.0,0.0,0.0,0.0,1501437600,0.0,0.0,ZRX/USD
0.0,0.0,0.0,0.0,1501441200,0.0,0.0,ZRX/USD
0.0,0.0,0.0,0.0,1501444800,0.0,0.0,ZRX/USD
0.0,0.0,0.0,0.0,1501448400,0.0,0.0,ZRX/USD
0.0,0.0,0.0,0.0,1501452000,0.0,0.0,ZRX/USD
0.0,0.0,0.0,0.0,1501455600,0.0,0.0,ZRX/USD
0.0,0.0,0.0,0.0,1501459200,0.0,0.0,ZRX/USD
0.0,0.0,0.0,0.0,1501462800,0.0,0.0,ZRX/USD
0.0,0.0,0.0,0.0,1501466400,0.0,0.0,ZRX/USD
0.0,0.0,0.0,0.0,1501470000,0.0,0.0,ZRX/USD
0.0,0.0,0.0,0.0,1501473600,0.0,0.0,ZRX/USD
0.0,0.0,0.0,0.0,1501477200,0.0,0.0,ZRX/USD
0.0,0.0,0.0,0.0,1501480800,0.0,0.0,ZRX/USD
0.0,0.0,0.0,0.0,1501484400,0.0,0.0,ZRX/USD
0.0,0.0,0.0,0.0,1501488000,0.0,0.0,ZRX/USD
0.0,0.0,0.0,0.0,1501491600,0.0,0.0,ZRX/USD
0.0,0.0,0.0,0.0,1501495200,0.0,0.0,ZRX/USD
0.0,0.0,0.0,0.0,1501498800,0.0,0.0,ZRX/USD
0.0,0.0,0.0,0.0,1501502400,0.0,0.0,ZRX/USD
0.0,0.0,0.0,0.0,1501506000,0.0,0.0,ZRX/USD
0.0,0.0,0.0,0.0,1501509600,0.0,0.0,ZRX/USD
0.0,0.0,0.0,0.0,1501513200,0.0,0.0,ZRX/USD
0.0,0.0,0.0,0.0,1501516800,0.0,0.0,ZRX/USD
0.0,0.0,0.0,0.0,1501520400,0.0,0.0,ZRX/USD
0.0,0.0,0.0,0.0,1501524000,0.0,0.0,ZRX/USD
0.0,0.0,0.0,0.0,1501527600,0.0,0.0,ZRX/USD
0.0,0.0,0.0,0.0,1501531200,0.0,0.0,ZRX/USD
0.0,0.0,0.0,0.0,1501534800,0.0,0.0,ZRX/USD
0.0,0.0,0.0,0.0,1501538400,0.0,0.0,ZRX/USD
0.0,0.0,0.0,0.0,1501542000,0.0,0.0,ZRX/USD
0.0,0.0,0.0,0.0,1501545600,0.0,0.0,ZRX/USD
0.0,0.0,0.0,0.0,1501549200,0.0,0.0,ZRX/USD
0.0,0.0,0.0,0.0,1501552800,0.0,0.0,ZRX/USD
0.0,0.0,0.0,0.0,1501556400,0.0,0.0,ZRX/USD
0.0,0.0,0.0,0.0,1501560000,0.0,0.0,ZRX/USD
0.0,0.0,0.0,0.0,1501563600,0.0,0.0,ZRX/USD
0.0,0.0,0.0,0.0,1501567200,0.0,0.0,ZRX/USD
0.0,0.0,0.0,0.0,1501570800,0.0,0.0,ZRX/USD
0.0,0.0,0.0,0.0,1501574400,0.0,0.0,ZRX/USD
0.0,0.0,0.0,0.0,1501578000,0.0,0.0,ZRX/USD
0.0,0.0,0.0,0.0,1501581600,0.0,0.0,ZRX/USD
0.0,0.0,0.0,0.0,1501585200,0.0,0.0,ZRX/USD
0.0,0.0,0.0,0.0,1501588800,0.0,0.0,ZRX/USD
0.0,0.0,0.0,0.0,1501592400,0.0,0.0,ZRX/USD
0.0,0.0,0.0,0.0,1501596000,0.0,0.0,ZRX/USD
0.0,0.0,0.0,0.0,1501599600,0.0,0.0,ZRX/USD
0.0,0.0,0.0,0.0,1501603200,0.0,0.0,ZRX/USD
0.0,0.0,0.0,0.0,1501606800,0.0,0.0,ZRX/USD
0.0,0.0,0.0,0.0,1501610400,0.0,0.0,ZRX/USD
0.0,0.0,0.0,0.0,1501614000,0.0,0.0,ZRX/USD
0.0,0.0,0.0,0.0,1501617600,0.0,0.0,ZRX/USD
0.0,0.0,0.0,0.0,1501621200,0.0,0.0,ZRX/USD
0.0,0.0,0.0,0.0,1501624800,0.0,0.0,ZRX/USD
0.0,0.0,0.0,0.0,1501628400,0.0,0.0,ZRX/USD
0.0,0.0,0.0,0.0,1501632000,0.0,0.0,ZRX/USD
0.0,0.0,0.0,0.0,1501635600,0.0,0.0,ZRX/USD
0.0,0.0,0.0,0.0,1501639200,0.0,0.0,ZRX/USD
0.0,0.0,0.0,0.0,1501642800,0.0,0.0,ZRX/USD
0.0,0.0,0.0,0.0,1501646400,0.0,0.0,ZRX/USD
0.0,0.0,0.0,0.0,1501650000,0.0,0.0,ZRX/USD
0.0,0.0,0.0,0.0,1501653600,0.0,0.0,ZRX/USD
0.0,0.0,0.0,0.0,1501657200,0.0,0.0,ZRX/USD
0.0,0.0,0.0,0.0,1501660800,0.0,0.0,ZRX/USD
0.0,0.0,0.0,0.0,1501664400,0.0,0.0,ZRX/USD
0.0,0.0,0.0,0.0,1501668000,0.0,0.0,ZRX/USD
0.0,0.0,0.0,0.0,1501671600,0.0,0.0,ZRX/USD
0.0,0.0,0.0,0.0,1501675200,0.0,0.0,ZRX/USD
0.0,0.0,0.0,0.0,1501678800,0.0,0.0,ZRX/USD
0.0,0.0,0.0,0.0,1501682400,0.0,0.0,ZRX/USD
0.0,0.0,0.0,0.0,1501686000,0.0,0.0,ZRX/USD
0.0,0.0,0.0,0.0,1501689600,0.0,0.0,ZRX/USD
0.0,0.0,0.0,0.0,1501693200,0.0,0.0,ZRX/USD
0.0,0.0,0.0,0.0,1501696800,0.0,0.0,ZRX/USD
0.0,0.0,0.0,0.0,1501700400,0.0,0.0,ZRX/USD
0.0,0.0,0.0,0.0,1501704000,0.0,0.0,ZRX/USD
0.0,0.0,0.0,0.0,1501707600,0.0,0.0,ZRX/USD
0.0,0.0,0.0,0.0,1501711200,0.0,0.0,ZRX/USD
0.0,0.0,0.0,0.0,1501714800,0.0,0.0,ZRX/USD
0.0,0.0,0.0,0.0,1501718400,0.0,0.0,ZRX/USD
0.0,0.0,0.0,0.0,1501722000,0.0,0.0,ZRX/USD
0.0,0.0,0.0,0.0,1501725600,0.0,0.0,ZRX/USD
0.0,0.0,0.0,0.0,1501729200,0.0,0.0,ZRX/USD
0.0,0.0,0.0,0.0,1501732800,0.0,0.0,ZRX/USD
0.0,0.0,0.0,0.0,1501736400,0.0,0.0,ZRX/USD
0.0,0.0,0.0,0.0,1501740000,0.0,0.0,ZRX/USD
0.0,0.0,0.0,0.0,1501743600,0.0,0.0,ZRX/USD
0.0,0.0,0.0,0.0,1501747200,0.0,0.0,ZRX/USD
0.0,0.0,0.0,0.0,1501750800,0.0,0.0,ZRX/USD
0.0,0.0,0.0,0.0,1501754400,0.0,0.0,ZRX/USD
0.0,0.0,0.0,0.0,1501758000,0.0,0.0,ZRX/USD
0.0,0.0,0.0,0.0,1501761600,0.0,0.0,ZRX/USD
0.0,0.0,0.0,0.0,1501765200,0.0,0.0,ZRX/USD
0.0,0.0,0.0,0.0,1501768800,0.0,0.0,ZRX/USD
0.0,0.0,0.0,0.0,1501772400,0.0,0.0,ZRX/USD
0.0,0.0,0.0,0.0,1501776000,0.0,0.0,ZRX/USD
0.0,0.0,0.0,0.0,1501779600,0.0,0.0,ZRX/USD
0.0,0.0,0.0,0.0,1501783200,0.0,0.0,ZRX/USD
0.0,0.0,0.0,0.0,1501786800,0.0,0.0,ZRX/USD
0.0,0.0,0.0,0.0,1501790400,0.0,0.0,ZRX/USD
0.0,0.0,0.0,0.0,1501794000,0.0,0.0,ZRX/USD
0.0,0.0,0.0,0.0,1501797600,0.0,0.0,ZRX/USD
0.0,0.0,0.0,0.0,1501801200,0.0,0.0,ZRX/USD
0.0,0.0,0.0,0.0,1501804800,0.0,0.0,ZRX/USD
0.0,0.0,0.0,0.0,1501808400,0.0,0.0,ZRX/USD
0.0,0.0,0.0,0.0,1501812000,0.0,0.0,ZRX/USD
0.0,0.0,0.0,0.0,1501815600,0.0,0.0,ZRX/USD
0.0,0.0,0.0,0.0,1501819200,0.0,0.0,ZRX/USD
0.0,0.0,0.0,0.0,1501822800,0.0,0.0,ZRX/USD
0.0,0.0,0.0,0.0,1501826400,0.0,0.0,ZRX/USD
0.0,0.0,0.0,0.0,1501830000,0.0,0.0,ZRX/USD
0.0,0.0,0.0,0.0,1501833600,0.0,0.0,ZRX/USD
0.0,0.0,0.0,0.0,1501837200,0.0,0.0,ZRX/USD
0.0,0.0,0.0,0.0,1501840800,0.0,0.0,ZRX/USD
0.0,0.0,0.0,0.0,1501844400,0.0,0.0,ZRX/USD
0.0,0.0,0.0,0.0,1501848000,0.0,0.0,ZRX/USD
0.0,0.0,0.0,0.0,1501851600,0.0,0.0,ZRX/USD
0.0,0.0,0.0,0.0,1501855200,0.0,0.0,ZRX/USD
0.0,0.0,0.0,0.0,1501858800,0.0,0.0,ZRX/USD
0.0,0.0,0.0,0.0,1501862400,0.0,0.0,ZRX/USD
0.0,0.0,0.0,0.0,1501866000,0.0,0.0,ZRX/USD
0.0,0.0,0.0,0.0,1501869600,0.0,0.0,ZRX/USD
0.0,0.0,0.0,0.0,1501873200,0.0,0.0,ZRX/USD
0.0,0.0,0.0,0.0,1501876800,0.0,0.0,ZRX/USD
0.0,0.0,0.0,0.0,1501880400,0.0,0.0,ZRX/USD
0.0,0.0,0.0,0.0,1501884000,0.0,0.0,ZRX/USD
0.0,0.0,0.0,0.0,1501887600,0.0,0.0,ZRX/USD
0.0,0.0,0.0,0.0,1501891200,0.0,0.0,ZRX/USD
0.0,0.0,0.0,0.0,1501894800,0.0,0.0,ZRX/USD
0.0,0.0,0.0,0.0,1501898400,0.0,0.0,ZRX/USD
0.0,0.0,0.0,0.0,1501902000,0.0,0.0,ZRX/USD
0.0,0.0,0.0,0.0,1501905600,0.0,0.0,ZRX/USD
0.0,0.0,0.0,0.0,1501909200,0.0,0.0,ZRX/USD
0.0,0.0,0.0,0.0,1501912800,0.0,0.0,ZRX/USD
0.0,0.0,0.0,0.0,1501916400,0.0,0.0,ZRX/USD
0.0,0.0,0.0,0.0,1501920000,0.0,0.0,ZRX/USD
0.0,0.0,0.0,0.0,1501923600,0.0,0.0,ZRX/USD
0.0,0.0,0.0,0.0,1501927200,0.0,0.0,ZRX/USD
0.0,0.0,0.0,0.0,1501930800,0.0,0.0,ZRX/USD
0.0,0.0,0.0,0.0,1501934400,0.0,0.0,ZRX/USD
0.0,0.0,0.0,0.0,1501938000,0.0,0.0,ZRX/USD
0.0,0.0,0.0,0.0,1501941600,0.0,0.0,ZRX/USD
0.0,0.0,0.0,0.0,1501945200,0.0,0.0,ZRX/USD
0.0,0.0,0.0,0.0,1501948800,0.0,0.0,ZRX/USD
0.0,0.0,0.0,0.0,1501952400,0.0,0.0,ZRX/USD
0.0,0.0,0.0,0.0,1501956000,0.0,0.0,ZRX/USD
0.0,0.0,0.0,0.0,1501959600,0.0,0.0,ZRX/USD
0.0,0.0,0.0,0.0,1501963200,0.0,0.0,ZRX/USD
0.0,0.0,0.0,0.0,1501966800,0.0,0.0,ZRX/USD
0.0,0.0,0.0,0.0,1501970400,0.0,0.0,ZRX/USD
0.0,0.0,0.0,0.0,1501974000,0.0,0.0,ZRX/USD
0.0,0.0,0.0,0.0,1501977600,0.0,0.0,ZRX/USD
0.0,0.0,0.0,0.0,1501981200,0.0,0.0,ZRX/USD
0.0,0.0,0.0,0.0,1501984800,0.0,0.0,ZRX/USD
0.0,0.0,0.0,0.0,1501988400,0.0,0.0,ZRX/USD
0.0,0.0,0.0,0.0,1501992000,0.0,0.0,ZRX/USD
0.0,0.0,0.0,0.0,1501995600,0.0,0.0,ZRX/USD
0.0,0.0,0.0,0.0,1501999200,0.0,0.0,ZRX/USD
0.0,0.0,0.0,0.0,1502002800,0.0,0.0,ZRX/USD
0.0,0.0,0.0,0.0,1502006400,0.0,0.0,ZRX/USD
0.0,0.0,0.0,0.0,1502010000,0.0,0.0,ZRX/USD
0.0,0.0,0.0,0.0,1502013600,0.0,0.0,ZRX/USD
0.0,0.0,0.0,0.0,1502017200,0.0,0.0,ZRX/USD
0.0,0.0,0.0,0.0,1502020800,0.0,0.0,ZRX/USD
0.0,0.0,0.0,0.0,1502024400,0.0,0.0,ZRX/USD
0.0,0.0,0.0,0.0,1502028000,0.0,0.0,ZRX/USD
0.0,0.0,0.0,0.0,1502031600,0.0,0.0,ZRX/USD
0.0,0.0,0.0,0.0,1502035200,0.0,0.0,ZRX/USD
0.0,0.0,0.0,0.0,1502038800,0.0,0.0,ZRX/USD
0.0,0.0,0.0,0.0,1502042400,0.0,0.0,ZRX/USD
0.0,0.0,0.0,0.0,1502046000,0.0,0.0,ZRX/USD
0.0,0.0,0.0,0.0,1502049600,0.0,0.0,ZRX/USD
0.0,0.0,0.0,0.0,1502053200,0.0,0.0,ZRX/USD
0.0,0.0,0.0,0.0,1502056800,0.0,0.0,ZRX/USD
0.0,0.0,0.0,0.0,1502060400,0.0,0.0,ZRX/USD
0.0,0.0,0.0,0.0,1502064000,0.0,0.0,ZRX/USD
0.0,0.0,0.0,0.0,1502067600,0.0,0.0,ZRX/USD
0.0,0.0,0.0,0.0,1502071200,0.0,0.0,ZRX/USD
0.0,0.0,0.0,0.0,1502074800,0.0,0.0,ZRX/USD
0.0,0.0,0.0,0.0,1502078400,0.0,0.0,ZRX/USD
0.0,0.0,0.0,0.0,1502082000,0.0,0.0,ZRX/USD
0.0,0.0,0.0,0.0,1502085600,0.0,0.0,ZRX/USD
0.0,0.0,0.0,0.0,1502089200,0.0,0.0,ZRX/USD
0.0,0.0,0.0,0.0,1502092800,0.0,0.0,ZRX/USD
0.0,0.0,0.0,0.0,1502096400,0.0,0.0,ZRX/USD
0.0,0.0,0.0,0.0,1502100000,0.0,0.0,ZRX/USD
0.0,0.0,0.0,0.0,1502103600,0.0,0.0,ZRX/USD
0.0,0.0,0.0,0.0,1502107200,0.0,0.0,ZRX/USD
0.0,0.0,0.0,0.0,1502110800,0.0,0.0,ZRX/USD
0.0,0.0,0.0,0.0,1502114400,0.0,0.0,ZRX/USD
0.0,0.0,0.0,0.0,1502118000,0.0,0.0,ZRX/USD
0.0,0.0,0.0,0.0,1502121600,0.0,0.0,ZRX/USD
0.0,0.0,0.0,0.0,1502125200,0.0,0.0,ZRX/USD
0.0,0.0,0.0,0.0,1502128800,0.0,0.0,ZRX/USD
0.0,0.0,0.0,0.0,1502132400,0.0,0.0,ZRX/USD
0.0,0.0,0.0,0.0,1502136000,0.0,0.0,ZRX/USD
0.0,0.0,0.0,0.0,1502139600,0.0,0.0,ZRX/USD
0.0,0.0,0.0,0.0,1502143200,0.0,0.0,ZRX/USD
0.0,0.0,0.0,0.0,1502146800,0.0,0.0,ZRX/USD
0.0,0.0,0.0,0.0,1502150400,0.0,0.0,ZRX/USD
0.0,0.0,0.0,0.0,1502154000,0.0,0.0,ZRX/USD
0.0,0.0,0.0,0.0,1502157600,0.0,0.0,ZRX/USD
0.0,0.0,0.0,0.0,1502161200,0.0,0.0,ZRX/USD
0.0,0.0,0.0,0.0,1502164800,0.0,0.0,ZRX/USD
0.0,0.0,0.0,0.0,1502168400,0.0,0.0,ZRX/USD
0.0,0.0,0.0,0.0,1502172000,0.0,0.0,ZRX/USD
0.0,0.0,0.0,0.0,1502175600,0.0,0.0,ZRX/USD
0.0,0.0,0.0,0.0,1502179200,0.0,0.0,ZRX/USD
0.0,0.0,0.0,0.0,1502182800,0.0,0.0,ZRX/USD
0.0,0.0,0.0,0.0,1502186400,0.0,0.0,ZRX/USD
0.0,0.0,0.0,0.0,1502190000,0.0,0.0,ZRX/USD
0.0,0.0,0.0,0.0,1502193600,0.0,0.0,ZRX/USD
0.0,0.0,0.0,0.0,1502197200,0.0,0.0,ZRX/USD
0.0,0.0,0.0,0.0,1502200800,0.0,0.0,ZRX/USD
0.0,0.0,0.0,0.0,1502204400,0.0,0.0,ZRX/USD
0.0,0.0,0.0,0.0,1502208000,0.0,0.0,ZRX/USD
0.0,0.0,0.0,0.0,1502211600,0.0,0.0,ZRX/USD
0.0,0.0,0.0,0.0,1502215200,0.0,0.0,ZRX/USD
0.0,0.0,0.0,0.0,1502218800,0.0,0.0,ZRX/USD
0.0,0.0,0.0,0.0,1502222400,0.0,0.0,ZRX/USD
0.0,0.0,0.0,0.0,1502226000,0.0,0.0,ZRX/USD
0.0,0.0,0.0,0.0,1502229600,0.0,0.0,ZRX/USD
0.0,0.0,0.0,0.0,1502233200,0.0,0.0,ZRX/USD
0.0,0.0,0.0,0.0,1502236800,0.0,0.0,ZRX/USD
0.0,0.0,0.0,0.0,1502240400,0.0,0.0,ZRX/USD
0.0,0.0,0.0,0.0,1502244000,0.0,0.0,ZRX/USD
0.0,0.0,0.0,0.0,1502247600,0.0,0.0,ZRX/USD
0.0,0.0,0.0,0.0,1502251200,0.0,0.0,ZRX/USD
0.0,0.0,0.0,0.0,1502254800,0.0,0.0,ZRX/USD
0.0,0.0,0.0,0.0,1502258400,0.0,0.0,ZRX/USD
0.0,0.0,0.0,0.0,1502262000,0.0,0.0,ZRX/USD
0.0,0.0,0.0,0.0,1502265600,0.0,0.0,ZRX/USD
0.0,0.0,0.0,0.0,1502269200,0.0,0.0,ZRX/USD
0.0,0.0,0.0,0.0,1502272800,0.0,0.0,ZRX/USD
0.0,0.0,0.0,0.0,1502276400,0.0,0.0,ZRX/USD
0.0,0.0,0.0,0.0,1502280000,0.0,0.0,ZRX/USD
0.0,0.0,0.0,0.0,1502283600,0.0,0.0,ZRX/USD
0.0,0.0,0.0,0.0,1502287200,0.0,0.0,ZRX/USD
0.0,0.0,0.0,0.0,1502290800,0.0,0.0,ZRX/USD
0.0,0.0,0.0,0.0,1502294400,0.0,0.0,ZRX/USD
0.0,0.0,0.0,0.0,1502298000,0.0,0.0,ZRX/USD
0.0,0.0,0.0,0.0,1502301600,0.0,0.0,ZRX/USD
0.0,0.0,0.0,0.0,1502305200,0.0,0.0,ZRX/USD
0.0,0.0,0.0,0.0,1502308800,0.0,0.0,ZRX/USD
0.0,0.0,0.0,0.0,1502312400,0.0,0.0,ZRX/USD
0.0,0.0,0.0,0.0,1502316000,0.0,0.0,ZRX/USD
0.0,0.0,0.0,0.0,1502319600,0.0,0.0,ZRX/USD
0.0,0.0,0.0,0.0,1502323200,0.0,0.0,ZRX/USD
0.0,0.0,0.0,0.0,1502326800,0.0,0.0,ZRX/USD
0.0,0.0,0.0,0.0,1502330400,0.0,0.0,ZRX/USD
0.0,0.0,0.0,0.0,1502334000,0.0,0.0,ZRX/USD
0.0,0.0,0.0,0.0,1502337600,0.0,0.0,ZRX/USD
0.0,0.0,0.0,0.0,1502341200,0.0,0.0,ZRX/USD
0.0,0.0,0.0,0.0,1502344800,0.0,0.0,ZRX/USD
0.0,0.0,0.0,0.0,1502348400,0.0,0.0,ZRX/USD
0.0,0.0,0.0,0.0,1502352000,0.0,0.0,ZRX/USD
0.0,0.0,0.0,0.0,1502355600,0.0,0.0,ZRX/USD
0.0,0.0,0.0,0.0,1502359200,0.0,0.0,ZRX/USD
0.0,0.0,0.0,0.0,1502362800,0.0,0.0,ZRX/USD
0.0,0.0,0.0,0.0,1502366400,0.0,0.0,ZRX/USD
0.0,0.0,0.0,0.0,1502370000,0.0,0.0,ZRX/USD
0.0,0.0,0.0,0.0,1502373600,0.0,0.0,ZRX/USD
0.0,0.0,0.0,0.0,1502377200,0.0,0.0,ZRX/USD
0.058,0.058,0.006,0.006,1502380800,28.07,1.5,ZRX/USD
0.058,0.058,0.058,0.058,1502384400,0.0,0.0,ZRX/USD
0.058,0.058,0.058,0.058,1502388000,0.0,0.0,ZRX/USD
0.058,0.058,0.058,0.058,1502391600,0.0,0.0,ZRX/USD
0.0601,0.0601,0.058,0.058,1502395200,9435.82,561.61,ZRX/USD
0.0601,0.0601,0.0601,0.0601,1502398800,1258.37,75.63,ZRX/USD
0.0601,0.0601,0.0601,0.0601,1502402400,99.83,6.0,ZRX/USD
0.0695,0.0695,0.0601,0.0601,1502406000,17610.82,1140.2,ZRX/USD
0.073,0.073,0.0695,0.0695,1502409600,12034.38,836.39,ZRX/USD
0.073,0.073,0.073,0.073,1502413200,0.0,0.0,ZRX/USD
0.0745,0.0745,0.073,0.073,1502416800,2615.05,191.77,ZRX/USD
0.08868,0.09502,0.0745,0.0745,1502420400,17966.92,1349.14,ZRX/USD
0.08868,0.08868,0.08868,0.08868,1502424000,0.0,0.0,ZRX/USD
0.08868,0.08868,0.08868,0.08868,1502427600,0.0,0.0,ZRX/USD
0.08868,0.08868,0.08868,0.08868,1502431200,0.12,0.01064,ZRX/USD
0.08868,0.08868,0.08868,0.08868,1502434800,0.0,0.0,ZRX/USD
0.08868,0.08868,0.08868,0.08868,1502438400,0.0,0.0,ZRX/USD
0.08868,0.08868,0.08868,0.08868,1502442000,0.0,0.0,ZRX/USD
0.08868,0.08868,0.08868,0.08868,1502445600,0.0,0.0,ZRX/USD
0.08868,0.08868,0.08868,0.08868,1502449200,4019.05,356.41,ZRX/USD
0.08868,0.08868,0.08868,0.08868,1502452800,46.23,4.1,ZRX/USD
0.08868,0.08868,0.08868,0.08868,1502456400,0.0,0.0,ZRX/USD
0.08868,0.08868,0.08867,0.08868,1502460000,24.33,2.16,ZRX/USD
0.08868,0.08868,0.08868,0.08868,1502463600,13.37,1.19,ZRX/USD
0.1357,0.1357,0.08867,0.08868,1502467200,177.07,15.7,ZRX/USD
0.1015,0.1357,0.07,0.1357,1502470800,1631.17,136.88,ZRX/USD
0.4,0.4,0.1015,0.1015,1502474400,11.65,2.1,ZRX/USD
0.4,0.4,0.4,0.4,1502478000,0.0,0.0,ZRX/USD
0.06902,0.11,0.06902,0.11,1502481600,83.76,5.81,ZRX/USD
0.06693,0.4444,0.06693,0.06902,1502485200,279.16,41.94,ZRX/USD
0.1,0.1231,0.06693,0.06693,1502488800,312.77,35.96,ZRX/USD
0.06687,0.1,0.06687,0.1,1502492400,222.21,14.89,ZRX/USD
0.08249,0.08249,0.06687,0.06687,1502496000,79.82,6.58,ZRX/USD
0.09827,0.1097,0.08249,0.08249,1502499600,769.83,79.3,ZRX/USD
0.1102,0.1102,0.09827,0.09827,1502503200,1.42,0.1565,ZRX/USD
0.1102,0.1102,0.1102,0.1102,1502506800,0.0,0.0,ZRX/USD
0.08348,0.112,0.07693,0.1102,1502510400,1927.31,160.75,ZRX/USD
0.08348,0.08348,0.08348,0.08348,1502514000,0.0,0.0,ZRX/USD
0.112,0.112,0.08348,0.08348,1502517600,0.01,0.00112,ZRX/USD
0.07967,0.112,0.07967,0.112,1502521200,29.96,3.35,ZRX/USD
0.07967,0.07967,0.07967,0.07967,1502524800,0.0,0.0,ZRX/USD
0.07967,0.07967,0.07967,0.07967,1502528400,0.0,0.0,ZRX/USD
0.07967,0.07967,0.07967,0.07967,1502532000,0.0,0.0,ZRX/USD
0.07967,0.07967,0.07967,0.07967,1502535600,0.0,0.0,ZRX/USD
0.13,0.13,0.07722,0.07967,1502539200,13.55,1.76,ZRX/USD
0.13,0.13,0.13,0.13,1502542800,0.0,0.0,ZRX/USD
0.13,0.13,0.1047,0.13,1502546400,570.8,67.3,ZRX/USD
0.1432,0.1573,0.095,0.13,1502550000,547.75,70.88,ZRX/USD
0.1611,0.1796,0.1413,0.1432,1502553600,693.84,108.05,ZRX/USD
0.1608,0.183,0.1608,0.1611,1502557200,591.19,100.81,ZRX/USD
0.1608,0.1628,0.1608,0.1608,1502560800,29.27,4.71,ZRX/USD
0.1716,0.1716,0.1608,0.1608,1502564400,277.41,46.82,ZRX/USD
0.1608,0.1716,0.1608,0.1716,1502568000,301.67,49.03,ZRX/USD
0.1625,0.1788,0.1608,0.1608,1502571600,398.98,65.89,ZRX/USD
0.1625,0.1625,0.1625,0.1625,1502575200,0.0,0.0,ZRX/USD
0.1625,0.1625,0.1625,0.1625,1502578800,0.0,0.0,ZRX/USD
0.1686,0.1705,0.1499,0.1625,1502582400,580.06,94.82,ZRX/USD
0.125,0.1686,0.125,0.1686,1502586000,80.38,12.06,ZRX/USD
0.125,0.125,0.125,0.125,1502589600,0.0,0.0,ZRX/USD
0.125,0.125,0.125,0.125,1502593200,0.33,0.04125,ZRX/USD
0.126,0.126,0.125,0.125,1502596800,0.04,0.00504,ZRX/USD
0.126,0.126,0.126,0.126,1502600400,0.0,0.0,ZRX/USD
0.126,0.126,0.126,0.126,1502604000,0.0,0.0,ZRX/USD
0.126,0.126,0.126,0.126,1502607600,0.0,0.0,ZRX/USD
0.126,0.126,0.126,0.126,1502611200,0.0,0.0,ZRX/USD
0.126,0.126,0.126,0.126,1502614800,0.0,0.0,ZRX/USD
0.126,0.126,0.126,0.126,1502618400,0.0,0.0,ZRX/USD
0.3546,0.3546,0.126,0.126,1502622000,73.83,26.18,ZRX/USD
0.388,0.388,0.3546,0.3546,1502625600,119.13,46.22,ZRX/USD
0.1561,0.388,0.1561,0.388,1502629200,115.39,24.74,ZRX/USD
0.2215,0.35,0.1561,0.1561,1502632800,66.84,12.23,ZRX/USD
0.2223,0.2223,0.2215,0.2215,1502636400,1766.36,392.71,ZRX/USD
0.165,0.2223,0.1472,0.2223,1502640000,5914.69,968.85,ZRX/USD
0.165,0.18,0.165,0.165,1502643600,829.36,142.05,ZRX/USD
0.225,0.225,0.165,0.165,1502647200,327.22,67.7,ZRX/USD
0.225,0.225,0.225,0.225,1502650800,0.0,0.0,ZRX/USD
0.23,0.23,0.22,0.225,1502654400,86.8,19.81,ZRX/USD
0.166,0.23,0.166,0.23,1502658000,374.14,69.73,ZRX/USD
0.19,0.19,0.166,0.166,1502661600,47.51,7.96,ZRX/USD
0.19,0.19,0.19,0.19,1502665200,0.0,0.0,ZRX/USD
0.19,0.19,0.19,0.19,1502668800,0.0,0.0,ZRX/USD
0.21,0.21,0.17,0.19,1502672400,258.64,52.56,ZRX/USD
0.21,0.21,0.21,0.21,1502676000,0.0,0.0,ZRX/USD
0.21,0.21,0.21,0.21,1502679600,0.07,0.0147,ZRX/USD
0.21,0.21,0.21,0.21,1502683200,0.0,0.0,ZRX/USD
0.17,0.21,0.17,0.21,1502686800,406.91,77.79,ZRX/USD
0.17,0.17,0.17,0.17,1502690400,0.0,0.0,ZRX/USD
0.2,0.2,0.17,0.17,1502694000,108.47,21.25,ZRX/USD
0.205,0.21,0.2,0.2,1502697600,140.2,28.9,ZRX/USD
0.2349,0.2349,0.205,0.205,1502701200,0.04,0.009398,ZRX/USD
0.2349,0.2349,0.2349,0.2349,1502704800,0.0,0.0,ZRX/USD
0.131,0.2349,0.131,0.2349,1502708400,2575.01,405.08,ZRX/USD
0.1425,0.1425,0.131,0.131,1502712000,4.38,0.6242,ZRX/USD
0.135,0.1999,0.135,0.1425,1502715600,82.86,11.21,ZRX/USD
0.162,0.162,0.135,0.135,1502719200,26.61,4.31,ZRX/USD
0.162,0.162,0.162,0.162,1502722800,84.72,13.72,ZRX/USD
0.33,0.33,0.134,0.162,1502726400,2301.6,570.91,ZRX/USD
0.33,0.33,0.33,0.33,1502730000,0.0,0.0,ZRX/USD
0.16,0.33,0.16,0.33,1502733600,0.32,0.1008,ZRX/USD
0.16,0.16,0.16,0.16,1502737200,0.0,0.0,ZRX/USD
0.309,0.31,0.16,0.16,1502740800,312.95,96.51,ZRX/USD
0.31,0.31,0.3,0.309,1502744400,1322.09,409.35,ZRX/USD
0.31,0.31,0.31,0.31,1502748000,182.21,56.49,ZRX/USD
0.32,0.32,0.305,0.31,1502751600,129.74,40.06,ZRX/USD
0.33,0.33,0.32,0.32,1502755200,247.59,81.06,ZRX/USD
0.6,0.6,0.3299,0.33,1502758800,559.75,228.52,ZRX/USD
0.8,1.0,0.6,0.6,1502762400,7.88,4.74,ZRX/USD
0.699,1.0,0.6,0.8,1502766000,0.94,0.6621,ZRX/USD
0.92,0.98,0.699,0.699,1502769600,45.57,44.55,ZRX/USD
0.92,0.92,0.92,0.92,1502773200,0.0,0.0,ZRX/USD
0.92,0.92,0.92,0.92,1502776800,0.0,0.0,ZRX/USD
0.899,0.92,0.36,0.92,1502780400,0.83,0.3512,ZRX/USD
0.4,0.899,0.4,0.899,1502784000,69.61,27.84,ZRX/USD
0.962,0.962,0.4,0.4,1502787600,371.92,301.97,ZRX/USD
1.0,1.0,0.962,0.962,1502791200,431.37,430.91,ZRX/USD
1.0,1.0,1.0,1.0,1502794800,124.68,124.68,ZRX/USD
1.0,1.0,0.99,1.0,1502798400,243.42,242.99,ZRX/USD
1.2,1.2,1.0,1.0,1502802000,215.5,218.6,ZRX/USD
0.59,1.8,0.59,1.2,1502805600,50.99,90.66,ZRX/USD
0.59,0.59,0.59,0.59,1502809200,0.0,0.0,ZRX/USD
1.0,1.8,0.59,0.59,1502812800,26.52,45.37,ZRX/USD
1.8,1.8,0.661,1.0,1502816400,533.07,585.37,ZRX/USD
1.3,1.8,0.6101,1.8,1502820000,222.51,144.54,ZRX/USD
1.3,1.3,1.3,1.3,1502823600,10.14,13.16,ZRX/USD
1.3,1.3,1.3,1.3,1502827200,0.0,0.0,ZRX/USD
1.3,1.3,1.3,1.3,1502830800,1.38,1.79,ZRX/USD
1.0,1.3,1.0,1.3,1502834400,304.13,317.82,ZRX/USD
1.0,1.0,1.0,1.0,1502838000,0.0,0.0,ZRX/USD
0.75,1.0,0.75,1.0,1502841600,1.56,1.17,ZRX/USD
0.4003,0.75,0.4003,0.75,1502845200,115.73,66.04,ZRX/USD
0.4,0.75,0.4,0.4003,1502848800,1022.47,416.92,ZRX/USD
0.16,0.4,0.16,0.4,1502852400,27127.25,6561.57,ZRX/USD
0.8698,1.0,0.16,0.16,1502856000,3805.53,852.37,ZRX/USD
0.8192,0.8698,0.22,0.8698,1502859600,68.03,42.62,ZRX/USD
0.32,0.8192,0.32,0.8192,1502863200,5.0,1.6,ZRX/USD
0.7982,0.7982,0.32,0.32,1502866800,64.44,23.35,ZRX/USD
0.6,0.7982,0.6,0.7982,1502870400,3.75,2.25,ZRX/USD
0.6,0.6,0.34,0.6,1502874000,54.79,28.27,ZRX/USD
0.6,0.6,0.6,0.6,1502877600,4.83,2.9,ZRX/USD
0.6,0.6,0.6,0.6,1502881200,0.0,0.0,ZRX/USD
0.22,0.6,0.22,0.6,1502884800,399.94,108.44,ZRX/USD
0.2,0.6985,0.2,0.22,1502888400,7908.33,1673.86,ZRX/USD
0.45,0.45,0.2,0.2,1502892000,420.81,111.61,ZRX/USD
0.45,0.45,0.45,0.45,1502895600,0.0,0.0,ZRX/USD
0.45,0.45,0.45,0.45,1502899200,0.0,0.0,ZRX/USD
0.4201,0.5,0.4201,0.45,1502902800,155.0,69.96,ZRX/USD
0.5,0.5,0.4201,0.4201,1502906400,1.71,0.855,ZRX/USD
0.6,0.61,0.45,0.45,1502910000,598.4,360.1,ZRX/USD
0.56,0.6985,0.54,0.6,1502913600,1484.5,934.32,ZRX/USD
0.6983,0.6983,0.4101,0.56,1502917200,100.03,58.27,ZRX/USD
0.6982,0.6983,0.6982,0.6983,1502920800,29.78,20.79,ZRX/USD
0.69,0.6982,0.411,0.6982,1502924400,908.92,620.16,ZRX/USD
0.6983,0.6983,0.6,0.69,1502928000,805.39,546.19,ZRX/USD
0.67,0.6986,0.6,0.6983,1502931600,600.0,401.21,ZRX/USD
0.67,0.68,0.5,0.67,1502935200,3.85,2.53,ZRX/USD
0.699,0.699,0.67,0.67,1502938800,514.44,356.47,ZRX/USD
0.9,0.9,0.47,0.699,1502942400,580.38,461.06,ZRX/USD
0.75,0.965,0.75,0.9,1502946000,96.13,81.79,ZRX/USD
0.9578,0.9578,0.75,0.75,1502949600,45.1,39.27,ZRX/USD
0.96,0.961,0.6,0.9578,1502953200,698.83,666.56,ZRX/USD
0.95,0.96,0.67,0.96,1502956800,209.62,178.73,ZRX/USD
0.6501,0.95,0.6313,0.95,1502960400,67.98,49.51,ZRX/USD
0.9,0.93,0.6501,0.6501,1502964000,3035.47,2717.06,ZRX/USD
0.89,0.9,0.89,0.9,1502967600,0.21,0.1869,ZRX/USD
0.86,0.89,0.86,0.89,1502971200,108.79,93.79,ZRX/USD
0.8989,0.8989,0.72,0.86,1502974800,2671.3,2068.77,ZRX/USD
0.98,0.98,0.888,0.8989,1502978400,1235.43,1152.34,ZRX/USD
0.82,0.98,0.81,0.98,1502982000,15.73,12.81,ZRX/USD
0.4101,0.9197,0.4101,0.82,1502985600,641.84,368.24,ZRX/USD
0.5,0.7992,0.4101,0.4101,1502989200,446.37,266.87,ZRX/USD
0.5,0.5999,0.5,0.5,1502992800,23.13,13.67,ZRX/USD
0.5999,0.5999,0.5,0.5,1502996400,92.57,55.0,ZRX/USD
0.52,0.5999,0.52,0.5999,1503000000,634.68,355.99,ZRX/USD
0.51,0.5999,0.51,0.52,1503003600,3370.25,1738.59,ZRX/USD
0.5899,0.5899,0.51,0.51,1503007200,301.69,164.42,ZRX/USD
0.5,0.5899,0.5,0.5899,1503010800,959.78,499.26,ZRX/USD
0.5,0.5,0.5,0.5,1503014400,0.0,0.0,ZRX/USD
0.4204,0.74,0.42,0.5,1503018000,361.47,165.91,ZRX/USD
0.4204,0.4204,0.4204,0.4204,1503021600,0.0,0.0,ZRX/USD
0.4204,0.4204,0.4204,0.4204,1503025200,0.0,0.0,ZRX/USD
0.4203,0.48,0.4203,0.4204,1503028800,178.7,78.17,ZRX/USD
0.4866,0.4866,0.4203,0.4203,1503032400,430.17,209.32,ZRX/USD
0.47,0.4866,0.47,0.4866,1503036000,92.53,45.02,ZRX/USD
0.6695,0.6695,0.42,0.47,1503039600,461.03,200.84,ZRX/USD
0.57,0.6695,0.57,0.6695,1503043200,153.16,98.43,ZRX/USD
0.57,0.57,0.57,0.57,1503046800,0.0,0.0,ZRX/USD
0.57,0.57,0.57,0.57,1503050400,0.0,0.0,ZRX/USD
0.45,0.57,0.45,0.57,1503054000,151.42,68.18,ZRX/USD
0.5,0.57,0.31,0.45,1503057600,545.07,238.63,ZRX/USD
0.327,0.5597,0.327,0.5,1503061200,46.65,23.62,ZRX/USD
0.5,0.5597,0.327,0.327,1503064800,52.89,28.29,ZRX/USD
0.28,0.5597,0.2616,0.5,1503068400,5050.48,1564.64,ZRX/USD
0.34,0.34,0.27,0.28,1503072000,70.29,19.72,ZRX/USD
0.3499,0.3499,0.313,0.34,1503075600,604.85,203.15,ZRX/USD
0.29,0.35,0.29,0.3499,1503079200,854.34,296.29,ZRX/USD
0.38,0.38,0.28,0.29,1503082800,3096.85,1155.12,ZRX/USD
0.4,0.4,0.301,0.38,1503086400,260.84,100.9,ZRX/USD
0.38,0.4,0.281,0.4,1503090000,870.48,261.0,ZRX/USD
0.27,0.38,0.27,0.38,1503093600,1303.22,353.37,ZRX/USD
0.319,0.319,0.27,0.27,1503097200,2.86,0.9123,ZRX/USD
0.328,0.328,0.319,0.319,1503100800,1017.32,329.32,ZRX/USD
0.2714,0.328,0.271,0.328,1503104400,1022.91,288.24,ZRX/USD
0.33,0.33,0.2714,0.2714,1503108000,582.46,159.49,ZRX/USD
0.5,0.5,0.33,0.33,1503111600,10256.23,4865.62,ZRX/USD
0.65,0.78,0.5,0.5,1503115200,1628.92,999.47,ZRX/USD
0.6307,0.78,0.33,0.65,1503118800,331.31,205.81,ZRX/USD
0.61,0.64,0.61,0.6307,1503122400,242.54,154.19,ZRX/USD
0.64,0.64,0.61,0.61,1503126000,15.0,9.6,ZRX/USD
0.628,0.64,0.628,0.64,1503129600,0.01,0.00628,ZRX/USD
0.628,0.628,0.628,0.628,1503133200,31.91,20.04,ZRX/USD
0.371,0.628,0.371,0.628,1503136800,0.93,0.345,ZRX/USD
0.6,0.6,0.371,0.371,1503140400,7.14,4.28,ZRX/USD
0.6,0.6,0.5,0.6,1503144000,184.81,108.11,ZRX/USD
0.4211,0.6,0.42,0.6,1503147600,372.62,214.91,ZRX/USD
0.59,0.59,0.4211,0.4211,1503151200,2.65,1.56,ZRX/USD
0.52,0.59,0.5,0.59,1503154800,68.24,39.26,ZRX/USD
0.43,0.52,0.43,0.52,1503158400,353.74,175.56,ZRX/USD
0.5899,0.5899,0.43,0.43,1503162000,47.52,25.48,ZRX/USD
0.6,0.6,0.5899,0.5899,1503165600,1538.58,922.74,ZRX/USD
0.599,0.6278,0.425,0.6,1503169200,265.66,129.67,ZRX/USD
0.6,0.628,0.4301,0.599,1503172800,167.31,94.73,ZRX/USD
0.5,0.61,0.5,0.6,1503176400,83.98,46.24,ZRX/USD
0.6084,0.6084,0.5,0.5,1503180000,43.74,26.21,ZRX/USD
0.68,0.68,0.6,0.6084,1503183600,2172.1,1372.6,ZRX/USD
0.68,0.68,0.68,0.68,1503187200,75.22,51.15,ZRX/USD
0.6,0.72,0.6,0.68,1503190800,41.18,27.25,ZRX/USD
0.6,0.6,0.5,0.6,1503194400,96.5,51.37,ZRX/USD
0.62,0.62,0.6,0.6,1503198000,2.15,1.32,ZRX/USD
0.447,0.62,0.447,0.62,1503201600,0.02,0.00894,ZRX/USD
0.447,0.447,0.447,0.447,1503205200,0.0,0.0,ZRX/USD
0.4646,0.4647,0.4462,0.447,1503208800,842.13,377.48,ZRX/USD
0.55,0.55,0.4646,0.4646,1503212400,407.94,223.77,ZRX/USD
0.6389,0.6389,0.525,0.55,1503216000,557.07,292.58,ZRX/USD
0.4647,0.6389,0.4647,0.6389,1503219600,50.35,23.4,ZRX/USD
0.4647,0.4647,0.4647,0.4647,1503223200,0.0,0.0,ZRX/USD
0.4647,0.636,0.4647,0.4647,1503226800,231.07,119.58,ZRX/USD
0.6,0.6,0.4462,0.4647,1503230400,2303.98,1095.08,ZRX/USD
0.5,0.6,0.49,0.6,1503234000,1968.68,979.7,ZRX/USD
0.49,0.54,0.425,0.5,1503237600,5894.92,2834.79,ZRX/USD
0.53,0.55,0.49,0.49,1503241200,5369.06,2845.61,ZRX/USD
0.49,0.61,0.4342,0.53,1503244800,18450.87,9507.04,ZRX/USD
0.49,0.52,0.49,0.49,1503248400,9455.16,4634.17,ZRX/USD
0.5099,0.5099,0.427,0.49,1503252000,7451.72,3612.33,ZRX/USD
0.52,0.52,0.43,0.5099,1503255600,5957.5,2701.35,ZRX/USD
0.5,0.52,0.5,0.52,1503259200,0.4,0.2,ZRX/USD
0.48,0.5,0.47,0.5,1503262800,1183.81,556.72,ZRX/USD
0.48,0.48,0.48,0.48,1503266400,0.0,0.0,ZRX/USD
0.54,0.55,0.427,0.48,1503270000,1344.17,676.58,ZRX/USD
0.565,0.59,0.4286,0.54,1503273600,33.1,17.81,ZRX/USD
0.427,0.565,0.427,0.565,1503277200,189.62,85.8,ZRX/USD
0.526,0.526,0.427,0.427,1503280800,1869.86,920.65,ZRX/USD
0.5379,0.5379,0.526,0.526,1503284400,91.95,49.43,ZRX/USD
0.53,0.5379,0.427,0.5379,1503288000,18.87,8.86,ZRX/USD
0.5379,0.5379,0.44,0.53,1503291600,878.99,433.19,ZRX/USD
0.46,0.5379,0.46,0.5379,1503295200,452.47,229.86,ZRX/USD
0.441,0.46,0.425,0.46,1503298800,5391.0,2306.7,ZRX/USD
0.4597,0.46,0.413,0.441,1503302400,2484.73,1032.33,ZRX/USD
0.45,0.4909,0.45,0.4597,1503306000,568.87,261.21,ZRX/USD
0.413,0.45,0.413,0.45,1503309600,210.0,87.7,ZRX/USD
0.413,0.413,0.413,0.413,1503313200,0.0,0.0,ZRX/USD
0.4495,0.4495,0.3612,0.413,1503316800,4928.8,2005.18,ZRX/USD
0.45,0.4648,0.3805,0.4495,1503320400,7116.32,3071.98,ZRX/USD
0.41,0.46,0.3879,0.45,1503324000,1662.64,733.46,ZRX/USD
0.41,0.41,0.41,0.41,1503327600,0.0,0.0,ZRX/USD
0.41,0.42,0.41,0.41,1503331200,22.06,9.14,ZRX/USD
0.385,0.41,0.385,0.41,1503334800,1636.95,643.84,ZRX/USD
0.447,0.45,0.385,0.385,1503338400,1392.18,623.6,ZRX/USD
0.45,0.5,0.41,0.447,1503342000,994.21,447.59,ZRX/USD
0.3807,0.47,0.3807,0.45,1503345600,677.08,281.8,ZRX/USD
0.42,0.45,0.3807,0.3807,1503349200,2384.2,1067.42,ZRX/USD
0.42,0.42,0.42,0.42,1503352800,0.0,0.0,ZRX/USD
0.4,0.4286,0.4,0.4285,1503356400,384.85,159.22,ZRX/USD
0.4,0.4,0.4,0.4,1503360000,0.0,0.0,ZRX/USD
0.4195,0.4195,0.39,0.4,1503363600,685.81,270.12,ZRX/USD
0.39,0.4195,0.39,0.4195,1503367200,204.18,79.63,ZRX/USD
0.4095,0.4095,0.39,0.39,1503370800,93.76,38.39,ZRX/USD
0.37,0.4095,0.37,0.4095,1503374400,6210.75,2403.99,ZRX/USD
0.31,0.3798,0.31,0.37,1503378000,1016.67,355.85,ZRX/USD
0.31,0.31,0.31,0.31,1503381600,0.0,0.0,ZRX/USD
0.3201,0.4025,0.31,0.31,1503385200,928.59,357.7,ZRX/USD
0.402,0.402,0.3201,0.3201,1503388800,0.28,0.1126,ZRX/USD
0.4198,0.4198,0.32,0.402,1503392400,205.72,75.88,ZRX/USD
0.4198,0.4198,0.4198,0.4198,1503396000,0.0,0.0,ZRX/USD
0.4198,0.4198,0.4198,0.4198,1503399600,0.0,0.0,ZRX/USD
0.4198,0.4198,0.4198,0.4198,1503403200,0.0,0.0,ZRX/USD
0.38,0.38,0.38,0.38,1503406800,2.63,0.9994,ZRX/USD
0.3405,0.39,0.3405,0.38,1503410400,0.12,0.04631,ZRX/USD
0.3301,0.395,0.3301,0.3405,1503414000,516.97,184.88,ZRX/USD
0.392,0.392,0.3301,0.3301,1503417600,750.27,268.55,ZRX/USD
0.435,0.4451,0.34,0.392,1503421200,543.57,203.95,ZRX/USD
0.3713,0.435,0.3554,0.435,1503424800,1414.92,557.03,ZRX/USD
0.3845,0.4327,0.3705,0.3713,1503428400,5465.05,2219.64,ZRX/USD
0.3845,0.4254,0.3689,0.3845,1503432000,1815.51,702.19,ZRX/USD
0.4243,0.4316,0.3735,0.3845,1503435600,1035.55,406.49,ZRX/USD
0.4079,0.435,0.3782,0.4243,1503439200,499.44,204.77,ZRX/USD
0.4035,0.4233,0.37,0.4079,1503442800,685.99,269.26,ZRX/USD
0.3883,0.422,0.3729,0.4035,1503446400,598.26,235.9,ZRX/USD
0.3741,0.422,0.3729,0.3883,1503450000,684.48,270.95,ZRX/USD
0.4222,0.45,0.3741,0.3741,1503453600,4180.37,1822.95,ZRX/USD
0.4074,0.4468,0.3933,0.4222,1503457200,747.49,313.47,ZRX/USD
0.4189,0.4394,0.3944,0.4074,1503460800,768.82,322.11,ZRX/USD
0.4411,0.4464,0.3983,0.4189,1503464400,491.16,206.91,ZRX/USD
0.4741,0.5,0.4,0.4411,1503468000,659.49,293.25,ZRX/USD
0.494,0.54,0.431,0.4741,1503471600,1583.21,797.3,ZRX/USD
0.4484,0.5312,0.41,0.494,1503475200,457.79,212.09,ZRX/USD
0.4169,0.46,0.4169,0.4484,1503478800,595.83,260.21,ZRX/USD
0.4494,0.46,0.412,0.4169,1503482400,348.94,151.21,ZRX/USD
0.4341,0.46,0.422,0.4494,1503486000,630.62,275.34,ZRX/USD
0.4042,0.4522,0.3901,0.4341,1503489600,1288.56,554.32,ZRX/USD
0.4193,0.4299,0.3921,0.4042,1503493200,694.7,285.4,ZRX/USD
0.3788,0.4264,0.3728,0.4193,1503496800,1898.31,746.18,ZRX/USD
0.3881,0.4153,0.3703,0.3788,1503500400,687.57,264.62,ZRX/USD
0.3769,0.405,0.3703,0.3881,1503504000,681.79,264.02,ZRX/USD
0.3972,0.4032,0.37,0.3769,1503507600,569.68,218.13,ZRX/USD
0.3912,0.4044,0.3711,0.3972,1503511200,769.54,303.19,ZRX/USD
0.3913,0.4043,0.345,0.3912,1503514800,1416.67,536.58,ZRX/USD
0.3999,0.4045,0.345,0.3913,1503518400,713.31,262.17,ZRX/USD
0.3946,0.3999,0.3677,0.3999,1503522000,587.92,227.44,ZRX/USD
0.3787,0.405,0.346,0.3946,1503525600,4518.96,1758.42,ZRX/USD
0.4164,0.42,0.3739,0.3787,1503529200,749.28,297.96,ZRX/USD
0.3458,0.4178,0.3142,0.4164,1503532800,6195.04,2239.47,ZRX/USD
0.3755,0.4059,0.3346,0.3458,1503536400,3340.09,1293.79,ZRX/USD
0.3933,0.405,0.346,0.3755,1503540000,647.56,245.11,ZRX/USD
0.3809,0.397,0.3646,0.3933,1503543600,563.7,214.59,ZRX/USD
0.3812,0.3935,0.3623,0.3809,1503547200,849.06,324.39,ZRX/USD
0.3797,0.405,0.363,0.3812,1503550800,889.99,346.28,ZRX/USD
0.3903,0.405,0.3795,0.3797,1503554400,2101.52,841.72,ZRX/USD
0.4108,0.42,0.3646,0.3903,1503558000,531.14,211.46,ZRX/USD
0.3631,0.4181,0.36,0.4108,1503561600,827.61,324.05,ZRX/USD
0.3726,0.4053,0.36,0.3631,1503565200,598.63,227.19,ZRX/USD
0.39,0.4173,0.3656,0.3726,1503568800,608.13,238.42,ZRX/USD
0.3931,0.4192,0.3643,0.3759,1503572400,398.81,156.71,ZRX/USD
0.3958,0.4155,0.38,0.3931,1503576000,626.2,246.91,ZRX/USD
0.3795,0.3972,0.3278,0.3958,1503579600,26780.86,9176.9,ZRX/USD
0.3883,0.3934,0.3469,0.3795,1503583200,528.0,196.31,ZRX/USD
0.3548,0.42,0.3448,0.3883,1503586800,951.76,360.69,ZRX/USD
0.3685,0.4152,0.3548,0.3548,1503590400,206.55,77.82,ZRX/USD
0.3928,0.4018,0.3685,0.3685,1503594000,917.16,354.85,ZRX/USD
0.3877,0.3981,0.3809,0.3928,1503597600,698.71,271.06,ZRX/USD
0.3859,0.3974,0.38,0.3877,1503601200,707.31,273.85,ZRX/USD
0.3839,0.3947,0.38,0.3859,1503604800,572.27,221.74,ZRX/USD
0.3858,0.3909,0.38,0.3839,1503608400,568.36,218.88,ZRX/USD
0.4219,0.449,0.3588,0.3858,1503612000,1742.91,691.96,ZRX/USD
0.3948,0.4292,0.3735,0.4219,1503615600,600.27,241.47,ZRX/USD
0.3869,0.4091,0.3775,0.3948,1503619200,525.76,207.1,ZRX/USD
0.4017,0.407,0.3805,0.3869,1503622800,551.25,218.89,ZRX/USD
0.4226,0.4316,0.3914,0.4017,1503626400,5294.37,2268.87,ZRX/USD
0.4044,0.4233,0.372,0.4226,1503630000,1108.19,428.95,ZRX/USD
0.4035,0.41,0.375,0.4044,1503633600,967.95,387.45,ZRX/USD
0.3795,0.41,0.3752,0.4035,1503637200,574.07,224.79,ZRX/USD
0.4119,0.42,0.3723,0.3795,1503640800,700.57,278.73,ZRX/USD
0.3984,0.4171,0.3778,0.4119,1503644400,556.13,219.67,ZRX/USD
0.3986,0.4078,0.3813,0.3984,1503648000,543.53,212.81,ZRX/USD
0.3999,0.4084,0.3842,0.3986,1503651600,536.27,212.38,ZRX/USD
0.3791,0.4079,0.3731,0.3999,1503655200,2110.13,808.05,ZRX/USD
0.3786,0.4065,0.3723,0.3791,1503658800,604.01,233.73,ZRX/USD
0.3795,0.4062,0.372,0.3786,1503662400,611.01,236.88,ZRX/USD
0.3788,0.3984,0.3691,0.3795,1503666000,520.13,200.05,ZRX/USD
0.3754,0.3977,0.3684,0.3788,1503669600,567.95,217.76,ZRX/USD
0.3875,0.3975,0.3571,0.3754,1503673200,1370.59,510.13,ZRX/USD
0.3561,0.3904,0.3505,0.3875,1503676800,4335.74,1549.53,ZRX/USD
0.3704,0.3958,0.3343,0.3561,1503680400,4240.24,1473.9,ZRX/USD
0.3698,0.4,0.3376,0.3704,1503684000,786.25,293.11,ZRX/USD
0.2939,0.4,0.25,0.3698,1503687600,6882.91,2043.94,ZRX/USD
0.3614,0.38,0.2939,0.2939,1503691200,787.94,276.74,ZRX/USD
0.3723,0.376,0.3278,0.3614,1503694800,395.9,139.65,ZRX/USD
0.3568,0.38,0.345,0.3723,1503698400,687.23,248.29,ZRX/USD
0.3555,0.38,0.3469,0.3568,1503702000,730.64,264.75,ZRX/USD
0.3731,0.3766,0.3472,0.3555,1503705600,546.85,198.64,ZRX/USD
0.3721,0.3782,0.3555,0.3731,1503709200,627.25,230.98,ZRX/USD
0.3215,0.3768,0.3215,0.3721,1503712800,850.37,291.62,ZRX/USD
0.3628,0.397,0.3215,0.3215,1503716400,1642.24,599.83,ZRX/USD
0.3509,0.37,0.3138,0.3628,1503720000,415.48,141.89,ZRX/USD
0.3307,0.36,0.31,0.3509,1503723600,761.42,250.85,ZRX/USD
0.3258,0.3574,0.3142,0.3307,1503727200,356.34,118.5,ZRX/USD
0.3545,0.3555,0.3134,0.3258,1503730800,717.24,242.35,ZRX/USD
0.353,0.3575,0.3281,0.3545,1503734400,1259.37,426.23,ZRX/USD
0.3318,0.358,0.318,0.353,1503738000,983.02,331.34,ZRX/USD
0.3449,0.38,0.318,0.3318,1503741600,2689.65,1000.84,ZRX/USD
0.3629,0.3922,0.3449,0.3449,1503745200,2567.92,951.27,ZRX/USD
0.366,0.3919,0.3356,0.3629,1503748800,228.9,82.46,ZRX/USD
0.3328,0.4,0.3297,0.366,1503752400,3165.8,1089.89,ZRX/USD
0.357,0.357,0.3246,0.3328,1503756000,1083.61,369.27,ZRX/USD
0.3385,0.37,0.3227,0.357,1503759600,2223.52,778.4,ZRX/USD
0.3538,0.3592,0.3331,0.3385,1503763200,983.32,342.36,ZRX/USD
0.3352,0.3595,0.3316,0.3538,1503766800,1283.29,454.38,ZRX/USD
0.3487,0.365,0.3352,0.3352,1503770400,680.46,241.37,ZRX/USD
0.3583,0.37,0.347,0.3487,1503774000,444.47,159.09,ZRX/USD
0.3603,0.3665,0.35,0.3583,1503777600,182.92,65.56,ZRX/USD
0.3581,0.3682,0.3534,0.3603,1503781200,344.69,124.11,ZRX/USD
0.3687,0.3699,0.35,0.3581,1503784800,842.08,303.18,ZRX/USD
0.3512,0.3692,0.3508,0.3687,1503788400,1022.18,365.74,ZRX/USD
0.3517,0.3635,0.35,0.3512,1503792000,1438.6,505.83,ZRX/USD
0.3624,0.365,0.35,0.3517,1503795600,4538.15,1595.37,ZRX/USD
0.3411,0.3642,0.3257,0.3624,1503799200,19888.11,6945.37,ZRX/USD
0.346,0.3622,0.3287,0.3411,1503802800,850.81,294.38,ZRX/USD
0.3457,0.3625,0.3281,0.346,1503806400,767.9,263.45,ZRX/USD
0.3349,0.3617,0.3274,0.3457,1503810000,649.38,220.64,ZRX/USD
0.3427,0.3492,0.3274,0.3349,1503813600,690.58,233.98,ZRX/USD
0.3384,0.3482,0.3273,0.3427,1503817200,668.27,226.2,ZRX/USD
0.344,0.3484,0.3277,0.3384,1503820800,625.31,211.24,ZRX/USD
0.3429,0.3482,0.3274,0.344,1503824400,584.03,196.55,ZRX/USD
0.3324,0.3483,0.3276,0.3429,1503828000,597.47,202.49,ZRX/USD
0.3371,0.3483,0.33,0.3324,1503831600,682.42,229.22,ZRX/USD
0.3385,0.34,0.3312,0.3371,1503835200,1079.63,365.05,ZRX/USD
0.3371,0.349,0.3288,0.3385,1503838800,1264.89,429.88,ZRX/USD
0.3478,0.3481,0.333,0.3371,1503842400,358.6,122.3,ZRX/USD
0.3543,0.3603,0.3288,0.3478,1503846000,1248.35,429.86,ZRX/USD
0.3458,0.365,0.3363,0.3543,1503849600,567.02,198.78,ZRX/USD
0.3468,0.365,0.341,0.3458,1503853200,2729.43,986.82,ZRX/USD
0.3458,0.365,0.3418,0.3468,1503856800,576.15,203.61,ZRX/USD
0.3569,0.3628,0.3413,0.3458,1503860400,262.82,92.57,ZRX/USD
0.3548,0.36,0.3414,0.3569,1503864000,1558.2,546.63,ZRX/USD
0.3434,0.365,0.3425,0.3548,1503867600,1160.48,416.86,ZRX/USD
0.3441,0.3636,0.343,0.3434,1503871200,686.79,241.46,ZRX/USD
0.3592,0.3673,0.3428,0.3441,1503874800,756.44,268.83,ZRX/USD
0.3577,0.3676,0.3427,0.3592,1503878400,1059.67,375.59,ZRX/USD
0.3618,0.3669,0.34,0.3577,1503882000,506.16,179.58,ZRX/USD
0.3587,0.365,0.34,0.3618,1503885600,646.37,229.6,ZRX/USD
0.357,0.3636,0.34,0.3587,1503889200,563.93,198.16,ZRX/USD
0.3403,0.3624,0.3403,0.357,1503892800,769.29,269.14,ZRX/USD
0.3426,0.3628,0.3316,0.3403,1503896400,686.29,234.84,ZRX/USD
0.3319,0.3577,0.3288,0.3426,1503900000,604.06,207.23,ZRX/USD
0.3374,0.3559,0.3288,0.3319,1503903600,471.28,161.87,ZRX/USD
0.3524,0.3576,0.3288,0.3374,1503907200,734.49,248.29,ZRX/USD
0.3249,0.3557,0.3189,0.3524,1503910800,2176.85,715.75,ZRX/USD
0.3456,0.3533,0.3187,0.3249,1503914400,886.16,297.89,ZRX/USD
0.3303,0.3652,0.32,0.3456,1503918000,941.55,314.34,ZRX/USD
0.3231,0.3305,0.3111,0.3303,1503921600,647.2,208.63,ZRX/USD
0.3214,0.329,0.3118,0.3231,1503925200,417.69,133.5,ZRX/USD
0.3218,0.3239,0.3109,0.3214,1503928800,1219.94,389.49,ZRX/USD
0.3182,0.331,0.3113,0.3218,1503932400,2851.2,901.0,ZRX/USD
0.3339,0.342,0.3118,0.3182,1503936000,665.47,215.93,ZRX/USD
0.3131,0.3408,0.2801,0.3339,1503939600,2592.97,842.75,ZRX/USD
0.3058,0.3324,0.2828,0.3131,1503943200,668.32,207.28,ZRX/USD
0.3251,0.3324,0.2929,0.3058,1503946800,294.7,91.94,ZRX/USD
0.327,0.3387,0.3049,0.3251,1503950400,526.7,168.48,ZRX/USD
0.3306,0.3324,0.3126,0.327,1503954000,367.95,118.26,ZRX/USD
0.35,0.35,0.3091,0.3306,1503957600,591.69,190.89,ZRX/USD
0.355,0.3582,0.3186,0.35,1503961200,1413.06,486.53,ZRX/USD
0.3495,0.36,0.3292,0.355,1503964800,645.79,221.66,ZRX/USD
0.3487,0.3581,0.3315,0.3495,1503968400,771.69,265.27,ZRX/USD
0.3508,0.3582,0.3371,0.3487,1503972000,804.13,280.0,ZRX/USD
0.343,0.3528,0.3404,0.3508,1503975600,727.47,252.61,ZRX/USD
0.3343,0.351,0.315,0.343,1503979200,777.83,262.2,ZRX/USD
0.3455,0.36,0.3189,0.3343,1503982800,550.15,186.55,ZRX/USD
0.3532,0.36,0.32,0.3455,1503986400,603.31,204.16,ZRX/USD
0.3572,0.36,0.3274,0.3532,1503990000,689.02,242.75,ZRX/USD
0.3472,0.3692,0.3448,0.3572,1503993600,963.75,342.2,ZRX/USD
0.3513,0.36,0.3446,0.3472,1503997200,594.56,209.92,ZRX/USD
0.3722,0.38,0.3459,0.3513,1504000800,1121.22,403.23,ZRX/USD
0.3644,0.38,0.3438,0.3722,1504004400,712.11,254.82,ZRX/USD
0.365,0.3709,0.35,0.3644,1504008000,747.67,268.73,ZRX/USD
0.3593,0.371,0.3519,0.365,1504011600,844.14,304.96,ZRX/USD
0.3568,0.3693,0.3182,0.3593,1504015200,1622.31,558.18,ZRX/USD
0.3409,0.3568,0.29,0.3568,1504018800,1438.94,459.59,ZRX/USD
0.348,0.371,0.29,0.3409,1504022400,2521.75,861.64,ZRX/USD
0.3319,0.3595,0.3238,0.348,1504026000,567.65,193.69,ZRX/USD
0.3526,0.358,0.31,0.3319,1504029600,720.67,242.16,ZRX/USD
0.3543,0.3584,0.3252,0.3526,1504033200,637.34,221.09,ZRX/USD
0.3492,0.3676,0.3277,0.3543,1504036800,841.7,294.39,ZRX/USD
0.3665,0.3676,0.3365,0.3492,1504040400,904.49,329.09,ZRX/USD
0.364,0.371,0.3593,0.3665,1504044000,568.88,208.18,ZRX/USD
0.378,0.3878,0.3519,0.364,1504047600,1885.62,679.47,ZRX/USD
0.3782,0.3874,0.3522,0.378,1504051200,607.31,223.28,ZRX/USD
0.3625,0.38,0.35,0.3782,1504054800,726.11,264.44,ZRX/USD
0.3554,0.391,0.35,0.3625,1504058400,1396.0,530.67,ZRX/USD
0.3761,0.3864,0.3528,0.3554,1504062000,512.2,188.49,ZRX/USD
0.3757,0.3836,0.3519,0.3761,1504065600,574.65,211.4,ZRX/USD
0.3704,0.3832,0.3519,0.3757,1504069200,528.42,194.36,ZRX/USD
0.3592,0.3835,0.3533,0.3704,1504072800,578.15,212.23,ZRX/USD
0.3562,0.3671,0.3462,0.3592,1504076400,642.43,229.83,ZRX/USD
0.357,0.3656,0.3464,0.3562,1504080000,472.34,168.25,ZRX/USD
0.347,0.3637,0.3375,0.357,1504083600,600.51,212.93,ZRX/USD
0.3284,0.367,0.326,0.347,1504087200,1549.64,540.53,ZRX/USD
0.3475,0.3581,0.3284,0.3284,1504090800,575.86,198.85,ZRX/USD
0.3403,0.3511,0.33,0.3475,1504094400,888.93,299.06,ZRX/USD
0.3375,0.3491,0.3359,0.3403,1504098000,663.85,227.64,ZRX/USD
0.3406,0.349,0.3286,0.3375,1504101600,751.09,256.54,ZRX/USD
0.3417,0.36,0.332,0.3406,1504105200,567.74,196.15,ZRX/USD
0.3466,0.36,0.3301,0.3417,1504108800,1154.24,393.27,ZRX/USD
0.3425,0.3485,0.3338,0.3466,1504112400,354.33,120.69,ZRX/USD
0.3397,0.3488,0.3321,0.3425,1504116000,1155.14,390.01,ZRX/USD
0.3365,0.3474,0.3275,0.3397,1504119600,637.88,214.9,ZRX/USD
0.3392,0.345,0.3281,0.3365,1504123200,562.73,189.11,ZRX/USD
0.3377,0.3487,0.3281,0.3392,1504126800,765.45,258.12,ZRX/USD
0.3373,0.354,0.3283,0.3377,1504130400,795.53,272.88,ZRX/USD
0.3368,0.35,0.3289,0.3373,1504134000,601.0,203.0,ZRX/USD
0.3389,0.3486,0.327,0.3368,1504137600,809.32,272.53,ZRX/USD
0.3365,0.3487,0.3261,0.3389,1504141200,653.36,221.04,ZRX/USD
0.3381,0.3468,0.316,0.3365,1504144800,4493.12,1470.76,ZRX/USD
0.316,0.3466,0.2951,0.3381,1504148400,3535.01,1122.3,ZRX/USD
0.3103,0.3425,0.3024,0.316,1504152000,639.76,207.21,ZRX/USD
0.3134,0.3484,0.3037,0.3103,1504155600,721.09,235.7,ZRX/USD
0.3142,0.3455,0.3,0.3134,1504159200,950.54,302.69,ZRX/USD
0.3326,0.3469,0.3065,0.3142,1504162800,822.26,272.09,ZRX/USD
0.3316,0.3469,0.3203,0.3326,1504166400,576.93,193.54,ZRX/USD
0.3366,0.3456,0.3252,0.3316,1504170000,870.88,293.81,ZRX/USD
0.3419,0.35,0.324,0.3366,1504173600,1505.79,507.61,ZRX/USD
0.3562,0.37,0.3261,0.3419,1504177200,1147.46,397.44,ZRX/USD
0.3385,0.38,0.3306,0.3562,1504180800,3547.14,1244.26,ZRX/USD
0.3463,0.352,0.3362,0.3385,1504184400,467.9,160.98,ZRX/USD
0.3443,0.35,0.335,0.3463,1504188000,922.73,319.29,ZRX/USD
0.3441,0.35,0.3363,0.3443,1504191600,1420.71,491.85,ZRX/USD
0.3465,0.3662,0.3324,0.3441,1504195200,1504.2,525.42,ZRX/USD
0.3544,0.3579,0.341,0.3465,1504198800,1126.4,393.68,ZRX/USD
0.3505,0.3608,0.3418,0.3544,1504202400,803.2,281.89,ZRX/USD
0.36,0.39,0.3416,0.3505,1504206000,2051.07,747.13,ZRX/USD
0.3677,0.3886,0.3375,0.36,1504209600,1842.26,662.56,ZRX/USD
0.3534,0.3872,0.34,0.3677,1504213200,4121.52,1453.25,ZRX/USD
0.3488,0.3848,0.343,0.3534,1504216800,1008.97,364.93,ZRX/USD
0.36,0.3811,0.3437,0.3488,1504220400,572.41,207.98,ZRX/USD
0.3628,0.382,0.3436,0.36,1504224000,642.61,232.6,ZRX/USD
0.3556,0.3872,0.3448,0.3628,1504227600,1242.97,466.73,ZRX/USD
0.4054,0.46,0.3452,0.3556,1504231200,1389.96,537.85,ZRX/USD
0.46,0.4702,0.37,0.4054,1504234800,620.96,264.44,ZRX/USD
0.4427,0.46,0.3777,0.46,1504238400,1526.27,598.13,ZRX/USD
0.4035,0.4501,0.374,0.4427,1504242000,594.2,236.56,ZRX/USD
0.3733,0.4057,0.3709,0.4035,1504245600,2050.25,774.4,ZRX/USD
0.3516,0.3792,0.35,0.3733,1504249200,913.26,328.37,ZRX/USD
0.3694,0.3777,0.3515,0.3516,1504252800,586.58,213.71,ZRX/USD
0.3706,0.38,0.3516,0.3694,1504256400,1523.45,566.38,ZRX/USD
0.3895,0.3933,0.3516,0.3706,1504260000,547.45,201.08,ZRX/USD
0.3845,0.3964,0.3523,0.3895,1504263600,593.57,220.7,ZRX/USD
0.3805,0.3878,0.3569,0.3845,1504267200,512.59,190.36,ZRX/USD
0.3533,0.3883,0.333,0.3805,1504270800,1679.19,593.07,ZRX/USD
0.354,0.37,0.3366,0.3533,1504274400,434.61,152.81,ZRX/USD
0.352,0.37,0.333,0.354,1504278000,920.73,320.19,ZRX/USD
0.3679,0.37,0.3371,0.352,1504281600,709.07,251.67,ZRX/USD
0.3547,0.37,0.3452,0.3679,1504285200,545.86,196.35,ZRX/USD
0.3742,0.385,0.3517,0.3547,1504288800,1445.57,528.06,ZRX/USD
0.3809,0.383,0.3502,0.3742,1504292400,542.54,200.25,ZRX/USD
0.3725,0.385,0.3544,0.3809,1504296000,726.75,269.4,ZRX/USD
0.3672,0.385,0.355,0.3725,1504299600,1041.12,383.56,ZRX/USD
0.3752,0.385,0.3569,0.3672,1504303200,663.79,245.86,ZRX/USD
0.3632,0.385,0.3572,0.3752,1504306800,709.18,263.75,ZRX/USD
0.3792,0.3939,0.3571,0.3632,1504310400,674.03,254.92,ZRX/USD
0.38,0.3931,0.3587,0.3792,1504314000,403.34,155.08,ZRX/USD
0.3835,0.392,0.357,0.38,1504317600,1083.32,408.47,ZRX/USD
0.3744,0.4,0.3574,0.3835,1504321200,1179.46,449.89,ZRX/USD
0.3744,0.3744,0.3744,0.3744,1504324800,0.0,0.0,ZRX/USD
0.3742,0.3813,0.3103,0.3744,1504328400,1530.34,546.48,ZRX/USD
0.3513,0.38,0.3291,0.3611,1504332000,318.29,119.13,ZRX/USD
0.3572,0.369,0.331,0.3513,1504335600,445.3,157.5,ZRX/USD
0.3344,0.3477,0.3257,0.3415,1504339200,165.22,56.01,ZRX/USD
0.3371,0.3477,0.3,0.3344,1504342800,1492.23,468.18,ZRX/USD
0.334,0.3435,0.3041,0.3371,1504346400,130.16,42.47,ZRX/USD
0.3391,0.3468,0.3053,0.334,1504350000,191.41,62.44,ZRX/USD
0.3307,0.36,0.3053,0.3391,1504353600,1191.13,397.42,ZRX/USD
0.3286,0.3476,0.3102,0.3307,1504357200,1175.98,380.85,ZRX/USD
0.3146,0.3381,0.3048,0.3286,1504360800,1080.73,341.29,ZRX/USD
0.3232,0.3295,0.3,0.3146,1504364400,8207.43,2488.03,ZRX/USD
0.3107,0.3281,0.3071,0.3232,1504368000,674.8,212.9,ZRX/USD
0.3155,0.3261,0.3032,0.3107,1504371600,262.42,83.33,ZRX/USD
0.3155,0.3155,0.3155,0.3155,1504375200,0.0,0.0,ZRX/USD
0.3155,0.3155,0.3155,0.3155,1504378800,0.0,0.0,ZRX/USD
0.3155,0.3155,0.3155,0.3155,1504382400,0.0,0.0,ZRX/USD
0.3155,0.3155,0.3155,0.3155,1504386000,0.0,0.0,ZRX/USD
0.3155,0.3155,0.3155,0.3155,1504389600,0.0,0.0,ZRX/USD
0.3049,0.3227,0.3023,0.3155,1504393200,111.27,34.62,ZRX/USD
0.311,0.328,0.3036,0.3049,1504396800,562.39,179.15,ZRX/USD
0.3219,0.33,0.302,0.311,1504400400,1159.87,366.97,ZRX/USD
0.3123,0.3282,0.3025,0.3219,1504404000,890.56,279.82,ZRX/USD
0.2944,0.33,0.29,0.3123,1504407600,1561.63,484.92,ZRX/USD
0.3145,0.3279,0.2934,0.2944,1504411200,780.02,243.74,ZRX/USD
0.3221,0.3266,0.2946,0.3145,1504414800,483.74,149.63,ZRX/USD
0.3107,0.3277,0.2921,0.3221,1504418400,1021.03,317.86,ZRX/USD
0.3367,0.3666,0.2938,0.3107,1504422000,865.07,276.47,ZRX/USD
0.312,0.3643,0.3003,0.3367,1504425600,838.76,277.68,ZRX/USD
0.3025,0.3517,0.2988,0.312,1504429200,711.03,228.64,ZRX/USD
0.3353,0.3577,0.2992,0.3025,1504432800,700.09,227.9,ZRX/USD
0.3077,0.3475,0.29,0.3353,1504436400,792.15,245.28,ZRX/USD
0.2998,0.3335,0.2919,0.3077,1504440000,486.09,149.21,ZRX/USD
0.3045,0.34,0.29,0.2998,1504443600,772.56,241.18,ZRX/USD
0.28,0.3066,0.2,0.3045,1504447200,4237.76,1131.97,ZRX/USD
0.2885,0.31,0.2129,0.28,1504450800,351.94,95.63,ZRX/USD
0.2818,0.3068,0.2554,0.2885,1504454400,396.82,113.13,ZRX/USD
0.2918,0.2918,0.2818,0.2818,1504458000,22.83,6.66,ZRX/USD
0.2665,0.3069,0.2665,0.2918,1504461600,3221.03,923.9,ZRX/USD
0.2872,0.31,0.26,0.2665,1504465200,1101.99,322.96,ZRX/USD
0.2903,0.3073,0.2627,0.2872,1504468800,672.31,192.92,ZRX/USD
0.2548,0.3075,0.2531,0.2903,1504472400,734.85,206.21,ZRX/USD
0.256,0.3057,0.25,0.2548,1504476000,946.29,258.72,ZRX/USD
0.2736,0.2949,0.256,0.256,1504479600,625.45,171.89,ZRX/USD
0.2891,0.2981,0.2573,0.2736,1504483200,477.86,138.2,ZRX/USD
0.2437,0.295,0.231,0.2891,1504486800,1210.08,318.38,ZRX/USD
0.2483,0.2896,0.231,0.2437,1504490400,547.68,140.98,ZRX/USD
0.2816,0.2909,0.24,0.2483,1504494000,728.26,194.46,ZRX/USD
0.2777,0.2926,0.2556,0.2816,1504497600,1191.6,327.75,ZRX/USD
0.248,0.2928,0.248,0.2777,1504501200,885.83,238.82,ZRX/USD
0.258,0.272,0.23,0.248,1504504800,1138.5,273.46,ZRX/USD
0.2219,0.2702,0.2084,0.258,1504508400,1013.28,252.19,ZRX/USD
0.2389,0.2616,0.2,0.2219,1504512000,1645.67,374.8,ZRX/USD
0.2354,0.2889,0.2029,0.2389,1504515600,1047.29,243.9,ZRX/USD
0.2338,0.2436,0.2051,0.2354,1504519200,962.62,221.48,ZRX/USD
0.2221,0.2949,0.2102,0.2338,1504522800,949.5,237.73,ZRX/USD
0.2221,0.2221,0.2221,0.2221,1504526400,0.0,0.0,ZRX/USD
0.2221,0.2221,0.2221,0.2221,1504530000,0.0,0.0,ZRX/USD
0.2221,0.2221,0.2221,0.2221,1504533600,0.0,0.0,ZRX/USD
0.2221,0.2221,0.2221,0.2221,1504537200,0.0,0.0,ZRX/USD
0.2221,0.2221,0.2221,0.2221,1504540800,0.0,0.0,ZRX/USD
0.2221,0.2221,0.2221,0.2221,1504544400,0.0,0.0,ZRX/USD
0.2221,0.2221,0.2221,0.2221,1504548000,0.0,0.0,ZRX/USD
0.237,0.2458,0.2027,0.2326,1504551600,2019.39,464.88,ZRX/USD
0.2352,0.2384,0.2352,0.2357,1504555200,34.47,8.19,ZRX/USD
0.2575,0.2635,0.2311,0.2352,1504558800,1129.42,276.74,ZRX/USD
0.2564,0.2693,0.2139,0.2575,1504562400,2995.18,740.7,ZRX/USD
0.2529,0.2667,0.2086,0.2564,1504566000,1520.52,360.55,ZRX/USD
0.2587,0.2699,0.2156,0.2626,1504569600,122.86,28.92,ZRX/USD
0.2296,0.2649,0.2099,0.2587,1504573200,560.67,128.9,ZRX/USD
0.2506,0.2563,0.2001,0.2296,1504576800,201.97,45.96,ZRX/USD
0.2231,0.2515,0.2001,0.2455,1504580400,1547.65,353.07,ZRX/USD
0.2212,0.251,0.2001,0.2231,1504584000,1275.97,291.61,ZRX/USD
0.2212,0.2212,0.2212,0.2212,1504587600,0.0,0.0,ZRX/USD
0.2212,0.2212,0.2212,0.2212,1504591200,0.0,0.0,ZRX/USD
0.2212,0.2212,0.2212,0.2212,1504594800,0.0,0.0,ZRX/USD
0.2212,0.2212,0.2212,0.2212,1504598400,0.0,0.0,ZRX/USD
0.2212,0.2212,0.2212,0.2212,1504602000,0.0,0.0,ZRX/USD
0.2192,0.2445,0.2077,0.2212,1504605600,1195.81,272.07,ZRX/USD
0.2273,0.245,0.2079,0.2192,1504609200,918.04,207.69,ZRX/USD
0.215,0.2445,0.2092,0.2273,1504612800,618.79,141.52,ZRX/USD
0.215,0.215,0.215,0.215,1504616400,0.0,0.0,ZRX/USD
0.215,0.215,0.215,0.215,1504620000,0.0,0.0,ZRX/USD
0.2193,0.2375,0.2138,0.215,1504623600,358.19,81.42,ZRX/USD
0.2409,0.2434,0.212,0.2193,1504627200,724.11,166.25,ZRX/USD
0.2367,0.2474,0.2245,0.2409,1504630800,777.64,183.86,ZRX/USD
0.2293,0.255,0.2282,0.2367,1504634400,770.56,188.92,ZRX/USD
0.2491,0.255,0.2222,0.2293,1504638000,2009.53,479.44,ZRX/USD
0.2369,0.2499,0.2218,0.2491,1504641600,208.65,49.46,ZRX/USD
0.2426,0.2528,0.218,0.2369,1504645200,427.09,102.16,ZRX/USD
0.216,0.2448,0.2152,0.2426,1504648800,90.64,20.31,ZRX/USD
0.2442,0.255,0.2122,0.216,1504652400,943.24,222.27,ZRX/USD
0.2399,0.2539,0.2156,0.2442,1504656000,1337.23,330.97,ZRX/USD
0.2268,0.2494,0.2172,0.2399,1504659600,590.19,138.61,ZRX/USD
0.2268,0.2268,0.2268,0.2268,1504663200,0.0,0.0,ZRX/USD
0.2612,0.2679,0.239,0.2504,1504666800,459.39,117.08,ZRX/USD
0.2678,0.2678,0.2419,0.2612,1504670400,48.2,12.41,ZRX/USD
0.2678,0.2678,0.2678,0.2678,1504674000,0.0,0.0,ZRX/USD
0.2678,0.2678,0.2678,0.2678,1504677600,0.0,0.0,ZRX/USD
0.2678,0.2678,0.2678,0.2678,1504681200,0.0,0.0,ZRX/USD
0.2678,0.2678,0.2678,0.2678,1504684800,0.0,0.0,ZRX/USD
0.2429,0.2681,0.2382,0.2678,1504688400,878.08,224.24,ZRX/USD
0.2492,0.2679,0.237,0.2569,1504692000,621.76,157.67,ZRX/USD
0.2492,0.2492,0.2492,0.2492,1504695600,0.0,0.0,ZRX/USD
0.2668,0.268,0.2356,0.2492,1504699200,1550.6,384.27,ZRX/USD
0.275,0.284,0.2383,0.2668,1504702800,438.52,112.35,ZRX/USD
0.255,0.2755,0.2414,0.275,1504706400,527.69,130.76,ZRX/USD
0.2411,0.2698,0.2387,0.255,1504710000,1288.24,328.43,ZRX/USD
0.2409,0.2595,0.2387,0.2411,1504713600,360.47,88.13,ZRX/USD
0.2412,0.2628,0.2387,0.2409,1504717200,1343.46,333.76,ZRX/USD
0.2457,0.2773,0.2405,0.2412,1504720800,944.4,240.28,ZRX/USD
0.2442,0.2761,0.2405,0.2457,1504724400,925.1,233.97,ZRX/USD
0.2474,0.2681,0.2405,0.2442,1504728000,787.81,199.32,ZRX/USD
0.252,0.2663,0.2391,0.2474,1504731600,363.24,91.18,ZRX/USD
0.256,0.284,0.2473,0.252,1504735200,2258.12,616.73,ZRX/USD
0.2621,0.2707,0.2518,0.256,1504738800,1339.02,349.82,ZRX/USD
0.2622,0.2705,0.25,0.2621,1504742400,316.41,82.2,ZRX/USD
0.2617,0.2722,0.25,0.2622,1504746000,166.6,43.41,ZRX/USD
0.2668,0.2691,0.2406,0.2617,1504749600,768.46,196.05,ZRX/USD
0.2575,0.2661,0.2457,0.2457,1504753200,261.41,67.49,ZRX/USD
0.2534,0.2662,0.2424,0.2575,1504756800,1981.25,503.8,ZRX/USD
0.2603,0.2672,0.2422,0.2534,1504760400,636.94,162.8,ZRX/USD
0.266,0.2666,0.2567,0.2603,1504764000,1053.25,275.37,ZRX/USD
0.2547,0.2681,0.2505,0.266,1504767600,1468.44,381.35,ZRX/USD
0.2582,0.2676,0.2506,0.2547,1504771200,1550.14,399.2,ZRX/USD
0.2655,0.2786,0.249,0.2582,1504774800,1300.06,339.77,ZRX/USD
0.2698,0.284,0.2512,0.2655,1504778400,3524.18,981.28,ZRX/USD
0.282,0.284,0.2521,0.2698,1504782000,3454.31,965.84,ZRX/USD
0.2927,0.3055,0.2528,0.282,1504785600,5203.3,1527.44,ZRX/USD
0.2788,0.3057,0.2662,0.2927,1504789200,784.39,225.13,ZRX/USD
0.302,0.3029,0.2732,0.2788,1504792800,839.27,244.67,ZRX/USD
0.2994,0.305,0.2767,0.302,1504796400,849.32,252.57,ZRX/USD
0.3216,0.3362,0.2994,0.2994,1504800000,1521.73,475.96,ZRX/USD
0.2855,0.3333,0.283,0.3216,1504803600,1864.28,592.69,ZRX/USD
0.3072,0.3359,0.281,0.2855,1504807200,1696.74,502.86,ZRX/USD
0.2915,0.312,0.281,0.3072,1504810800,3225.88,952.12,ZRX/USD
0.2974,0.3088,0.2853,0.2915,1504814400,7348.28,2235.64,ZRX/USD
0.3047,0.3079,0.2828,0.2974,1504818000,907.46,269.01,ZRX/USD
0.3053,0.31,0.3009,0.3047,1504821600,611.33,186.77,ZRX/USD
0.3041,0.3351,0.3014,0.3053,1504825200,962.26,296.78,ZRX/USD
0.3256,0.34,0.3028,0.3041,1504828800,873.3,275.73,ZRX/USD
0.284,0.3377,0.284,0.3256,1504832400,1148.94,349.91,ZRX/USD
0.283,0.3166,0.283,0.284,1504836000,882.47,265.62,ZRX/USD
0.2959,0.3144,0.281,0.3109,1504839600,494.43,147.36,ZRX/USD
0.2919,0.303,0.29,0.2959,1504843200,463.45,137.22,ZRX/USD
0.2954,0.3084,0.2919,0.2919,1504846800,1262.54,375.75,ZRX/USD
0.2952,0.3274,0.2925,0.2954,1504850400,3474.31,1070.88,ZRX/USD
0.3172,0.34,0.2901,0.2952,1504854000,1297.54,398.79,ZRX/USD
0.3159,0.34,0.3,0.3172,1504857600,611.67,194.69,ZRX/USD
0.323,0.34,0.3,0.3159,1504861200,953.98,294.19,ZRX/USD
0.3287,0.3303,0.3,0.323,1504864800,1156.45,359.43,ZRX/USD
0.3191,0.3479,0.3025,0.3287,1504868400,655.68,216.64,ZRX/USD
0.31,0.3388,0.3,0.3191,1504872000,1443.88,452.08,ZRX/USD
0.2767,0.3275,0.2755,0.31,1504875600,4466.76,1305.47,ZRX/USD
0.2421,0.281,0.2121,0.2767,1504879200,7213.39,1741.81,ZRX/USD
0.2555,0.3081,0.2238,0.2421,1504882800,4282.61,1163.99,ZRX/USD
0.3042,0.3125,0.2445,0.2555,1504886400,759.01,206.11,ZRX/USD
0.2871,0.3125,0.2339,0.3042,1504890000,1622.97,442.53,ZRX/USD
0.2796,0.31,0.258,0.2871,1504893600,1302.52,371.27,ZRX/USD
0.2488,0.297,0.2488,0.2796,1504897200,515.56,139.37,ZRX/USD
0.2374,0.29,0.2333,0.2488,1504900800,1097.59,286.88,ZRX/USD
0.2424,0.2747,0.2333,0.2374,1504904400,1341.09,341.63,ZRX/USD
0.2457,0.269,0.2382,0.2424,1504908000,180.97,45.2,ZRX/USD
0.2598,0.2598,0.2371,0.2457,1504911600,39.6,9.62,ZRX/USD
0.255,0.2598,0.2362,0.2598,1504915200,485.37,119.52,ZRX/USD
0.2389,0.2635,0.2319,0.255,1504918800,3822.42,944.33,ZRX/USD
0.2331,0.2615,0.2323,0.2389,1504922400,990.63,245.9,ZRX/USD
0.2505,0.27,0.2319,0.2379,1504926000,389.0,99.02,ZRX/USD
0.239,0.2669,0.228,0.2505,1504929600,1663.52,396.44,ZRX/USD
0.264,0.2675,0.228,0.239,1504933200,1102.56,275.45,ZRX/USD
0.2417,0.2681,0.2315,0.2563,1504936800,691.43,174.42,ZRX/USD
0.2595,0.2686,0.2417,0.2417,1504940400,429.5,109.81,ZRX/USD
0.2469,0.27,0.2465,0.2595,1504944000,226.65,58.08,ZRX/USD
0.2609,0.2733,0.2469,0.2469,1504947600,1173.1,307.29,ZRX/USD
0.2697,0.2734,0.245,0.2609,1504951200,1606.86,415.12,ZRX/USD
0.259,0.275,0.2466,0.2697,1504954800,956.53,247.84,ZRX/USD
0.2518,0.27,0.2465,0.259,1504958400,800.99,207.09,ZRX/USD
0.2487,0.26,0.2457,0.2518,1504962000,859.72,217.52,ZRX/USD
0.2455,0.27,0.2351,0.2487,1504965600,1542.46,375.81,ZRX/USD
0.2495,0.2674,0.2391,0.2455,1504969200,887.87,225.92,ZRX/USD
0.2428,0.2584,0.2414,0.2495,1504972800,953.51,238.96,ZRX/USD
0.2536,0.2569,0.2417,0.2428,1504976400,546.44,136.31,ZRX/USD
0.2487,0.2578,0.2418,0.2536,1504980000,550.07,137.39,ZRX/USD
0.2469,0.2578,0.2418,0.2487,1504983600,838.99,209.67,ZRX/USD
0.2467,0.2676,0.242,0.2469,1504987200,1199.08,305.88,ZRX/USD
0.2553,0.2676,0.244,0.2467,1504990800,1081.64,277.24,ZRX/USD
0.2563,0.269,0.2439,0.2553,1504994400,944.31,242.85,ZRX/USD
0.2483,0.2667,0.2444,0.2563,1504998000,350.93,89.49,ZRX/USD
0.2625,0.2671,0.2439,0.2483,1505001600,1196.02,307.16,ZRX/USD
0.252,0.2674,0.2441,0.2625,1505005200,1082.04,278.13,ZRX/USD
0.2447,0.267,0.2447,0.252,1505008800,131.68,33.75,ZRX/USD
0.251,0.2628,0.2485,0.2538,1505012400,106.22,26.88,ZRX/USD
0.2667,0.27,0.2429,0.251,1505016000,475.77,122.95,ZRX/USD
0.2364,0.27,0.2341,0.2667,1505019600,3183.99,793.47,ZRX/USD
0.2226,0.2608,0.11,0.2364,1505023200,1777.55,388.95,ZRX/USD
0.2322,0.2358,0.1573,0.2226,1505026800,892.67,181.76,ZRX/USD
0.2196,0.2358,0.1796,0.2322,1505030400,1167.43,240.15,ZRX/USD
0.232,0.2358,0.1821,0.2196,1505034000,441.69,91.29,ZRX/USD
0.1981,0.2358,0.198,0.232,1505037600,1003.26,217.62,ZRX/USD
0.1954,0.2358,0.1928,0.1981,1505041200,462.3,98.2,ZRX/USD
0.2067,0.2358,0.1928,0.1954,1505044800,195.69,40.77,ZRX/USD
0.2092,0.2358,0.1928,0.2067,1505048400,1368.45,294.02,ZRX/USD
0.223,0.2377,0.1987,0.2092,1505052000,2472.54,550.12,ZRX/USD
0.2377,0.2377,0.2032,0.223,1505055600,806.66,178.01,ZRX/USD
0.2159,0.24,0.2073,0.2377,1505059200,903.93,202.8,ZRX/USD
0.2361,0.2561,0.2051,0.2159,1505062800,2017.35,468.78,ZRX/USD
0.2302,0.254,0.2268,0.2361,1505066400,1204.61,288.14,ZRX/USD
0.2466,0.2482,0.2273,0.2302,1505070000,1480.34,349.6,ZRX/USD
0.2407,0.2482,0.2313,0.2466,1505073600,787.23,188.97,ZRX/USD
0.2488,0.2506,0.2315,0.2407,1505077200,368.25,88.79,ZRX/USD
0.2464,0.2542,0.2161,0.2488,1505080800,1237.02,289.86,ZRX/USD
0.23,0.2464,0.2248,0.2464,1505084400,42.84,9.97,ZRX/USD
0.252,0.252,0.23,0.23,1505088000,75.88,19.12,ZRX/USD
0.252,0.252,0.252,0.252,1505091600,0.0,0.0,ZRX/USD
0.2454,0.252,0.22,0.252,1505095200,644.01,142.05,ZRX/USD
0.2253,0.2532,0.2232,0.2253,1505098800,517.47,123.23,ZRX/USD
0.2325,0.2561,0.22,0.2253,1505102400,1873.81,441.73,ZRX/USD
0.2364,0.2526,0.2223,0.2325,1505106000,70.25,16.7,ZRX/USD
0.2366,0.2366,0.236,0.2364,1505109600,70.79,16.72,ZRX/USD
0.2472,0.3077,0.2232,0.2366,1505113200,2659.89,650.89,ZRX/USD
0.3056,0.32,0.229,0.2472,1505116800,1918.07,532.06,ZRX/USD
0.2541,0.32,0.229,0.3056,1505120400,1068.35,291.98,ZRX/USD
0.27,0.32,0.2437,0.2541,1505124000,1156.12,327.58,ZRX/USD
0.2803,0.3107,0.254,0.27,1505127600,1351.99,361.55,ZRX/USD
0.2589,0.2989,0.2551,0.2803,1505131200,538.76,148.75,ZRX/USD
0.2729,0.2961,0.251,0.2589,1505134800,1114.68,298.5,ZRX/USD
0.2709,0.2892,0.2542,0.2729,1505138400,517.17,139.33,ZRX/USD
0.2805,0.282,0.258,0.2709,1505142000,1191.64,321.47,ZRX/USD
0.2795,0.2817,0.2537,0.2805,1505145600,3830.75,989.4,ZRX/USD
0.2732,0.28,0.2546,0.2795,1505149200,680.0,181.95,ZRX/USD
0.2739,0.2807,0.2537,0.2732,1505152800,799.25,213.83,ZRX/USD
0.2629,0.281,0.256,0.2739,1505156400,1315.85,348.22,ZRX/USD
0.2632,0.2805,0.2571,0.2629,1505160000,1346.14,358.53,ZRX/USD
0.2641,0.2817,0.256,0.2632,1505163600,1179.56,316.72,ZRX/USD
0.286,0.2892,0.256,0.2641,1505167200,867.43,232.45,ZRX/USD
0.2672,0.2945,0.251,0.286,1505170800,1319.21,352.75,ZRX/USD
0.2822,0.2842,0.254,0.2672,1505174400,665.55,178.81,ZRX/USD
0.2657,0.2843,0.2531,0.2822,1505178000,773.4,206.99,ZRX/USD
0.2834,0.2834,0.2588,0.2657,1505181600,120.68,32.98,ZRX/USD
0.2942,0.2951,0.2515,0.289,1505185200,294.85,82.13,ZRX/USD
0.2919,0.299,0.2515,0.2942,1505188800,1215.25,334.53,ZRX/USD
0.2722,0.2929,0.2518,0.2919,1505192400,1038.13,285.06,ZRX/USD
0.2793,0.3,0.2605,0.2722,1505196000,7242.53,2092.85,ZRX/USD
0.2737,0.304,0.2727,0.2793,1505199600,1163.51,336.66,ZRX/USD
0.2852,0.3037,0.2727,0.2737,1505203200,3499.18,1050.74,ZRX/USD
0.2719,0.3017,0.2518,0.2852,1505206800,783.02,221.85,ZRX/USD
0.2832,0.2966,0.2575,0.2719,1505210400,331.44,93.3,ZRX/USD
0.2862,0.2998,0.2577,0.2832,1505214000,460.37,127.85,ZRX/USD
0.2809,0.3006,0.254,0.2862,1505217600,431.5,113.38,ZRX/USD
0.2682,0.2959,0.254,0.2809,1505221200,477.95,130.51,ZRX/USD
0.2612,0.2902,0.2582,0.2682,1505224800,783.31,210.72,ZRX/USD
0.2601,0.2962,0.2563,0.2612,1505228400,984.81,270.25,ZRX/USD
0.2682,0.2926,0.2564,0.2601,1505232000,2221.26,616.55,ZRX/USD
0.2699,0.2905,0.263,0.2682,1505235600,1155.52,316.35,ZRX/USD
0.2527,0.2783,0.2518,0.2699,1505239200,864.98,227.22,ZRX/USD
0.2742,0.2821,0.251,0.2527,1505242800,1016.58,261.16,ZRX/USD
0.2626,0.2799,0.2527,0.2742,1505246400,489.62,131.45,ZRX/USD
0.283,0.283,0.2519,0.2626,1505250000,648.85,172.34,ZRX/USD
0.2582,0.2838,0.2523,0.283,1505253600,840.37,224.63,ZRX/USD
0.2534,0.2841,0.2534,0.2582,1505257200,759.01,203.09,ZRX/USD
0.2529,0.2832,0.2529,0.2534,1505260800,190.81,50.69,ZRX/USD
0.2636,0.2636,0.25,0.2529,1505264400,399.8,100.72,ZRX/USD
0.2636,0.2636,0.2636,0.2636,1505268000,0.0,0.0,ZRX/USD
0.23,0.2802,0.23,0.2495,1505271600,360.31,92.28,ZRX/USD
0.2707,0.2802,0.2278,0.23,1505275200,1614.87,406.3,ZRX/USD
0.2624,0.2783,0.228,0.2707,1505278800,1827.41,463.86,ZRX/USD
0.2631,0.2713,0.2256,0.2624,1505282400,1502.74,368.59,ZRX/USD
0.2527,0.267,0.2262,0.2631,1505286000,967.1,238.81,ZRX/USD
0.2302,0.2623,0.2248,0.2527,1505289600,1004.46,245.46,ZRX/USD
0.26,0.2692,0.2214,0.2302,1505293200,920.39,223.74,ZRX/USD
0.2496,0.2667,0.2259,0.26,1505296800,1129.72,278.68,ZRX/USD
0.2306,0.2609,0.2242,0.2496,1505300400,1175.93,282.15,ZRX/USD
0.2126,0.2575,0.201,0.2306,1505304000,1792.38,396.19,ZRX/USD
0.2358,0.2529,0.2081,0.2126,1505307600,893.96,205.81,ZRX/USD
0.2187,0.2483,0.2082,0.2358,1505311200,873.49,197.16,ZRX/USD
0.2279,0.2382,0.2059,0.2187,1505314800,987.84,218.89,ZRX/USD
0.2324,0.24,0.2137,0.2279,1505318400,4503.65,1038.16,ZRX/USD
0.2251,0.2335,0.216,0.2324,1505322000,1278.88,286.03,ZRX/USD
0.2132,0.2276,0.2114,0.2251,1505325600,1447.12,313.89,ZRX/USD
0.2209,0.2266,0.2132,0.2132,1505329200,965.42,213.22,ZRX/USD
0.2265,0.2276,0.2174,0.2209,1505332800,1079.46,240.1,ZRX/USD
0.2348,0.24,0.2128,0.2265,1505336400,950.95,214.97,ZRX/USD
0.226,0.2374,0.2125,0.2348,1505340000,965.14,217.45,ZRX/USD
0.2321,0.2377,0.2128,0.226,1505343600,865.53,195.32,ZRX/USD
0.2312,0.2374,0.2118,0.2321,1505347200,764.07,172.39,ZRX/USD
0.2183,0.2365,0.2126,0.2312,1505350800,1135.78,255.86,ZRX/USD
0.2247,0.2371,0.2128,0.2183,1505354400,858.63,192.17,ZRX/USD
0.2085,0.2329,0.2039,0.2308,1505358000,150.66,33.08,ZRX/USD
0.2229,0.2316,0.2034,0.2085,1505361600,611.2,131.73,ZRX/USD
0.2188,0.2276,0.2046,0.2229,1505365200,904.52,196.33,ZRX/USD
0.2243,0.2246,0.2129,0.2188,1505368800,1334.02,292.54,ZRX/USD
0.229,0.2331,0.2203,0.2243,1505372400,1084.96,243.2,ZRX/USD
0.221,0.2357,0.2142,0.229,1505376000,1147.77,258.72,ZRX/USD
0.2137,0.2338,0.2137,0.221,1505379600,891.49,199.34,ZRX/USD
0.2317,0.2317,0.2121,0.2137,1505383200,924.98,200.99,ZRX/USD
0.2221,0.2324,0.1838,0.2317,1505386800,2827.64,584.4,ZRX/USD
0.1898,0.225,0.1793,0.2221,1505390400,3235.51,647.27,ZRX/USD
0.2103,0.2336,0.1798,0.1898,1505394000,1606.64,331.22,ZRX/USD
0.1824,0.2178,0.1772,0.2103,1505397600,1436.64,289.81,ZRX/USD
0.2152,0.2152,0.1779,0.1824,1505401200,1523.07,301.68,ZRX/USD
0.1742,0.218,0.1558,0.2152,1505404800,2894.46,526.86,ZRX/USD
0.2062,0.2149,0.158,0.1742,1505408400,3365.08,611.72,ZRX/USD
0.1959,0.2149,0.1566,0.2062,1505412000,1986.72,374.63,ZRX/USD
0.1949,0.2114,0.1575,0.1959,1505415600,2242.1,418.34,ZRX/USD
0.1992,0.2111,0.1651,0.1949,1505419200,2015.82,371.36,ZRX/USD
0.1641,0.2149,0.136,0.1992,1505422800,2759.46,513.76,ZRX/USD
0.1807,0.2113,0.1408,0.1641,1505426400,2734.64,501.44,ZRX/USD
0.1699,0.2102,0.1526,0.1807,1505430000,1743.99,320.91,ZRX/USD
0.1682,0.2148,0.142,0.1699,1505433600,2509.82,452.4,ZRX/USD
0.1871,0.2104,0.1407,0.1682,1505437200,1947.39,341.98,ZRX/USD
0.1643,0.2149,0.1557,0.1871,1505440800,2292.24,415.72,ZRX/USD
0.1516,0.1977,0.1494,0.1785,1505444400,1530.66,266.08,ZRX/USD
0.1627,0.1969,0.1398,0.1516,1505448000,3207.06,538.19,ZRX/USD
0.1781,0.1873,0.1539,0.1627,1505451600,1315.61,222.17,ZRX/USD
0.1814,0.1881,0.1627,0.1781,1505455200,367.98,63.23,ZRX/USD
0.1807,0.1884,0.1637,0.1814,1505458800,1500.65,269.01,ZRX/USD
0.1752,0.1879,0.1638,0.1807,1505462400,1703.58,295.77,ZRX/USD
0.1752,0.1752,0.1752,0.1752,1505466000,0.0,0.0,ZRX/USD
0.1503,0.1752,0.131,0.1752,1505469600,4209.46,633.02,ZRX/USD
0.153,0.1644,0.1403,0.1561,1505473200,612.58,93.34,ZRX/USD
0.1585,0.1969,0.131,0.153,1505476800,3500.02,594.96,ZRX/USD
0.1767,0.1987,0.1464,0.1585,1505480400,4460.37,735.09,ZRX/USD
0.1982,0.1982,0.1713,0.1767,1505484000,686.03,123.51,ZRX/USD
0.1982,0.1982,0.1982,0.1982,1505487600,0.0,0.0,ZRX/USD
0.1982,0.1982,0.1982,0.1982,1505491200,0.0,0.0,ZRX/USD
0.1982,0.1982,0.1982,0.1982,1505494800,0.0,0.0,ZRX/USD
0.2014,0.2119,0.1733,0.1982,1505498400,2089.08,401.11,ZRX/USD
0.1858,0.2169,0.1709,0.2014,1505502000,1664.8,321.1,ZRX/USD
0.2047,0.2166,0.1698,0.1858,1505505600,2470.74,503.68,ZRX/USD
0.2047,0.2047,0.2047,0.2047,1505509200,0.0,0.0,ZRX/USD
0.2169,0.2215,0.2047,0.2047,1505512800,1839.66,395.61,ZRX/USD
0.1924,0.2231,0.1676,0.2137,1505516400,4501.12,874.81,ZRX/USD
0.1881,0.2223,0.1782,0.1924,1505520000,1581.35,315.79,ZRX/USD
0.1976,0.221,0.1881,0.1881,1505523600,212.85,43.06,ZRX/USD
0.1976,0.1976,0.1976,0.1976,1505527200,0.0,0.0,ZRX/USD
0.216,0.2444,0.1976,0.1976,1505530800,1822.23,403.03,ZRX/USD
0.2319,0.245,0.2063,0.216,1505534400,2412.78,550.11,ZRX/USD
0.2139,0.2489,0.192,0.2319,1505538000,1660.58,367.75,ZRX/USD
0.2013,0.2488,0.1952,0.2139,1505541600,1315.81,297.76,ZRX/USD
0.2013,0.2013,0.2013,0.2013,1505545200,0.0,0.0,ZRX/USD
0.2361,0.2377,0.2013,0.2013,1505548800,614.07,133.48,ZRX/USD
0.2093,0.2372,0.204,0.2361,1505552400,1105.67,243.19,ZRX/USD
0.1993,0.2341,0.1928,0.2093,1505556000,2951.93,618.09,ZRX/USD
0.2072,0.2208,0.1977,0.1993,1505559600,163.7,33.82,ZRX/USD
0.2072,0.2072,0.2072,0.2072,1505563200,0.0,0.0,ZRX/USD
0.2145,0.2203,0.1958,0.2072,1505566800,941.22,193.47,ZRX/USD
0.1558,0.2105,0.131,0.2045,1505570400,6726.11,1129.24,ZRX/USD
0.1691,0.211,0.131,0.1558,1505574000,1901.23,326.83,ZRX/USD
0.1691,0.1691,0.1691,0.1691,1505577600,0.0,0.0,ZRX/USD
0.1691,0.1691,0.1691,0.1691,1505581200,0.0,0.0,ZRX/USD
0.1816,0.209,0.1673,0.1691,1505584800,1544.41,295.71,ZRX/USD
0.2086,0.2094,0.1724,0.1816,1505588400,2486.44,470.51,ZRX/USD
0.1915,0.212,0.1566,0.2086,1505592000,2094.58,391.73,ZRX/USD
0.1978,0.212,0.1732,0.1915,1505595600,1877.35,358.16,ZRX/USD
0.1989,0.21,0.1779,0.1978,1505599200,2058.94,402.26,ZRX/USD
0.1969,0.212,0.181,0.1989,1505602800,1927.17,380.44,ZRX/USD
0.2082,0.2102,0.1822,0.1969,1505606400,1808.47,359.0,ZRX/USD
0.1989,0.2105,0.1848,0.2082,1505610000,2500.49,497.05,ZRX/USD
0.193,0.2106,0.1864,0.1989,1505613600,1448.87,287.6,ZRX/USD
0.1983,0.2121,0.1827,0.193,1505617200,2591.01,528.44,ZRX/USD
0.1936,0.2105,0.1848,0.1983,1505620800,1224.43,243.74,ZRX/USD
0.2011,0.2107,0.1821,0.1936,1505624400,1329.29,264.6,ZRX/USD
0.2003,0.2108,0.185,0.2011,1505628000,1636.18,326.2,ZRX/USD
0.2081,0.2107,0.1888,0.2003,1505631600,1386.43,278.54,ZRX/USD
0.1903,0.2106,0.189,0.2081,1505635200,1279.26,256.21,ZRX/USD
0.1924,0.2106,0.189,0.1903,1505638800,1095.33,217.67,ZRX/USD
0.1909,0.2106,0.1889,0.1924,1505642400,958.55,191.07,ZRX/USD
0.1931,0.2093,0.1863,0.1909,1505646000,1453.79,291.34,ZRX/USD
0.197,0.2107,0.1871,0.1931,1505649600,1566.76,314.95,ZRX/USD
0.1885,0.2107,0.1864,0.197,1505653200,1382.7,274.44,ZRX/USD
0.2052,0.2105,0.1868,0.1885,1505656800,1274.7,254.06,ZRX/USD
0.2032,0.211,0.1868,0.2052,1505660400,1352.79,271.52,ZRX/USD
0.2084,0.2109,0.1914,0.2032,1505664000,1108.35,221.47,ZRX/USD
0.2064,0.2103,0.1918,0.2084,1505667600,1918.77,392.35,ZRX/USD
0.1977,0.2121,0.1915,0.2064,1505671200,1521.13,309.44,ZRX/USD
0.2082,0.211,0.1923,0.1977,1505674800,1329.19,270.68,ZRX/USD
0.2108,0.2121,0.1953,0.2082,1505678400,1710.62,349.18,ZRX/USD
0.194,0.2121,0.1921,0.2108,1505682000,1556.5,317.97,ZRX/USD
0.2028,0.2109,0.194,0.194,1505685600,1817.61,375.51,ZRX/USD
0.2013,0.2114,0.2011,0.2028,1505689200,1358.54,281.2,ZRX/USD
0.2042,0.2115,0.2007,0.2013,1505692800,1267.33,261.05,ZRX/USD
0.2082,0.2238,0.201,0.2042,1505696400,2270.0,480.12,ZRX/USD
0.2113,0.2272,0.2038,0.2082,1505700000,2088.37,445.62,ZRX/USD
0.2287,0.2287,0.2058,0.2113,1505703600,2170.61,471.15,ZRX/USD
0.2105,0.2287,0.2083,0.2287,1505707200,2598.47,567.84,ZRX/USD
0.237,0.237,0.2076,0.2105,1505710800,1913.21,423.62,ZRX/USD
0.2279,0.2374,0.2071,0.237,1505714400,1610.42,357.99,ZRX/USD
0.2369,0.2393,0.207,0.2279,1505718000,1064.89,243.38,ZRX/USD
0.2369,0.2369,0.2369,0.2369,1505721600,0.0,0.0,ZRX/USD
0.2369,0.2369,0.2369,0.2369,1505725200,0.0,0.0,ZRX/USD
0.2369,0.2369,0.2369,0.2369,1505728800,0.0,0.0,ZRX/USD
0.2198,0.2369,0.2081,0.2369,1505732400,1735.18,384.26,ZRX/USD
0.2222,0.2349,0.2104,0.2198,1505736000,1365.43,304.64,ZRX/USD
0.2307,0.242,0.2136,0.2222,1505739600,1458.65,332.04,ZRX/USD
0.2398,0.242,0.2211,0.2307,1505743200,1833.38,425.56,ZRX/USD
0.2359,0.2473,0.2226,0.2398,1505746800,1866.21,436.66,ZRX/USD
0.2308,0.2472,0.2229,0.2359,1505750400,1518.09,357.64,ZRX/USD
0.2416,0.2484,0.2227,0.2308,1505754000,1565.67,367.75,ZRX/USD
0.2475,0.25,0.2246,0.2416,1505757600,2813.07,688.36,ZRX/USD
0.237,0.2504,0.2235,0.2475,1505761200,1446.26,347.82,ZRX/USD
0.2476,0.2509,0.2342,0.237,1505764800,1498.84,362.21,ZRX/USD
0.2365,0.251,0.2343,0.2476,1505768400,1167.32,282.99,ZRX/USD
0.2454,0.2496,0.2302,0.2365,1505772000,1147.2,276.51,ZRX/USD
0.2331,0.2496,0.2292,0.2454,1505775600,1156.79,276.62,ZRX/USD
0.2331,0.2487,0.2291,0.2423,1505779200,1068.5,255.1,ZRX/USD
0.2425,0.2487,0.229,0.2331,1505782800,1002.16,239.91,ZRX/USD
0.2313,0.2483,0.2295,0.2425,1505786400,1023.99,240.69,ZRX/USD
0.2438,0.2481,0.2288,0.2313,1505790000,1040.35,247.34,ZRX/USD
0.2386,0.2467,0.2246,0.2438,1505793600,1113.68,264.56,ZRX/USD
0.2342,0.2459,0.2211,0.2386,1505797200,4257.82,961.02,ZRX/USD
0.2273,0.2386,0.2211,0.2342,1505800800,1976.01,454.63,ZRX/USD
0.2245,0.2369,0.2211,0.2273,1505804400,3369.2,757.43,ZRX/USD
0.2347,0.2467,0.2221,0.2245,1505808000,1396.64,326.15,ZRX/USD
0.2211,0.246,0.2211,0.2347,1505811600,1556.45,359.4,ZRX/USD
0.2297,0.2425,0.2211,0.2211,1505815200,1291.03,297.32,ZRX/USD
0.2273,0.246,0.2227,0.2297,1505818800,1182.6,276.91,ZRX/USD
0.2231,0.2436,0.2069,0.2273,1505822400,5683.0,1251.53,ZRX/USD
0.2135,0.2433,0.2134,0.2231,1505826000,1610.59,365.25,ZRX/USD
0.2278,0.2425,0.2135,0.2135,1505829600,1439.31,329.29,ZRX/USD
0.2171,0.24,0.2128,0.2278,1505833200,2128.48,471.86,ZRX/USD
0.2136,0.2346,0.2126,0.2171,1505836800,1369.37,306.05,ZRX/USD
0.2228,0.235,0.211,0.2136,1505840400,2572.78,560.42,ZRX/USD
0.2271,0.2278,0.21,0.2228,1505844000,1880.64,410.35,ZRX/USD
0.2169,0.2279,0.21,0.2271,1505847600,1654.0,360.14,ZRX/USD
0.22,0.2238,0.202,0.2169,1505851200,2384.65,508.56,ZRX/USD
0.2117,0.2229,0.2019,0.22,1505854800,1634.55,345.47,ZRX/USD
0.2049,0.2221,0.2044,0.2117,1505858400,1280.33,273.37,ZRX/USD
0.2041,0.2236,0.204,0.2049,1505862000,1165.11,248.8,ZRX/USD
0.2115,0.2237,0.2014,0.2041,1505865600,1389.59,296.05,ZRX/USD
0.2199,0.222,0.2016,0.2115,1505869200,1163.02,245.66,ZRX/USD
0.212,0.2225,0.2015,0.2199,1505872800,1122.78,238.4,ZRX/USD
0.2207,0.2224,0.2019,0.212,1505876400,1050.29,222.39,ZRX/USD
0.1975,0.2224,0.1956,0.2207,1505880000,1190.28,249.41,ZRX/USD
0.2069,0.221,0.1954,0.1975,1505883600,1746.56,362.91,ZRX/USD
0.2148,0.2187,0.1958,0.2069,1505887200,1595.55,327.69,ZRX/USD
0.1992,0.2186,0.1939,0.2148,1505890800,1952.33,395.36,ZRX/USD
0.2061,0.2183,0.1955,0.1992,1505894400,1168.29,241.34,ZRX/USD
0.2077,0.2187,0.1968,0.2061,1505898000,1121.56,232.62,ZRX/USD
0.2166,0.2187,0.1955,0.2077,1505901600,1359.42,282.34,ZRX/USD
0.2084,0.2186,0.1958,0.2166,1505905200,1148.93,239.6,ZRX/USD
0.1979,0.2177,0.1944,0.2084,1505908800,2472.27,497.45,ZRX/USD
0.2024,0.22,0.1952,0.1979,1505912400,1377.43,281.53,ZRX/USD
0.2026,0.2187,0.1944,0.2024,1505916000,2490.42,506.21,ZRX/USD
0.216,0.2187,0.1941,0.2026,1505919600,3752.1,770.11,ZRX/USD
0.2028,0.2188,0.2017,0.216,1505923200,1652.74,345.84,ZRX/USD
0.2107,0.2188,0.2013,0.2028,1505926800,1340.15,280.37,ZRX/USD
0.2131,0.2186,0.2035,0.2107,1505930400,1460.25,307.22,ZRX/USD
0.2172,0.2188,0.2026,0.2131,1505934000,2089.78,433.21,ZRX/USD
0.2178,0.22,0.2036,0.2172,1505937600,1323.84,279.81,ZRX/USD
0.2043,0.2188,0.2026,0.2178,1505941200,2453.55,509.08,ZRX/USD
0.2138,0.219,0.2035,0.2043,1505944800,1131.65,239.54,ZRX/USD
0.2111,0.2191,0.2035,0.2138,1505948400,1279.12,268.23,ZRX/USD
0.2124,0.2189,0.2025,0.2111,1505952000,2557.43,528.19,ZRX/USD
0.2121,0.2189,0.2016,0.2124,1505955600,2327.18,480.29,ZRX/USD
0.2078,0.2186,0.1954,0.2121,1505959200,1978.07,414.28,ZRX/USD
0.2088,0.218,0.1957,0.2078,1505962800,1426.36,293.96,ZRX/USD
0.2051,0.2185,0.1953,0.2088,1505966400,1217.88,252.31,ZRX/USD
0.1988,0.217,0.1953,0.2051,1505970000,1545.3,316.22,ZRX/USD
0.1939,0.2135,0.1939,0.1988,1505973600,11742.17,2282.77,ZRX/USD
0.1918,0.1939,0.1912,0.1939,1505977200,7935.62,1538.11,ZRX/USD
0.1936,0.1939,0.1909,0.1918,1505980800,2660.41,512.08,ZRX/USD
0.1876,0.1939,0.185,0.1936,1505984400,2405.17,456.4,ZRX/USD
0.1924,0.1939,0.185,0.1876,1505988000,1816.08,344.44,ZRX/USD
0.1828,0.2134,0.18,0.1924,1505991600,4049.78,759.57,ZRX/USD
0.1845,0.19,0.1797,0.1828,1505995200,2584.32,477.2,ZRX/USD
0.1878,0.19,0.1804,0.1845,1505998800,2970.62,555.64,ZRX/USD
0.1848,0.19,0.1804,0.1878,1506002400,1810.92,334.66,ZRX/USD
0.1812,0.188,0.1798,0.1848,1506006000,1625.01,298.51,ZRX/USD
0.1737,0.1872,0.17,0.1812,1506009600,2523.58,455.65,ZRX/USD
0.1667,0.185,0.16,0.1737,1506013200,3707.23,644.64,ZRX/USD
0.1757,0.1859,0.16,0.1667,1506016800,15562.43,2537.27,ZRX/USD
0.1706,0.18,0.1583,0.1757,1506020400,2864.69,487.86,ZRX/USD
0.1679,0.18,0.158,0.1706,1506024000,2593.81,438.07,ZRX/USD
0.1731,0.19,0.1585,0.1679,1506027600,2069.6,361.56,ZRX/USD
0.1747,0.1899,0.1588,0.1731,1506031200,1856.53,322.24,ZRX/USD
0.1793,0.1881,0.1586,0.1747,1506034800,1445.89,248.91,ZRX/USD
0.1783,0.1877,0.1588,0.1793,1506038400,1451.93,250.84,ZRX/USD
0.1886,0.1888,0.1595,0.1783,1506042000,2082.13,371.74,ZRX/USD
0.1714,0.1899,0.1696,0.1886,1506045600,2350.29,425.54,ZRX/USD
0.1869,0.1888,0.1709,0.1714,1506049200,1780.64,320.04,ZRX/USD
0.1841,0.19,0.1747,0.1869,1506052800,2687.0,492.8,ZRX/USD
0.1812,0.1888,0.1747,0.1841,1506056400,1466.99,265.33,ZRX/USD
0.1754,0.189,0.1724,0.1812,1506060000,1419.56,258.36,ZRX/USD
0.1843,0.1899,0.1707,0.1754,1506063600,1754.07,318.5,ZRX/USD
0.1788,0.1866,0.1719,0.1843,1506067200,1865.74,333.38,ZRX/USD
0.1735,0.1793,0.1718,0.1788,1506070800,2522.63,439.54,ZRX/USD
0.1729,0.175,0.1702,0.1735,1506074400,2517.66,434.25,ZRX/USD
0.1714,0.1747,0.1704,0.1729,1506078000,1875.47,323.39,ZRX/USD
0.1729,0.1747,0.1707,0.1714,1506081600,1965.2,338.15,ZRX/USD
0.1749,0.1766,0.1715,0.1729,1506085200,1955.37,339.88,ZRX/USD
0.1742,0.185,0.1714,0.1749,1506088800,1562.61,273.33,ZRX/USD
0.1759,0.1842,0.171,0.1742,1506092400,2522.09,445.56,ZRX/USD
0.1719,0.1852,0.171,0.1759,1506096000,1891.12,337.06,ZRX/USD
0.1847,0.1853,0.171,0.1719,1506099600,2314.71,407.56,ZRX/USD
0.1794,0.1854,0.1718,0.1847,1506103200,1479.11,264.88,ZRX/USD
0.1806,0.1808,0.179,0.1794,1506106800,1597.04,286.99,ZRX/USD
0.181,0.181,0.1792,0.1806,1506110400,1512.22,273.15,ZRX/USD
0.178,0.181,0.174,0.181,1506114000,1749.8,314.35,ZRX/USD
0.1797,0.1825,0.1599,0.178,1506117600,2896.56,500.64,ZRX/USD
0.1798,0.1798,0.1593,0.1797,1506121200,3062.27,523.25,ZRX/USD
0.1931,0.1991,0.1593,0.1798,1506124800,3327.99,602.97,ZRX/USD
0.1924,0.1978,0.1605,0.1931,1506128400,2382.07,425.33,ZRX/USD
0.1768,0.1982,0.1648,0.1924,1506132000,2958.88,529.44,ZRX/USD
0.1634,0.1977,0.1615,0.1768,1506135600,1602.64,283.05,ZRX/USD
0.1748,0.1978,0.163,0.1634,1506139200,1660.62,300.18,ZRX/USD
0.1964,0.1985,0.1623,0.1748,1506142800,2761.84,517.09,ZRX/USD
0.1938,0.1993,0.1827,0.1964,1506146400,6950.21,1334.96,ZRX/USD
0.1874,0.1992,0.1816,0.1938,1506150000,7016.2,1335.57,ZRX/USD
0.1829,0.2,0.181,0.1874,1506153600,1453.92,276.15,ZRX/USD
0.1938,0.199,0.1814,0.1829,1506157200,1348.74,255.46,ZRX/USD
0.1985,0.2,0.1812,0.1938,1506160800,1432.62,273.49,ZRX/USD
0.1975,0.1987,0.1813,0.1985,1506164400,1382.32,264.4,ZRX/USD
0.185,0.1989,0.1817,0.1975,1506168000,1240.53,236.32,ZRX/USD
0.1896,0.1988,0.1813,0.185,1506171600,1364.95,258.2,ZRX/USD
0.1828,0.1989,0.182,0.1896,1506175200,1695.34,321.62,ZRX/USD
0.189,0.1983,0.18,0.1828,1506178800,1480.16,275.65,ZRX/USD
0.186,0.1979,0.18,0.189,1506182400,1644.4,313.25,ZRX/USD
0.1899,0.1978,0.181,0.186,1506186000,1191.39,226.73,ZRX/USD
0.1869,0.1968,0.183,0.1899,1506189600,1536.82,290.67,ZRX/USD
0.1931,0.1958,0.1815,0.1869,1506193200,1505.47,281.95,ZRX/USD
0.1966,0.198,0.1811,0.1931,1506196800,1507.89,286.8,ZRX/USD
0.1942,0.1976,0.1816,0.1966,1506200400,1965.85,376.5,ZRX/USD
0.1898,0.1986,0.1811,0.1942,1506204000,1120.89,212.47,ZRX/USD
0.1877,0.1986,0.1811,0.1898,1506207600,1372.15,260.17,ZRX/USD
0.1908,0.1989,0.18,0.1877,1506211200,1535.22,290.04,ZRX/USD
0.1812,0.199,0.1811,0.1908,1506214800,1241.12,235.73,ZRX/USD
0.1894,0.1991,0.1812,0.1812,1506218400,1489.96,284.65,ZRX/USD
0.1905,0.1982,0.183,0.1894,1506222000,1295.32,248.46,ZRX/USD
0.1865,0.1988,0.182,0.1905,1506225600,1714.18,324.75,ZRX/USD
0.1845,0.1984,0.18,0.1865,1506229200,2492.93,462.11,ZRX/USD
0.1852,0.1985,0.1814,0.1845,1506232800,1803.97,338.42,ZRX/USD
0.1589,0.1899,0.1524,0.1852,1506236400,5637.95,982.73,ZRX/USD
0.1892,0.1893,0.153,0.1589,1506240000,4702.51,809.64,ZRX/USD
0.1827,0.1892,0.1526,0.1892,1506243600,3184.07,542.01,ZRX/USD
0.182,0.1874,0.1521,0.1827,1506247200,2146.47,365.99,ZRX/USD
0.1845,0.1874,0.1522,0.182,1506250800,2259.96,386.05,ZRX/USD
0.1679,0.187,0.1618,0.1845,1506254400,2720.68,478.48,ZRX/USD
0.1647,0.1878,0.1523,0.1679,1506258000,2215.38,378.33,ZRX/USD
0.1764,0.1894,0.1522,0.1647,1506261600,2082.21,345.82,ZRX/USD
0.1878,0.19,0.1525,0.1764,1506265200,1646.38,281.18,ZRX/USD
0.1725,0.1878,0.1535,0.1878,1506268800,1736.56,301.25,ZRX/USD
0.165,0.1839,0.1552,0.1725,1506272400,2450.25,410.84,ZRX/USD
0.1683,0.1786,0.1558,0.165,1506276000,1776.82,303.36,ZRX/USD
0.1751,0.1787,0.1651,0.1683,1506279600,2494.41,433.1,ZRX/USD
0.1738,0.1789,0.1563,0.1751,1506283200,1605.46,277.39,ZRX/USD
0.1774,0.179,0.1656,0.1738,1506286800,1470.08,252.64,ZRX/USD
0.1705,0.1789,0.1654,0.1774,1506290400,1617.42,278.48,ZRX/USD
0.1614,0.1766,0.1576,0.1705,1506294000,2191.7,369.95,ZRX/USD
0.1698,0.1787,0.1567,0.1614,1506297600,1913.95,321.53,ZRX/USD
0.1655,0.1784,0.1583,0.1698,1506301200,1665.44,280.44,ZRX/USD
0.1608,0.1876,0.1582,0.1655,1506304800,2570.88,439.87,ZRX/USD
0.1583,0.1886,0.1583,0.1608,1506308400,1825.98,319.81,ZRX/USD
0.1672,0.1881,0.1583,0.1583,1506312000,1682.27,288.5,ZRX/USD
0.1762,0.1841,0.1583,0.1672,1506315600,2206.56,380.2,ZRX/USD
0.1671,0.1834,0.1602,0.1762,1506319200,1896.92,329.13,ZRX/USD
0.1777,0.1801,0.166,0.1671,1506322800,1555.31,268.9,ZRX/USD
0.1676,0.1824,0.1657,0.1777,1506326400,1930.85,334.55,ZRX/USD
0.1761,0.1829,0.1667,0.1676,1506330000,1638.25,283.25,ZRX/USD
0.1736,0.184,0.1659,0.1761,1506333600,1813.64,313.78,ZRX/USD
0.1784,0.1822,0.1666,0.1736,1506337200,1391.36,242.71,ZRX/USD
0.1758,0.1817,0.1659,0.1784,1506340800,1317.71,227.9,ZRX/USD
0.1752,0.185,0.1662,0.1758,1506344400,2501.02,443.2,ZRX/USD
0.1693,0.188,0.1665,0.1752,1506348000,1775.16,316.75,ZRX/USD
0.1787,0.189,0.1665,0.1693,1506351600,1469.65,260.01,ZRX/USD
0.1694,0.1887,0.1664,0.1787,1506355200,1759.65,310.89,ZRX/USD
0.1856,0.1897,0.1666,0.1694,1506358800,3425.02,628.1,ZRX/USD
0.1686,0.1893,0.1686,0.1856,1506362400,2500.82,462.46,ZRX/USD
0.1778,0.1891,0.1686,0.1686,1506366000,1511.71,275.03,ZRX/USD
0.2021,0.2099,0.1735,0.1778,1506369600,2379.68,449.87,ZRX/USD
0.1872,0.21,0.1813,0.2021,1506373200,3493.58,685.8,ZRX/USD
0.2039,0.2094,0.1818,0.1872,1506376800,3188.1,637.68,ZRX/USD
0.205,0.2084,0.1817,0.2039,1506380400,1217.3,236.97,ZRX/USD
0.1965,0.21,0.1822,0.205,1506384000,1391.07,275.12,ZRX/USD
0.199,0.2086,0.1864,0.1965,1506387600,1599.65,316.61,ZRX/USD
0.1955,0.215,0.1848,0.199,1506391200,2096.82,421.86,ZRX/USD
0.2015,0.2131,0.1879,0.1955,1506394800,1827.85,363.59,ZRX/USD
0.2101,0.2129,0.1826,0.2015,1506398400,1708.94,343.83,ZRX/USD
0.1912,0.215,0.1848,0.2101,1506402000,12125.33,2259.98,ZRX/USD
0.1982,0.2134,0.1862,0.1912,1506405600,1408.37,280.48,ZRX/USD
0.1995,0.2131,0.1862,0.1982,1506409200,1363.64,266.24,ZRX/USD
0.192,0.2127,0.1869,0.1995,1506412800,1427.65,282.44,ZRX/USD
0.2063,0.2132,0.1884,0.192,1506416400,1825.27,363.09,ZRX/USD
0.1944,0.2124,0.1897,0.2063,1506420000,1574.33,311.87,ZRX/USD
0.2018,0.2072,0.1897,0.1944,1506423600,1356.86,268.25,ZRX/USD
0.1946,0.2082,0.1914,0.2018,1506427200,1238.57,247.2,ZRX/USD
0.2068,0.2069,0.1897,0.1946,1506430800,1236.92,245.31,ZRX/USD
0.2034,0.2082,0.1908,0.2068,1506434400,1095.63,218.48,ZRX/USD
0.2021,0.2069,0.1909,0.2034,1506438000,1270.41,252.76,ZRX/USD
0.1898,0.2067,0.1897,0.2021,1506441600,1676.13,329.36,ZRX/USD
0.197,0.2071,0.17,0.1898,1506445200,2675.99,509.81,ZRX/USD
0.1918,0.2027,0.1799,0.197,1506448800,2152.93,410.75,ZRX/USD
0.1798,0.2015,0.179,0.1918,1506452400,2544.17,487.09,ZRX/USD
0.193,0.2028,0.1793,0.1798,1506456000,1470.43,279.15,ZRX/USD
0.2061,0.2061,0.1816,0.193,1506459600,1342.33,258.97,ZRX/USD
0.2051,0.2066,0.1817,0.2061,1506463200,1619.76,310.82,ZRX/USD
0.1937,0.2081,0.1846,0.2051,1506466800,4008.23,799.75,ZRX/USD
0.193,0.2069,0.1879,0.1937,1506470400,1460.89,289.54,ZRX/USD
0.196,0.2067,0.1868,0.193,1506474000,1358.14,268.06,ZRX/USD
0.1935,0.2045,0.1874,0.196,1506477600,1476.02,291.09,ZRX/USD
0.1929,0.2036,0.187,0.1935,1506481200,1210.63,237.35,ZRX/USD
0.1973,0.2045,0.1867,0.1929,1506484800,1490.6,292.45,ZRX/USD
0.1968,0.2049,0.191,0.1973,1506488400,1351.71,267.65,ZRX/USD
0.1946,0.2058,0.191,0.1968,1506492000,4350.36,865.64,ZRX/USD
0.2064,0.2082,0.1919,0.1946,1506495600,2123.77,425.95,ZRX/USD
0.2047,0.21,0.1935,0.2064,1506499200,1631.72,330.0,ZRX/USD
0.2051,0.2099,0.1924,0.2047,1506502800,1375.17,278.33,ZRX/USD
0.1991,0.2183,0.1915,0.2051,1506506400,3926.68,829.84,ZRX/USD
0.2104,0.22,0.1968,0.1991,1506510000,2245.77,469.18,ZRX/USD
0.2173,0.2335,0.2011,0.2104,1506513600,2145.41,456.47,ZRX/USD
0.2322,0.2366,0.2074,0.2173,1506517200,4327.72,990.47,ZRX/USD
0.2244,0.2372,0.2235,0.2322,1506520800,2804.88,643.51,ZRX/USD
0.2267,0.2372,0.2235,0.2244,1506524400,2111.48,482.07,ZRX/USD
0.2285,0.2345,0.1975,0.2267,1506528000,2884.71,637.8,ZRX/USD
0.2153,0.2529,0.2038,0.2285,1506531600,2727.86,628.04,ZRX/USD
0.2206,0.26,0.2124,0.2153,1506535200,3094.17,732.66,ZRX/USD
0.2547,0.2574,0.2169,0.2206,1506538800,2353.66,553.13,ZRX/USD
0.22,0.2556,0.2162,0.2547,1506542400,1318.6,312.6,ZRX/USD
0.2339,0.2564,0.22,0.22,1506546000,1374.17,325.75,ZRX/USD
0.2293,0.2536,0.2196,0.2339,1506549600,1175.21,280.89,ZRX/USD
0.2354,0.2492,0.2223,0.2293,1506553200,1216.89,284.3,ZRX/USD
0.224,0.2467,0.2217,0.2354,1506556800,1968.1,454.33,ZRX/USD
0.234,0.2397,0.2221,0.224,1506560400,1509.19,347.89,ZRX/USD
0.2228,0.2398,0.221,0.234,1506564000,2229.05,503.91,ZRX/USD
0.2283,0.2332,0.2147,0.2228,1506567600,1931.04,429.26,ZRX/USD
0.2326,0.2349,0.2146,0.2283,1506571200,1198.39,270.87,ZRX/USD
0.2258,0.234,0.2149,0.2326,1506574800,1203.06,269.29,ZRX/USD
0.2275,0.2293,0.2206,0.2258,1506578400,1220.32,274.44,ZRX/USD
0.2219,0.2294,0.22,0.2275,1506582000,1069.25,240.38,ZRX/USD
0.2257,0.2292,0.22,0.2219,1506585600,1161.09,259.25,ZRX/USD
0.2282,0.23,0.2206,0.2257,1506589200,1909.35,431.73,ZRX/USD
0.2247,0.2295,0.2207,0.2282,1506592800,1103.67,248.2,ZRX/USD
0.2236,0.2294,0.2208,0.2247,1506596400,1133.52,254.61,ZRX/USD
0.2258,0.2283,0.2161,0.2236,1506600000,2035.35,450.17,ZRX/USD
0.2226,0.2269,0.2161,0.2258,1506603600,1451.33,321.27,ZRX/USD
0.2237,0.2244,0.2156,0.2226,1506607200,1542.3,338.76,ZRX/USD
0.2173,0.2244,0.2129,0.2237,1506610800,1965.79,429.3,ZRX/USD
0.2169,0.223,0.21,0.2173,1506614400,1947.94,422.35,ZRX/USD
0.2208,0.2223,0.211,0.2169,1506618000,1245.76,270.52,ZRX/USD
0.2149,0.2222,0.2121,0.2208,1506621600,1107.64,240.93,ZRX/USD
0.2159,0.2223,0.2124,0.2149,1506625200,1158.05,251.71,ZRX/USD
0.2158,0.223,0.2113,0.2159,1506628800,975.17,211.81,ZRX/USD
0.2206,0.2225,0.2126,0.2158,1506632400,1262.5,275.58,ZRX/USD
0.215,0.223,0.2134,0.2206,1506636000,1112.6,243.05,ZRX/USD
0.2113,0.223,0.1972,0.215,1506639600,4218.5,886.81,ZRX/USD
0.21,0.2218,0.2008,0.2113,1506643200,1558.01,328.04,ZRX/USD
0.221,0.2219,0.2032,0.21,1506646800,1664.08,351.11,ZRX/USD
0.2193,0.2223,0.2056,0.221,1506650400,1560.23,336.34,ZRX/USD
0.1995,0.2216,0.1778,0.2193,1506654000,3570.8,715.1,ZRX/USD
0.1981,0.2205,0.1849,0.1995,1506657600,2496.64,505.17,ZRX/USD
0.2125,0.2184,0.1845,0.1981,1506661200,2337.99,474.44,ZRX/USD
0.2162,0.2167,0.1903,0.2125,1506664800,1416.83,291.29,ZRX/USD
0.2129,0.2172,0.1904,0.2162,1506668400,1411.63,287.05,ZRX/USD
0.1983,0.217,0.1912,0.2129,1506672000,1162.66,238.58,ZRX/USD
0.1969,0.2175,0.1938,0.1983,1506675600,1565.55,324.34,ZRX/USD
0.2072,0.2166,0.1948,0.1969,1506679200,1081.72,223.18,ZRX/USD
0.2165,0.2184,0.1967,0.2072,1506682800,1371.16,284.0,ZRX/USD
0.2126,0.217,0.1988,0.2165,1506686400,1415.92,293.38,ZRX/USD
0.2132,0.2184,0.1998,0.2126,1506690000,1409.37,294.57,ZRX/USD
0.2171,0.218,0.2038,0.2132,1506693600,1991.16,425.49,ZRX/USD
0.2184,0.223,0.2116,0.2171,1506697200,1908.11,412.35,ZRX/USD
0.2165,0.2223,0.2119,0.2184,1506700800,1864.12,405.19,ZRX/USD
0.2073,0.2232,0.202,0.2165,1506704400,2714.57,588.63,ZRX/USD
0.2071,0.2222,0.2048,0.2073,1506708000,1927.44,407.38,ZRX/USD
0.2108,0.2221,0.2058,0.2071,1506711600,1338.4,284.56,ZRX/USD
0.2125,0.2169,0.2058,0.2108,1506715200,1565.32,331.75,ZRX/USD
0.2111,0.2175,0.2057,0.2125,1506718800,1228.29,260.21,ZRX/USD
0.2213,0.2213,0.2052,0.2111,1506722400,1285.8,273.05,ZRX/USD
0.2122,0.2221,0.2061,0.2213,1506726000,1371.47,295.25,ZRX/USD
0.2189,0.2203,0.2104,0.2122,1506729600,2907.58,621.15,ZRX/USD
0.2179,0.2198,0.2104,0.2189,1506733200,1474.58,319.7,ZRX/USD
0.2164,0.2192,0.2064,0.2179,1506736800,1345.15,288.46,ZRX/USD
0.2135,0.219,0.2063,0.2164,1506740400,1225.85,261.71,ZRX/USD
0.2145,0.2189,0.2062,0.2135,1506744000,1260.11,268.57,ZRX/USD
0.2116,0.2191,0.2049,0.2145,1506747600,1469.1,311.63,ZRX/USD
0.215,0.2212,0.2071,0.2116,1506751200,1912.26,410.57,ZRX/USD
0.2197,0.2204,0.2076,0.215,1506754800,1096.22,234.51,ZRX/USD
0.2296,0.2339,0.2064,0.2197,1506758400,2992.57,658.25,ZRX/USD
0.2134,0.2333,0.2067,0.2296,1506762000,1981.62,437.75,ZRX/USD
0.2163,0.2223,0.2049,0.2134,1506765600,1289.38,279.65,ZRX/USD
0.2145,0.2223,0.2107,0.2163,1506769200,1622.74,350.99,ZRX/USD
0.2163,0.2225,0.2122,0.2145,1506772800,1275.83,279.23,ZRX/USD
0.2196,0.2226,0.2097,0.2163,1506776400,1400.19,304.75,ZRX/USD
0.2148,0.2222,0.211,0.2196,1506780000,1213.65,263.22,ZRX/USD
0.2181,0.2227,0.21,0.2148,1506783600,1284.92,278.19,ZRX/USD
0.2221,0.2326,0.2107,0.2181,1506787200,1747.23,380.53,ZRX/USD
0.224,0.2337,0.2111,0.2221,1506790800,1441.86,317.62,ZRX/USD
0.2283,0.2287,0.2112,0.224,1506794400,1286.39,282.86,ZRX/USD
0.2162,0.2289,0.211,0.2283,1506798000,1114.75,243.74,ZRX/USD
0.2169,0.2256,0.211,0.2162,1506801600,1123.12,244.76,ZRX/USD
0.217,0.2259,0.211,0.2169,1506805200,962.74,210.61,ZRX/USD
0.2153,0.2261,0.2109,0.217,1506808800,1190.14,259.61,ZRX/USD
0.2152,0.2261,0.2113,0.2153,1506812400,1032.93,227.23,ZRX/USD
0.2169,0.2257,0.2119,0.2152,1506816000,1128.81,246.51,ZRX/USD
0.2237,0.2237,0.2135,0.2169,1506819600,1396.04,304.02,ZRX/USD
0.2216,0.2247,0.2137,0.2237,1506823200,1253.79,275.46,ZRX/USD
0.2227,0.2244,0.2153,0.2216,1506826800,1679.88,367.24,ZRX/USD
0.2203,0.2243,0.2153,0.2227,1506830400,1114.95,245.48,ZRX/USD
0.2234,0.2247,0.2142,0.2203,1506834000,1180.32,259.06,ZRX/USD
0.22,0.224,0.2135,0.2234,1506837600,1249.69,273.43,ZRX/USD
0.2237,0.2243,0.2129,0.22,1506841200,1057.84,230.56,ZRX/USD
0.2182,0.2243,0.2135,0.2237,1506844800,1143.02,250.01,ZRX/USD
0.2086,0.2245,0.2027,0.2182,1506848400,1330.74,291.02,ZRX/USD
0.2201,0.2212,0.2024,0.2086,1506852000,2273.41,485.24,ZRX/USD
0.2016,0.2216,0.2016,0.2201,1506855600,1760.86,370.11,ZRX/USD
0.2037,0.2218,0.201,0.2016,1506859200,1204.54,251.11,ZRX/USD
0.2016,0.2193,0.2009,0.2037,1506862800,2312.67,478.2,ZRX/USD
0.2089,0.2253,0.2016,0.2016,1506866400,1296.06,275.37,ZRX/USD
0.2137,0.2237,0.2019,0.2089,1506870000,1267.49,270.69,ZRX/USD
0.2082,0.2239,0.2019,0.2137,1506873600,1405.26,298.33,ZRX/USD
0.2179,0.2225,0.1999,0.2082,1506877200,1538.43,328.42,ZRX/USD
0.2112,0.2179,0.2012,0.2179,1506880800,2648.69,562.12,ZRX/USD
0.2207,0.2253,0.2019,0.2112,1506884400,2348.45,503.65,ZRX/USD
0.2227,0.2238,0.2039,0.2207,1506888000,1351.93,290.69,ZRX/USD
0.2171,0.2252,0.2037,0.2227,1506891600,824.91,177.19,ZRX/USD
0.2232,0.2232,0.203,0.2171,1506895200,629.68,135.89,ZRX/USD
0.206,0.2232,0.2034,0.2232,1506898800,1552.57,331.78,ZRX/USD
0.223,0.2249,0.2051,0.206,1506902400,1031.48,222.86,ZRX/USD
0.212,0.2243,0.205,0.223,1506906000,1843.3,402.94,ZRX/USD
0.2144,0.2243,0.2067,0.212,1506909600,1119.31,241.18,ZRX/USD
0.209,0.2242,0.2064,0.2144,1506913200,1099.65,236.78,ZRX/USD
0.2137,0.2244,0.2073,0.209,1506916800,1089.67,235.19,ZRX/USD
0.2154,0.2228,0.2071,0.2137,1506920400,1320.5,283.62,ZRX/USD
0.2154,0.219,0.2061,0.2154,1506924000,1259.07,268.58,ZRX/USD
0.2087,0.2154,0.2071,0.2154,1506927600,385.11,79.94,ZRX/USD
0.2026,0.2173,0.2011,0.2087,1506931200,2191.31,457.28,ZRX/USD
0.2015,0.2159,0.2011,0.2026,1506934800,1685.04,351.12,ZRX/USD
0.2018,0.2173,0.1954,0.2015,1506938400,2285.65,470.24,ZRX/USD
0.2082,0.2112,0.1971,0.2018,1506942000,2515.6,511.43,ZRX/USD
0.2062,0.2106,0.1972,0.2082,1506945600,1659.84,337.84,ZRX/USD
0.2003,0.2083,0.1994,0.2062,1506949200,1368.55,279.31,ZRX/USD
0.2068,0.2068,0.1954,0.2003,1506952800,1332.06,269.57,ZRX/USD
0.207,0.2131,0.1975,0.2068,1506956400,1506.22,309.31,ZRX/USD
0.2038,0.213,0.1982,0.207,1506960000,1260.94,259.29,ZRX/USD
0.2009,0.2089,0.1954,0.2038,1506963600,2004.87,402.75,ZRX/USD
0.2072,0.2076,0.197,0.2009,1506967200,1541.19,313.71,ZRX/USD
0.1988,0.2076,0.1961,0.2072,1506970800,1361.2,274.48,ZRX/USD
0.2045,0.2072,0.1965,0.1988,1506974400,1193.23,240.85,ZRX/USD
0.2026,0.208,0.1969,0.2045,1506978000,1737.42,346.65,ZRX/USD
0.199,0.207,0.1975,0.2026,1506981600,1253.8,253.75,ZRX/USD
0.2022,0.205,0.199,0.199,1506985200,1741.87,350.36,ZRX/USD
0.2009,0.2051,0.1997,0.2022,1506988800,1707.83,345.66,ZRX/USD
0.2034,0.2053,0.1998,0.2009,1506992400,1218.75,247.9,ZRX/USD
0.2033,0.2052,0.1954,0.2034,1506996000,2540.23,509.49,ZRX/USD
0.1975,0.2046,0.1963,0.2033,1506999600,1670.54,336.72,ZRX/USD
0.1997,0.2052,0.1962,0.1975,1507003200,1278.85,257.99,ZRX/USD
0.2004,0.2052,0.1978,0.1997,1507006800,640.66,128.8,ZRX/USD
0.1991,0.2004,0.1956,0.2004,1507010400,2378.36,469.62,ZRX/USD
0.1961,0.1997,0.1957,0.1991,1507014000,1461.67,288.69,ZRX/USD
0.199,0.1996,0.1958,0.1961,1507017600,1318.66,260.58,ZRX/USD
0.1849,0.1995,0.1744,0.199,1507021200,3002.91,567.04,ZRX/USD
0.1959,0.1988,0.1789,0.1849,1507024800,2223.86,422.64,ZRX/USD
0.1884,0.1989,0.1794,0.1959,1507028400,1739.2,330.94,ZRX/USD
0.1954,0.1988,0.1812,0.1884,1507032000,1563.87,299.3,ZRX/USD
0.1892,0.196,0.17,0.1954,1507035600,2154.01,390.67,ZRX/USD
0.1801,0.2,0.1738,0.1892,1507039200,2553.05,469.63,ZRX/USD
0.193,0.1971,0.163,0.1801,1507042800,4005.19,733.74,ZRX/USD
0.1823,0.1968,0.1642,0.193,1507046400,1592.04,288.73,ZRX/USD
0.1765,0.1961,0.1747,0.1823,1507050000,2179.66,397.83,ZRX/USD
0.1897,0.1985,0.1759,0.1765,1507053600,1831.84,341.72,ZRX/USD
0.1972,0.1985,0.1797,0.1897,1507057200,2184.37,414.87,ZRX/USD
0.195,0.1992,0.1841,0.1972,1507060800,2251.86,433.96,ZRX/USD
0.1888,0.1992,0.1782,0.195,1507064400,2068.02,398.98,ZRX/USD
0.1976,0.1987,0.1778,0.1888,1507068000,2014.45,380.63,ZRX/USD
0.1926,0.1981,0.178,0.1976,1507071600,1657.74,311.26,ZRX/USD
0.1969,0.2038,0.1838,0.1926,1507075200,2056.45,401.89,ZRX/USD
0.2011,0.2011,0.1911,0.1969,1507078800,1224.86,238.09,ZRX/USD
0.192,0.2011,0.19,0.2011,1507082400,1034.03,199.82,ZRX/USD
0.1967,0.2026,0.191,0.192,1507086000,1611.75,314.32,ZRX/USD
0.1933,0.2014,0.1909,0.1967,1507089600,1368.54,268.47,ZRX/USD
0.1933,0.2018,0.1908,0.1933,1507093200,1300.51,255.46,ZRX/USD
0.198,0.2026,0.191,0.1933,1507096800,1283.88,252.47,ZRX/USD
0.1944,0.2017,0.191,0.198,1507100400,1087.82,212.91,ZRX/USD
0.1936,0.198,0.1927,0.1944,1507104000,2294.69,444.9,ZRX/USD
0.1934,0.1938,0.193,0.1936,1507107600,1048.28,202.98,ZRX/USD
0.1938,0.1948,0.1932,0.1934,1507111200,3629.66,703.9,ZRX/USD
0.1907,0.1955,0.181,0.1938,1507114800,1423.02,272.32,ZRX/USD
0.1854,0.1948,0.1709,0.1907,1507118400,2731.88,503.13,ZRX/USD
0.1908,0.1932,0.1769,0.1854,1507122000,1943.24,361.24,ZRX/USD
0.1882,0.1938,0.1753,0.1908,1507125600,1977.87,371.15,ZRX/USD
0.1886,0.1935,0.176,0.1882,1507129200,3230.66,581.81,ZRX/USD
0.1827,0.1928,0.1771,0.1886,1507132800,1989.54,366.34,ZRX/USD
0.1803,0.1901,0.1666,0.1827,1507136400,2375.41,431.12,ZRX/USD
0.1835,0.1915,0.179,0.1803,1507140000,2050.85,382.38,ZRX/USD
0.1859,0.1908,0.1787,0.1835,1507143600,1239.0,230.71,ZRX/USD
0.1873,0.1909,0.178,0.1859,1507147200,2007.9,375.95,ZRX/USD
0.1843,0.1908,0.17,0.1873,1507150800,1928.76,352.81,ZRX/USD
0.1737,0.185,0.1726,0.1843,1507154400,1873.06,336.17,ZRX/USD
0.1775,0.1935,0.1726,0.1737,1507158000,2842.86,513.25,ZRX/USD
0.1918,0.1937,0.1752,0.1775,1507161600,2317.29,428.79,ZRX/USD
0.1887,0.1936,0.1727,0.1918,1507165200,1639.68,302.68,ZRX/USD
0.185,0.1939,0.1731,0.1887,1507168800,1514.08,277.45,ZRX/USD
0.1869,0.194,0.1815,0.185,1507172400,2963.3,560.78,ZRX/USD
0.1925,0.1933,0.1798,0.1869,1507176000,1657.66,309.44,ZRX/USD
0.1852,0.1948,0.1798,0.1925,1507179600,1475.81,277.77,ZRX/USD
0.1811,0.1939,0.1797,0.1852,1507183200,1639.64,304.91,ZRX/USD
0.193,0.1948,0.1798,0.1811,1507186800,1420.97,265.62,ZRX/USD
0.1913,0.1936,0.1789,0.193,1507190400,3525.24,638.92,ZRX/USD
0.1844,0.1931,0.1801,0.1913,1507194000,1786.34,330.66,ZRX/USD
0.1849,0.1866,0.1793,0.1844,1507197600,2260.67,412.46,ZRX/USD
0.1822,0.1866,0.1814,0.1849,1507201200,1302.22,239.3,ZRX/USD
0.1844,0.1861,0.1822,0.1822,1507204800,334.54,61.72,ZRX/USD
0.1822,0.1865,0.1818,0.1844,1507208400,1689.29,310.59,ZRX/USD
0.1839,0.1839,0.1822,0.1822,1507212000,5.41,0.9949,ZRX/USD
0.1827,0.1865,0.181,0.1839,1507215600,2034.39,375.06,ZRX/USD
0.1845,0.1863,0.1817,0.1827,1507219200,1579.24,288.37,ZRX/USD
0.1844,0.1862,0.1817,0.1845,1507222800,1784.11,328.54,ZRX/USD
0.1817,0.1865,0.1817,0.1844,1507226400,1091.58,200.25,ZRX/USD
0.1818,0.1863,0.1817,0.1817,1507230000,277.64,50.7,ZRX/USD
0.181,0.1849,0.181,0.1818,1507233600,257.31,46.94,ZRX/USD
0.1917,0.2,0.1789,0.181,1507237200,2317.58,433.18,ZRX/USD
0.1968,0.1985,0.18,0.1917,1507240800,2730.6,519.02,ZRX/USD
0.1971,0.1972,0.1801,0.1968,1507244400,1741.52,328.1,ZRX/USD
0.1799,0.1971,0.1799,0.1971,1507248000,1758.96,337.75,ZRX/USD
0.1762,0.1799,0.1739,0.1799,1507251600,1418.13,250.36,ZRX/USD
0.1772,0.1772,0.1748,0.1762,1507255200,496.71,87.07,ZRX/USD
0.1792,0.1799,0.1727,0.1772,1507258800,3684.73,650.97,ZRX/USD
0.1766,0.1799,0.1723,0.1792,1507262400,1874.81,329.23,ZRX/USD
0.1879,0.1936,0.173,0.1766,1507266000,2095.38,375.4,ZRX/USD
0.1937,0.1959,0.1727,0.1879,1507269600,2791.94,511.61,ZRX/USD
0.1922,0.1948,0.1743,0.1937,1507273200,2248.82,421.66,ZRX/USD
0.1904,0.1936,0.1738,0.1922,1507276800,1460.07,269.63,ZRX/USD
0.183,0.193,0.1739,0.1904,1507280400,1347.64,247.36,ZRX/USD
0.1832,0.1893,0.179,0.183,1507284000,2023.01,376.61,ZRX/USD
0.1845,0.1891,0.1802,0.1832,1507287600,1717.16,314.45,ZRX/USD
0.1818,0.1847,0.1814,0.1845,1507291200,2218.23,406.13,ZRX/USD
0.1817,0.185,0.1817,0.1818,1507294800,1383.17,254.23,ZRX/USD
0.1898,0.1947,0.1817,0.1817,1507298400,2710.08,508.43,ZRX/USD
0.1891,0.1956,0.1821,0.1898,1507302000,2368.23,450.74,ZRX/USD
0.1846,0.1948,0.1838,0.1891,1507305600,1732.79,330.21,ZRX/USD
0.1902,0.1956,0.1825,0.1846,1507309200,1202.61,227.88,ZRX/USD
0.1906,0.2151,0.1748,0.1902,1507312800,26836.64,5467.92,ZRX/USD
0.1938,0.211,0.1881,0.1906,1507316400,3410.3,687.49,ZRX/USD
0.1793,0.21,0.1769,0.1938,1507320000,3494.85,681.63,ZRX/USD
0.1929,0.2067,0.1748,0.1793,1507323600,3041.98,566.3,ZRX/USD
0.2,0.2,0.1749,0.1929,1507327200,2145.27,404.79,ZRX/USD
0.2042,0.2108,0.2,0.2,1507330800,3005.65,618.73,ZRX/USD
0.191,0.2109,0.19,0.2042,1507334400,2814.16,578.82,ZRX/USD
0.2014,0.2115,0.191,0.191,1507338000,1320.22,267.6,ZRX/USD
0.1971,0.2105,0.1913,0.2014,1507341600,1437.71,290.56,ZRX/USD
0.2078,0.2107,0.1924,0.1971,1507345200,1335.58,269.76,ZRX/USD
0.1963,0.2106,0.1956,0.2078,1507348800,1211.05,246.66,ZRX/USD
0.2053,0.2101,0.196,0.1963,1507352400,1088.73,220.46,ZRX/USD
0.2018,0.2104,0.1957,0.2053,1507356000,1368.81,277.03,ZRX/USD
0.1968,0.2078,0.1921,0.2018,1507359600,1211.15,240.9,ZRX/USD
0.1944,0.21,0.1918,0.1968,1507363200,2057.31,406.78,ZRX/USD
0.1929,0.208,0.1857,0.1944,1507366800,2955.56,567.12,ZRX/USD
0.1853,0.1948,0.1809,0.1929,1507370400,2860.71,541.12,ZRX/USD
0.1814,0.1938,0.1812,0.1853,1507374000,2403.58,452.29,ZRX/USD
0.1915,0.205,0.1813,0.1814,1507377600,5988.89,1140.1,ZRX/USD
0.1953,0.1994,0.1907,0.1915,1507381200,2166.61,423.62,ZRX/USD
0.1924,0.1994,0.1906,0.1953,1507384800,1561.74,305.95,ZRX/USD
0.1962,0.1993,0.1906,0.1924,1507388400,1227.99,240.24,ZRX/USD
0.1967,0.1995,0.1905,0.1962,1507392000,1155.87,225.36,ZRX/USD
0.1936,0.2,0.19,0.1967,1507395600,1170.22,228.21,ZRX/USD
0.1914,0.199,0.19,0.1936,1507399200,1469.3,285.21,ZRX/USD
0.1928,0.1966,0.1905,0.1914,1507402800,1404.86,272.58,ZRX/USD
0.1934,0.1966,0.19,0.1928,1507406400,1266.12,244.49,ZRX/USD
0.1932,0.196,0.1862,0.1934,1507410000,2491.19,474.46,ZRX/USD
0.1942,0.1963,0.1864,0.1932,1507413600,1848.58,350.54,ZRX/USD
0.1881,0.1946,0.1876,0.1942,1507417200,1238.03,236.54,ZRX/USD
0.1887,0.1926,0.1864,0.1881,1507420800,1741.75,329.31,ZRX/USD
0.1868,0.1923,0.1863,0.1887,1507424400,1912.3,359.35,ZRX/USD
0.1942,0.1944,0.1863,0.1868,1507428000,1525.04,288.96,ZRX/USD
0.1889,0.1945,0.1866,0.1942,1507431600,1344.16,256.28,ZRX/USD
0.1827,0.1944,0.1813,0.1889,1507435200,1414.44,265.36,ZRX/USD
0.1969,0.2012,0.17,0.1827,1507438800,7935.91,1505.23,ZRX/USD
0.1972,0.2095,0.1739,0.1969,1507442400,2356.27,453.97,ZRX/USD
0.194,0.21,0.1866,0.1972,1507446000,2523.16,498.99,ZRX/USD
0.1992,0.2077,0.1885,0.194,1507449600,1868.68,370.03,ZRX/USD
0.1934,0.205,0.1912,0.1992,1507453200,1953.65,387.59,ZRX/USD
0.195,0.2049,0.1858,0.1934,1507456800,1588.44,311.17,ZRX/USD
0.2023,0.2023,0.1874,0.195,1507460400,1410.28,275.26,ZRX/USD
0.1977,0.2038,0.1913,0.2023,1507464000,1903.86,374.46,ZRX/USD
0.1996,0.2022,0.191,0.1977,1507467600,2724.5,535.72,ZRX/USD
0.1955,0.2023,0.1923,0.1996,1507471200,1443.79,284.33,ZRX/USD
0.2022,0.203,0.1925,0.1955,1507474800,2390.56,471.52,ZRX/USD
0.1932,0.2022,0.1925,0.2022,1507478400,2268.24,444.61,ZRX/USD
0.189,0.1989,0.1877,0.1932,1507482000,2002.28,386.99,ZRX/USD
0.1935,0.1991,0.1866,0.189,1507485600,1929.98,370.71,ZRX/USD
0.1916,0.201,0.1898,0.1935,1507489200,1893.65,369.41,ZRX/USD
0.2002,0.2059,0.1909,0.1916,1507492800,3703.57,729.81,ZRX/USD
0.1925,0.2006,0.1916,0.2002,1507496400,1685.77,328.61,ZRX/USD
0.1973,0.2044,0.1906,0.1925,1507500000,1514.41,298.6,ZRX/USD
0.1924,0.2047,0.1829,0.1973,1507503600,2200.72,427.6,ZRX/USD
0.1922,0.1998,0.183,0.1924,1507507200,2153.03,410.45,ZRX/USD
0.184,0.1999,0.1815,0.1922,1507510800,1938.66,370.73,ZRX/USD
0.1993,0.1993,0.18,0.184,1507514400,1850.03,354.65,ZRX/USD
0.1922,0.1993,0.1816,0.1993,1507518000,1378.84,261.77,ZRX/USD
0.183,0.1997,0.1745,0.1922,1507521600,2652.94,488.42,ZRX/USD
0.1823,0.1925,0.1776,0.183,1507525200,2447.32,453.4,ZRX/USD
0.1771,0.1873,0.1763,0.1823,1507528800,2958.28,527.34,ZRX/USD
0.1781,0.1796,0.1765,0.1771,1507532400,2264.54,405.14,ZRX/USD
0.1789,0.18,0.176,0.1781,1507536000,1650.21,292.7,ZRX/USD
0.1774,0.1892,0.1766,0.1789,1507539600,2066.64,375.68,ZRX/USD
0.1783,0.1844,0.1767,0.1774,1507543200,1477.49,265.41,ZRX/USD
0.1806,0.183,0.1764,0.1783,1507546800,1568.96,281.99,ZRX/USD
0.1776,0.1826,0.1764,0.1806,1507550400,1245.35,223.34,ZRX/USD
0.179,0.1821,0.1764,0.1776,1507554000,1311.08,235.34,ZRX/USD
0.1783,0.1824,0.1764,0.179,1507557600,1153.84,207.14,ZRX/USD
0.1814,0.199,0.1767,0.1783,1507561200,12356.87,2350.23,ZRX/USD
0.1878,0.199,0.1794,0.1814,1507564800,2316.69,433.63,ZRX/USD
0.1813,0.1974,0.1777,0.1878,1507568400,2207.85,415.5,ZRX/USD
0.1801,0.1956,0.1762,0.1813,1507572000,1323.16,250.55,ZRX/USD
0.1838,0.1978,0.1785,0.1801,1507575600,1910.92,356.33,ZRX/USD
0.1932,0.1966,0.176,0.1838,1507579200,2214.01,419.74,ZRX/USD
0.1889,0.1973,0.1772,0.1932,1507582800,1291.17,245.56,ZRX/USD
0.1831,0.1974,0.181,0.1889,1507586400,1520.11,287.32,ZRX/USD
0.1842,0.1941,0.18,0.1831,1507590000,1292.8,241.56,ZRX/USD
0.1822,0.1932,0.176,0.1842,1507593600,3031.37,548.56,ZRX/USD
0.173,0.1863,0.173,0.1822,1507597200,3284.77,590.47,ZRX/USD
0.1805,0.1843,0.1718,0.173,1507600800,3339.12,588.18,ZRX/USD
0.1789,0.1891,0.1732,0.1805,1507604400,2321.37,420.4,ZRX/USD
0.1873,0.191,0.1739,0.1789,1507608000,1766.07,323.71,ZRX/USD
0.1754,0.1897,0.1731,0.1873,1507611600,1407.07,255.87,ZRX/USD
0.1751,0.1897,0.1728,0.1754,1507615200,1292.36,235.51,ZRX/USD
0.1797,0.1902,0.1737,0.1751,1507618800,1774.91,322.74,ZRX/USD
0.1815,0.1899,0.1736,0.1797,1507622400,1359.76,248.81,ZRX/USD
0.1889,0.1902,0.1755,0.1815,1507626000,1655.66,306.19,ZRX/USD
0.1738,0.1931,0.1728,0.1889,1507629600,1448.53,265.9,ZRX/USD
0.1812,0.1931,0.1732,0.1738,1507633200,1485.59,274.66,ZRX/USD
0.1866,0.1972,0.1734,0.1812,1507636800,2028.61,382.72,ZRX/USD
0.1854,0.1986,0.1812,0.1866,1507640400,2283.88,432.23,ZRX/USD
0.1903,0.1976,0.1813,0.1854,1507644000,1753.11,331.44,ZRX/USD
0.1912,0.2044,0.183,0.1903,1507647600,2502.74,487.73,ZRX/USD
0.2044,0.2059,0.1911,0.1912,1507651200,3222.95,646.37,ZRX/USD
0.2005,0.2115,0.1979,0.2044,1507654800,2898.84,597.19,ZRX/USD
0.2004,0.2108,0.1962,0.2005,1507658400,1446.98,293.47,ZRX/USD
0.2033,0.2108,0.1966,0.2004,1507662000,3402.04,688.15,ZRX/USD
0.2053,0.2108,0.2009,0.2033,1507665600,1387.16,287.81,ZRX/USD
0.2034,0.2111,0.2006,0.2053,1507669200,1947.97,401.76,ZRX/USD
0.194,0.2106,0.1794,0.2034,1507672800,2226.37,435.58,ZRX/USD
0.2043,0.2115,0.194,0.194,1507676400,1703.06,340.98,ZRX/USD
0.2057,0.2115,0.1956,0.2043,1507680000,1254.34,253.37,ZRX/USD
0.2151,0.2153,0.2008,0.2057,1507683600,4293.28,906.31,ZRX/USD
0.2086,0.22,0.196,0.2151,1507687200,8913.27,1894.25,ZRX/USD
0.2084,0.2162,0.1952,0.2086,1507690800,1272.15,260.68,ZRX/USD
0.2081,0.2154,0.1964,0.2084,1507694400,1368.89,281.37,ZRX/USD
0.2092,0.2147,0.1961,0.2081,1507698000,1188.7,244.54,ZRX/USD
0.2024,0.214,0.1957,0.2092,1507701600,1137.67,232.84,ZRX/USD
0.2008,0.213,0.1973,0.2024,1507705200,1507.03,305.25,ZRX/USD
0.1997,0.2027,0.1994,0.2008,1507708800,1919.04,385.92,ZRX/USD
0.2014,0.2027,0.1993,0.1997,1507712400,1260.01,253.39,ZRX/USD
0.1994,0.2027,0.1991,0.2014,1507716000,1388.1,278.1,ZRX/USD
0.1937,0.203,0.1878,0.1994,1507719600,2087.95,410.12,ZRX/USD
0.2014,0.2024,0.1904,0.1937,1507723200,1622.91,320.3,ZRX/USD
0.189,0.2021,0.1882,0.2014,1507726800,1686.86,331.54,ZRX/USD
0.1929,0.2013,0.1886,0.189,1507730400,2320.32,445.48,ZRX/USD
0.1959,0.2,0.1927,0.1929,1507734000,1411.0,277.79,ZRX/USD
0.2033,0.205,0.1939,0.1959,1507737600,1562.71,311.39,ZRX/USD
0.2012,0.2043,0.1927,0.2033,1507741200,1085.12,214.88,ZRX/USD
0.1971,0.2046,0.1928,0.2012,1507744800,1871.58,373.5,ZRX/USD
0.1957,0.205,0.1918,0.1971,1507748400,1283.35,253.34,ZRX/USD
0.2035,0.2039,0.1934,0.1957,1507752000,1585.99,318.81,ZRX/USD
0.1944,0.2044,0.1925,0.2035,1507755600,1322.79,263.63,ZRX/USD
0.2067,0.21,0.1944,0.1944,1507759200,2175.53,440.9,ZRX/USD
0.203,0.2109,0.199,0.2067,1507762800,2046.82,420.67,ZRX/USD
0.2047,0.2107,0.1972,0.203,1507766400,1395.71,286.16,ZRX/USD
0.2011,0.2106,0.1976,0.2047,1507770000,1199.25,243.74,ZRX/USD
0.2023,0.2115,0.1991,0.2011,1507773600,1258.89,258.23,ZRX/USD
0.2066,0.2108,0.1956,0.2023,1507777200,1257.02,257.57,ZRX/USD
0.2054,0.2107,0.1984,0.2066,1507780800,1087.88,222.26,ZRX/USD
0.2054,0.2104,0.1988,0.2054,1507784400,1150.2,235.2,ZRX/USD
0.2001,0.2106,0.1933,0.2054,1507788000,1753.17,352.43,ZRX/USD
0.2095,0.2105,0.1969,0.2001,1507791600,1267.94,259.64,ZRX/USD
0.1916,0.2104,0.1911,0.2095,1507795200,1998.14,393.86,ZRX/USD
0.1941,0.1991,0.1883,0.1916,1507798800,3516.66,675.41,ZRX/USD
0.1989,0.2,0.1896,0.1941,1507802400,1836.32,358.86,ZRX/USD
0.1923,0.2,0.1891,0.1987,1507806000,5551.24,1062.97,ZRX/USD
0.1899,0.2,0.1899,0.1923,1507809600,1215.36,237.2,ZRX/USD
0.1913,0.1992,0.1888,0.1899,1507813200,1950.74,375.82,ZRX/USD
0.1909,0.1993,0.1892,0.1913,1507816800,1281.45,248.76,ZRX/USD
0.1938,0.1993,0.1892,0.1909,1507820400,1852.66,357.5,ZRX/USD
0.19,0.1991,0.1893,0.1938,1507824000,1105.96,214.31,ZRX/USD
0.1899,0.1992,0.189,0.19,1507827600,1268.39,246.45,ZRX/USD
0.197,0.1983,0.186,0.1899,1507831200,1982.57,380.78,ZRX/USD
0.1871,0.1982,0.1856,0.197,1507834800,1806.86,345.02,ZRX/USD
0.1928,0.1928,0.1871,0.1871,1507838400,553.96,106.25,ZRX/USD
0.1873,0.1934,0.1855,0.1928,1507842000,2172.81,410.14,ZRX/USD
0.1873,0.1901,0.1855,0.1873,1507845600,1938.46,363.94,ZRX/USD
0.1864,0.19,0.185,0.1873,1507849200,1683.2,312.5,ZRX/USD
0.1861,0.1895,0.181,0.1864,1507852800,2270.93,422.33,ZRX/USD
0.1846,0.1904,0.1809,0.1861,1507856400,1666.93,309.6,ZRX/USD
0.1869,0.1898,0.1809,0.1846,1507860000,1378.84,255.13,ZRX/USD
0.1852,0.1898,0.1809,0.1869,1507863600,1500.87,278.91,ZRX/USD
0.1881,0.1899,0.181,0.1852,1507867200,1280.03,237.37,ZRX/USD
0.1866,0.1899,0.1819,0.1881,1507870800,1357.09,253.02,ZRX/USD
0.1957,0.1978,0.1818,0.1866,1507874400,2393.16,457.11,ZRX/USD
0.1933,0.2067,0.1792,0.1957,1507878000,2102.94,405.99,ZRX/USD
0.1934,0.2092,0.1804,0.1933,1507881600,2164.15,423.93,ZRX/USD
0.1841,0.2092,0.178,0.1934,1507885200,2200.84,428.19,ZRX/USD
0.197,0.199,0.1788,0.1841,1507888800,1781.11,337.26,ZRX/USD
0.1878,0.2,0.1868,0.197,1507892400,1691.21,326.88,ZRX/USD
0.1959,0.2079,0.1861,0.1878,1507896000,2698.53,534.03,ZRX/USD
0.1998,0.2092,0.1883,0.1959,1507899600,1673.1,332.93,ZRX/USD
0.1975,0.2077,0.1877,0.1998,1507903200,1259.09,246.87,ZRX/USD
0.185,0.2036,0.185,0.1975,1507906800,1770.98,338.2,ZRX/USD
0.1966,0.2049,0.1837,0.185,1507910400,12634.79,2408.56,ZRX/USD
0.2035,0.2035,0.1841,0.1966,1507914000,1310.73,252.99,ZRX/USD
0.18,0.2036,0.1766,0.2035,1507917600,4218.2,763.19,ZRX/USD
0.1888,0.1988,0.1786,0.18,1507921200,2008.14,375.13,ZRX/USD
0.1985,0.2041,0.1818,0.1888,1507924800,3075.69,602.66,ZRX/USD
0.2019,0.2055,0.1818,0.1985,1507928400,2152.22,424.12,ZRX/USD
0.201,0.2067,0.1816,0.2019,1507932000,3114.13,614.15,ZRX/USD
0.1911,0.2076,0.1904,0.201,1507935600,2090.41,420.47,ZRX/USD
0.19,0.2082,0.19,0.1911,1507939200,3503.74,684.13,ZRX/USD
0.1927,0.2011,0.1897,0.19,1507942800,1734.23,339.7,ZRX/USD
0.1962,0.2008,0.189,0.1927,1507946400,1366.77,266.79,ZRX/USD
0.193,0.201,0.1911,0.1962,1507950000,1246.96,244.59,ZRX/USD
0.1922,0.2013,0.1902,0.193,1507953600,1181.12,232.44,ZRX/USD
0.1992,0.2011,0.1903,0.1922,1507957200,1204.67,235.47,ZRX/USD
0.1957,0.2013,0.1901,0.1992,1507960800,1465.84,288.3,ZRX/USD
0.1913,0.2011,0.1904,0.1957,1507964400,1055.43,204.21,ZRX/USD
0.1956,0.2012,0.189,0.1913,1507968000,3599.22,692.04,ZRX/USD
0.1969,0.2009,0.1906,0.1956,1507971600,1143.58,223.39,ZRX/USD
0.1974,0.2011,0.1905,0.1969,1507975200,1306.73,255.83,ZRX/USD
0.1917,0.1989,0.1892,0.1974,1507978800,2770.92,529.61,ZRX/USD
0.1921,0.1989,0.1893,0.1917,1507982400,1643.88,318.63,ZRX/USD
0.1963,0.198,0.1896,0.1921,1507986000,342.15,66.27,ZRX/USD
0.1937,0.1989,0.1899,0.1963,1507989600,1784.72,348.79,ZRX/USD
0.1904,0.1984,0.189,0.1937,1507993200,2014.48,386.89,ZRX/USD
0.1936,0.1981,0.1895,0.1904,1507996800,1379.65,266.98,ZRX/USD
0.191,0.1984,0.173,0.1936,1508000400,7187.02,1331.17,ZRX/USD
0.1938,0.1966,0.1783,0.191,1508004000,1998.15,376.23,ZRX/USD
0.1818,0.1968,0.1773,0.1938,1508007600,1738.99,326.06,ZRX/USD
0.1847,0.196,0.1818,0.1818,1508011200,1879.15,358.43,ZRX/USD
0.1916,0.1966,0.1843,0.1847,1508014800,1265.28,240.42,ZRX/USD
0.1873,0.1966,0.1835,0.1916,1508018400,1484.64,283.11,ZRX/USD
0.1883,0.1966,0.1838,0.1873,1508022000,1766.4,339.31,ZRX/USD
0.189,0.2017,0.1866,0.1883,1508025600,2068.93,398.85,ZRX/USD
0.1949,0.2081,0.1871,0.189,1508029200,2562.53,506.93,ZRX/USD
0.19,0.2076,0.1867,0.1949,1508032800,1601.21,316.36,ZRX/USD
0.2061,0.2069,0.188,0.19,1508036400,1593.17,317.1,ZRX/USD
0.2059,0.2061,0.1925,0.2061,1508040000,1167.67,231.57,ZRX/USD
0.2004,0.2066,0.1873,0.2059,1508043600,1456.61,289.56,ZRX/USD
0.1983,0.207,0.1866,0.2004,1508047200,1272.48,250.77,ZRX/USD
0.1951,0.2067,0.1875,0.1983,1508050800,1320.97,261.26,ZRX/USD
0.1899,0.2058,0.1862,0.1951,1508054400,2694.65,514.15,ZRX/USD
0.1945,0.1982,0.1872,0.1899,1508058000,1830.13,353.63,ZRX/USD
0.1914,0.1965,0.1902,0.1945,1508061600,1340.27,258.97,ZRX/USD
0.1924,0.1953,0.187,0.1914,1508065200,1031.6,198.28,ZRX/USD
0.1876,0.1963,0.1867,0.1924,1508068800,1926.75,366.21,ZRX/USD
0.1894,0.1942,0.1876,0.1876,1508072400,1555.85,297.42,ZRX/USD
0.1908,0.1946,0.1884,0.1894,1508076000,1357.63,259.96,ZRX/USD
0.208,0.2092,0.1887,0.1908,1508079600,3628.11,721.11,ZRX/USD
0.1923,0.208,0.188,0.208,1508083200,2649.47,526.27,ZRX/USD
0.1954,0.1989,0.188,0.1923,1508086800,991.87,191.91,ZRX/USD
0.1898,0.1898,0.1898,0.1898,1508090400,79.23,15.03,ZRX/USD
0.1924,0.1992,0.1882,0.1898,1508094000,1487.96,290.12,ZRX/USD
0.1919,0.199,0.1885,0.1924,1508097600,1477.52,285.91,ZRX/USD
0.1982,0.1995,0.1882,0.1984,1508101200,17517.96,3369.59,ZRX/USD
0.191,0.1993,0.1884,0.1913,1508104800,1349.12,260.81,ZRX/USD
0.1949,0.198,0.1881,0.191,1508108400,1434.8,275.97,ZRX/USD
0.1918,0.1973,0.1881,0.1949,1508112000,1366.7,262.24,ZRX/USD
0.1934,0.1973,0.188,0.1909,1508115600,258.81,49.6,ZRX/USD
0.1952,0.198,0.1891,0.1891,1508119200,1613.69,313.53,ZRX/USD
0.1901,0.198,0.1895,0.1952,1508122800,1325.53,257.19,ZRX/USD
0.196,0.1973,0.1896,0.1901,1508126400,1184.62,229.46,ZRX/USD
0.1915,0.198,0.1896,0.196,1508130000,1231.15,238.61,ZRX/USD
0.1933,0.1993,0.1897,0.1915,1508133600,1402.49,273.43,ZRX/USD
0.199,0.1994,0.1899,0.1933,1508137200,1822.34,352.01,ZRX/USD
0.19,0.1994,0.19,0.199,1508140800,763.25,148.75,ZRX/USD
0.19,0.19,0.19,0.19,1508144400,141.93,26.97,ZRX/USD
0.19,0.19,0.19,0.19,1508148000,249.63,47.43,ZRX/USD
0.1976,0.1985,0.19,0.19,1508151600,2055.58,400.02,ZRX/USD
0.1946,0.1982,0.19,0.1941,1508155200,1344.91,260.9,ZRX/USD
0.1948,0.1989,0.1905,0.191,1508158800,1294.38,251.33,ZRX/USD
0.1914,0.1982,0.1905,0.1948,1508162400,1173.61,228.78,ZRX/USD
0.1925,0.1984,0.1906,0.1914,1508166000,815.75,159.09,ZRX/USD
0.191,0.1978,0.19,0.1925,1508169600,1819.02,351.91,ZRX/USD
0.1913,0.1954,0.1908,0.1948,1508173200,214.03,41.27,ZRX/USD
0.1909,0.1955,0.1909,0.1919,1508176800,451.81,87.28,ZRX/USD
0.1971,0.1973,0.1905,0.1909,1508180400,2239.98,436.52,ZRX/USD
0.1965,0.1987,0.1907,0.1927,1508184000,1112.25,218.06,ZRX/USD
0.2043,0.2074,0.1918,0.1965,1508187600,2504.41,493.89,ZRX/USD
0.1891,0.208,0.173,0.2043,1508191200,9593.43,1772.88,ZRX/USD
0.1929,0.198,0.1766,0.1891,1508194800,3410.39,646.37,ZRX/USD
0.198,0.198,0.1895,0.1896,1508198400,1702.37,331.42,ZRX/USD
0.1923,0.1992,0.1923,0.198,1508202000,1500.22,294.24,ZRX/USD
0.1908,0.1994,0.19,0.1923,1508205600,1312.45,255.04,ZRX/USD
0.1964,0.1994,0.1902,0.1908,1508209200,1262.94,246.06,ZRX/USD
0.1923,0.1993,0.1897,0.1964,1508212800,1231.5,239.34,ZRX/USD
0.1979,0.1999,0.1897,0.1977,1508216400,1265.32,246.78,ZRX/USD
0.192,0.1946,0.192,0.1944,1508220000,116.47,22.64,ZRX/USD
0.1945,0.1947,0.1895,0.192,1508223600,1520.93,293.32,ZRX/USD
0.1905,0.1946,0.1811,0.1945,1508227200,2424.92,458.97,ZRX/USD
0.1929,0.1929,0.1929,0.1929,1508230800,8.35,1.61,ZRX/USD
0.1871,0.1939,0.1814,0.1929,1508234400,1957.36,368.16,ZRX/USD
0.2018,0.2036,0.181,0.1871,1508238000,2806.66,539.04,ZRX/USD
0.1875,0.2036,0.1815,0.2018,1508241600,1955.15,379.22,ZRX/USD
0.1848,0.2027,0.1813,0.1875,1508245200,1792.47,338.39,ZRX/USD
0.1889,0.1968,0.1825,0.1881,1508248800,1033.61,195.22,ZRX/USD
0.1942,0.1959,0.1816,0.1908,1508252400,1284.43,242.44,ZRX/USD
0.1907,0.2008,0.183,0.1839,1508256000,1594.33,305.68,ZRX/USD
0.1911,0.1992,0.1826,0.1907,1508259600,1995.02,384.01,ZRX/USD
0.1895,0.2,0.1853,0.1911,1508263200,1589.85,308.26,ZRX/USD
0.2002,0.2166,0.1862,0.1895,1508266800,3764.03,756.83,ZRX/USD
0.2089,0.2202,0.1918,0.2002,1508270400,3452.39,725.03,ZRX/USD
0.2051,0.221,0.196,0.2081,1508274000,2339.88,488.24,ZRX/USD
0.1989,0.2192,0.1972,0.2135,1508277600,2074.25,436.62,ZRX/USD
0.2114,0.221,0.1977,0.2159,1508281200,1658.38,352.07,ZRX/USD
0.2122,0.2196,0.1989,0.2114,1508284800,2011.2,417.37,ZRX/USD
0.207,0.207,0.207,0.207,1508288400,26.25,5.43,ZRX/USD
0.2155,0.2201,0.2036,0.207,1508292000,1486.57,315.51,ZRX/USD
0.2061,0.22,0.2034,0.2155,1508295600,1105.38,232.81,ZRX/USD
0.2097,0.2199,0.2041,0.2133,1508299200,1245.46,263.97,ZRX/USD
0.2084,0.2191,0.2044,0.208,1508302800,400.8,84.92,ZRX/USD
0.2054,0.2196,0.2043,0.21,1508306400,176.32,37.4,ZRX/USD
0.2157,0.2196,0.2076,0.2126,1508310000,813.89,174.01,ZRX/USD
0.2164,0.2204,0.2084,0.2157,1508313600,1346.99,288.92,ZRX/USD
0.2136,0.2164,0.2103,0.2164,1508317200,1419.46,301.4,ZRX/USD
0.2085,0.2145,0.2056,0.2136,1508320800,1521.65,320.27,ZRX/USD
0.206,0.214,0.205,0.2085,1508324400,1506.19,315.58,ZRX/USD
0.2064,0.2139,0.205,0.2078,1508328000,1284.25,269.36,ZRX/USD
0.198,0.2139,0.18,0.2064,1508331600,3231.77,640.2,ZRX/USD
0.1955,0.2103,0.184,0.2094,1508335200,3151.74,628.93,ZRX/USD
0.2007,0.2105,0.1928,0.1994,1508338800,1290.93,261.28,ZRX/USD
0.2124,0.2132,0.1884,0.2007,1508342400,3063.45,626.44,ZRX/USD
0.2035,0.2133,0.201,0.2124,1508346000,1977.7,413.62,ZRX/USD
0.2093,0.2135,0.2035,0.2035,1508349600,1916.06,403.22,ZRX/USD
0.213,0.2188,0.2036,0.2086,1508353200,1668.26,352.41,ZRX/USD
0.2166,0.2191,0.204,0.2131,1508356800,1448.85,307.03,ZRX/USD
0.2191,0.2202,0.2038,0.2166,1508360400,1464.69,311.86,ZRX/USD
0.2211,0.2282,0.2043,0.2126,1508364000,1587.3,341.27,ZRX/USD
0.2257,0.2288,0.209,0.215,1508367600,2267.56,503.65,ZRX/USD
0.221,0.229,0.2188,0.2257,1508371200,2040.18,458.04,ZRX/USD
0.226,0.2296,0.218,0.221,1508374800,1614.96,360.76,ZRX/USD
0.2237,0.2286,0.2076,0.2228,1508378400,1887.9,417.84,ZRX/USD
0.2207,0.2264,0.2097,0.2237,1508382000,1288.73,282.37,ZRX/USD
0.2222,0.2266,0.2167,0.2207,1508385600,1083.16,239.7,ZRX/USD
0.2213,0.2291,0.2185,0.2222,1508389200,1421.96,318.27,ZRX/USD
0.2269,0.2278,0.2071,0.2265,1508392800,1475.89,324.28,ZRX/USD
0.2248,0.2271,0.2159,0.2269,1508396400,1123.4,249.34,ZRX/USD
0.2221,0.2254,0.2168,0.2248,1508400000,3124.89,683.99,ZRX/USD
0.2212,0.2267,0.207,0.2221,1508403600,2360.42,510.9,ZRX/USD
0.2182,0.2262,0.2084,0.2212,1508407200,1633.23,351.63,ZRX/USD
0.2131,0.2219,0.2089,0.2182,1508410800,1380.03,297.62,ZRX/USD
0.2196,0.2211,0.2101,0.2131,1508414400,1218.24,262.42,ZRX/USD
0.2209,0.221,0.2106,0.2196,1508418000,1108.52,239.51,ZRX/USD
0.2086,0.222,0.205,0.2209,1508421600,1938.37,418.35,ZRX/USD
0.2126,0.2273,0.2054,0.2086,1508425200,1228.68,266.49,ZRX/USD
0.2252,0.2271,0.2077,0.2112,1508428800,1102.09,239.37,ZRX/USD
0.2125,0.2273,0.2083,0.22,1508432400,1518.67,331.41,ZRX/USD
0.2105,0.2253,0.2084,0.2125,1508436000,1188.52,256.86,ZRX/USD
0.2179,0.225,0.2083,0.2105,1508439600,1052.14,227.15,ZRX/USD
0.2248,0.2259,0.2075,0.2179,1508443200,1312.35,285.19,ZRX/USD
0.2112,0.2287,0.2078,0.2248,1508446800,1646.01,362.41,ZRX/USD
0.2189,0.2279,0.2083,0.22,1508450400,1202.17,262.97,ZRX/USD
0.2155,0.2285,0.2084,0.2217,1508454000,1135.37,248.63,ZRX/USD
0.2168,0.2288,0.2085,0.2155,1508457600,1042.43,226.39,ZRX/USD
0.2177,0.2285,0.2088,0.2168,1508461200,1043.75,228.12,ZRX/USD
0.2118,0.2289,0.2097,0.2177,1508464800,1207.69,265.3,ZRX/USD
0.217,0.2289,0.2119,0.2136,1508468400,1228.08,272.6,ZRX/USD
0.2201,0.229,0.2131,0.2273,1508472000,1791.44,392.92,ZRX/USD
0.2204,0.2289,0.2139,0.2214,1508475600,1176.53,260.06,ZRX/USD
0.2281,0.229,0.2132,0.2269,1508479200,1422.27,312.45,ZRX/USD
0.2255,0.2289,0.2155,0.2281,1508482800,1153.55,257.47,ZRX/USD
0.2281,0.2289,0.2159,0.2216,1508486400,1119.33,248.09,ZRX/USD
0.2218,0.23,0.2187,0.2281,1508490000,1272.65,284.63,ZRX/USD
0.2281,0.23,0.218,0.2255,1508493600,1611.28,364.2,ZRX/USD
0.2238,0.2293,0.2181,0.2207,1508497200,1319.99,293.49,ZRX/USD
0.2232,0.2281,0.2185,0.2238,1508500800,1275.6,283.68,ZRX/USD
0.2242,0.2251,0.2184,0.2232,1508504400,1215.41,269.73,ZRX/USD
0.2208,0.2255,0.2185,0.2194,1508508000,1367.83,304.58,ZRX/USD
0.221,0.2249,0.2181,0.2208,1508511600,2777.84,610.48,ZRX/USD
0.2194,0.225,0.2181,0.221,1508515200,3214.75,704.53,ZRX/USD
0.2213,0.2216,0.2152,0.2194,1508518800,2569.23,561.42,ZRX/USD
0.2215,0.2216,0.2154,0.2213,1508522400,1425.7,311.73,ZRX/USD
0.2208,0.2218,0.2155,0.2213,1508526000,1166.69,255.34,ZRX/USD
0.2204,0.2214,0.2155,0.2208,1508529600,1145.9,250.44,ZRX/USD
0.2167,0.2216,0.215,0.2175,1508533200,1076.51,234.79,ZRX/USD
0.2163,0.2214,0.215,0.2201,1508536800,1237.75,269.35,ZRX/USD
0.2172,0.2212,0.2154,0.2163,1508540400,1115.55,243.1,ZRX/USD
0.2104,0.2212,0.2074,0.2191,1508544000,1584.2,341.47,ZRX/USD
0.2107,0.221,0.2072,0.2122,1508547600,1479.9,316.71,ZRX/USD
0.2074,0.2221,0.2064,0.2107,1508551200,1214.53,260.31,ZRX/USD
0.2208,0.221,0.2073,0.2206,1508554800,1154.55,247.78,ZRX/USD
0.2201,0.2208,0.1949,0.2208,1508558400,1971.37,408.86,ZRX/USD
0.211,0.2205,0.1948,0.2066,1508562000,2057.55,428.63,ZRX/USD
0.2142,0.2201,0.1955,0.211,1508565600,1441.26,298.2,ZRX/USD
0.2034,0.2198,0.1944,0.2036,1508569200,1350.36,279.91,ZRX/USD
0.2125,0.2202,0.195,0.2054,1508572800,1171.53,244.21,ZRX/USD
0.2125,0.2202,0.195,0.2054,1508572800,1171.53,244.21,ZRX/USD
0.2184,0.2202,0.1945,0.2125,1508576400,1182.8,246.6,ZRX/USD
0.2061,0.2196,0.1944,0.2184,1508580000,1078.96,223.51,ZRX/USD
0.2078,0.2198,0.1944,0.2061,1508583600,1227.91,253.58,ZRX/USD
0.2072,0.2205,0.1966,0.2078,1508587200,1337.39,279.41,ZRX/USD
0.2044,0.2134,0.1961,0.2072,1508590800,1641.52,335.7,ZRX/USD
0.2093,0.214,0.2008,0.2013,1508594400,1306.8,271.37,ZRX/USD
0.212,0.2137,0.1969,0.2136,1508598000,1382.07,285.08,ZRX/USD
0.2043,0.2138,0.201,0.2119,1508601600,1253.0,260.07,ZRX/USD
0.2077,0.2137,0.1943,0.2043,1508605200,1472.79,301.14,ZRX/USD
0.2056,0.2124,0.1953,0.2077,1508608800,1529.47,309.94,ZRX/USD
0.2052,0.2093,0.1963,0.2091,1508612400,1432.29,290.73,ZRX/USD
0.2115,0.2142,0.1978,0.2052,1508616000,1442.94,298.17,ZRX/USD
0.2066,0.2139,0.1975,0.2034,1508619600,1150.0,235.96,ZRX/USD
0.2064,0.2139,0.1996,0.2066,1508623200,1390.78,287.81,ZRX/USD
0.2068,0.2149,0.2009,0.2064,1508626800,1606.67,332.22,ZRX/USD
0.2083,0.2139,0.201,0.2131,1508630400,1128.7,234.97,ZRX/USD
0.2054,0.2137,0.2009,0.2083,1508634000,1120.65,232.3,ZRX/USD
0.2032,0.2138,0.2008,0.2086,1508637600,1067.77,221.45,ZRX/USD
0.2112,0.2136,0.2008,0.2031,1508641200,1063.65,219.61,ZRX/USD
0.2125,0.2137,0.1973,0.2104,1508644800,1159.81,239.84,ZRX/USD
0.209,0.2136,0.1972,0.2125,1508648400,1379.54,282.29,ZRX/USD
0.2086,0.2134,0.1971,0.209,1508652000,1269.26,260.05,ZRX/USD
0.2054,0.2146,0.1971,0.2086,1508655600,1056.68,216.97,ZRX/USD
0.1974,0.2137,0.1974,0.2054,1508659200,1227.41,253.19,ZRX/USD
0.2085,0.212,0.1974,0.2015,1508662800,1235.4,253.29,ZRX/USD
0.2044,0.2122,0.1981,0.2101,1508666400,1299.2,267.78,ZRX/USD
0.2099,0.2122,0.2007,0.2044,1508670000,1287.92,265.27,ZRX/USD
0.2017,0.2121,0.2,0.2057,1508673600,1230.36,254.26,ZRX/USD
0.2068,0.2123,0.2,0.2017,1508677200,1165.52,240.76,ZRX/USD
0.2103,0.2123,0.2009,0.2068,1508680800,1092.02,226.03,ZRX/USD
0.2046,0.2123,0.2009,0.207,1508684400,1073.29,221.47,ZRX/USD
0.2017,0.2134,0.1975,0.2046,1508688000,1478.7,302.82,ZRX/USD
0.2132,0.2135,0.1972,0.2096,1508691600,1159.23,238.11,ZRX/USD
0.1971,0.2137,0.1971,0.2132,1508695200,1057.69,218.12,ZRX/USD
0.2083,0.2139,0.1971,0.1971,1508698800,1115.35,229.35,ZRX/USD
0.2088,0.2151,0.1974,0.2083,1508702400,1225.9,253.05,ZRX/USD
0.2025,0.214,0.1975,0.2088,1508706000,1161.81,237.85,ZRX/USD
0.2002,0.213,0.1974,0.2004,1508709600,1109.34,227.83,ZRX/USD
0.2092,0.213,0.1972,0.2002,1508713200,1094.05,224.92,ZRX/USD
0.2109,0.2129,0.1973,0.2092,1508716800,1152.06,236.6,ZRX/USD
0.1998,0.213,0.1929,0.2109,1508720400,1218.21,247.8,ZRX/USD
0.2086,0.2127,0.1948,0.1998,1508724000,1306.36,265.75,ZRX/USD
0.2047,0.2127,0.194,0.2071,1508727600,1266.62,255.09,ZRX/USD
0.1954,0.2128,0.194,0.1966,1508731200,1180.24,241.07,ZRX/USD
0.2036,0.2128,0.193,0.2057,1508734800,1157.74,235.81,ZRX/USD
0.2007,0.2125,0.1835,0.1967,1508738400,1856.47,371.26,ZRX/USD
0.1901,0.2122,0.1868,0.2007,1508742000,1357.68,271.37,ZRX/USD
0.1955,0.2123,0.1867,0.1901,1508745600,1381.74,276.85,ZRX/USD
0.1928,0.2122,0.1879,0.1955,1508749200,1200.89,240.86,ZRX/USD
0.2075,0.2123,0.1873,0.1928,1508752800,1292.22,259.35,ZRX/USD
0.1917,0.2119,0.1906,0.2075,1508756400,1234.9,248.78,ZRX/USD
0.2094,0.2126,0.1878,0.1917,1508760000,1411.18,283.28,ZRX/USD
0.1908,0.2127,0.187,0.2094,1508763600,1490.98,300.8,ZRX/USD
0.204,0.2123,0.1865,0.1908,1508767200,1421.21,284.08,ZRX/USD
0.2006,0.2119,0.18,0.1932,1508770800,1463.88,288.97,ZRX/USD
0.1896,0.2095,0.1814,0.2006,1508774400,2062.77,404.84,ZRX/USD
0.2002,0.2046,0.189,0.1896,1508778000,1225.41,242.02,ZRX/USD
0.1852,0.2033,0.182,0.2002,1508781600,1328.74,256.03,ZRX/USD
0.198,0.2041,0.1823,0.1852,1508785200,1185.08,229.39,ZRX/USD
0.1817,0.205,0.1817,0.1988,1508788800,1220.34,235.08,ZRX/USD
0.1852,0.2042,0.1806,0.1956,1508792400,1201.09,231.17,ZRX/USD
0.1968,0.2041,0.1814,0.1949,1508796000,1142.45,220.17,ZRX/USD
0.1968,0.2041,0.1815,0.1863,1508799600,1147.32,221.04,ZRX/USD
0.1892,0.2055,0.182,0.1968,1508803200,1139.18,220.87,ZRX/USD
0.1877,0.204,0.1801,0.1989,1508806800,1215.38,233.65,ZRX/USD
0.1901,0.2044,0.1862,0.1942,1508810400,1566.34,304.71,ZRX/USD
0.1905,0.2042,0.1862,0.1973,1508814000,1428.36,277.81,ZRX/USD
0.1965,0.2055,0.1868,0.1905,1508817600,1992.31,398.22,ZRX/USD
0.2021,0.2055,0.1957,0.1965,1508821200,2752.78,558.27,ZRX/USD
0.2019,0.2055,0.1961,0.2009,1508824800,6910.56,1397.54,ZRX/USD
0.2102,0.2119,0.1971,0.2008,1508828400,1558.5,317.1,ZRX/USD
0.2116,0.2132,0.2005,0.2102,1508832000,2029.42,421.76,ZRX/USD
0.2062,0.2131,0.1965,0.2116,1508835600,1336.09,275.45,ZRX/USD
0.2118,0.2151,0.1991,0.2126,1508839200,1790.31,368.74,ZRX/USD
0.212,0.214,0.198,0.2118,1508842800,1554.89,319.79,ZRX/USD
0.2132,0.2132,0.188,0.2031,1508846400,1613.89,327.59,ZRX/USD
0.1941,0.2137,0.1882,0.1949,1508850000,1899.69,383.92,ZRX/USD
0.1989,0.214,0.1962,0.2012,1508853600,1416.83,292.02,ZRX/USD
0.2124,0.2143,0.197,0.2023,1508857200,1464.75,304.61,ZRX/USD
0.212,0.2143,0.2008,0.2124,1508860800,1230.36,254.3,ZRX/USD
0.2,0.2142,0.2,0.212,1508864400,3657.06,740.04,ZRX/USD
0.2092,0.2111,0.2,0.2,1508868000,1243.57,258.35,ZRX/USD
0.2151,0.2151,0.2092,0.2092,1508871600,1440.43,309.1,ZRX/USD
0.2151,0.2151,0.2151,0.2151,1508875200,2.66,0.5721,ZRX/USD
0.2044,0.2151,0.2014,0.2151,1508878800,1554.84,323.86,ZRX/USD
0.2125,0.215,0.2044,0.2044,1508882400,1764.65,369.56,ZRX/USD
0.2106,0.2136,0.2,0.2125,1508886000,2875.01,594.28,ZRX/USD
0.2022,0.2135,0.2,0.2106,1508889600,3221.76,660.66,ZRX/USD
0.2001,0.2142,0.1928,0.2057,1508893200,2471.64,500.97,ZRX/USD
0.2087,0.2151,0.1914,0.2053,1508896800,1811.23,372.87,ZRX/USD
0.1996,0.2151,0.196,0.2087,1508900400,2312.03,472.41,ZRX/USD
0.2093,0.2138,0.1963,0.2081,1508904000,928.8,190.7,ZRX/USD
0.2041,0.2134,0.195,0.2093,1508907600,2196.79,442.77,ZRX/USD
0.2002,0.2123,0.2002,0.2041,1508911200,2041.72,424.78,ZRX/USD
0.2107,0.2139,0.1972,0.2002,1508914800,1397.82,294.21,ZRX/USD
0.1987,0.2139,0.1961,0.2107,1508918400,1301.58,267.1,ZRX/USD
0.2098,0.2139,0.1969,0.1987,1508922000,1114.41,229.62,ZRX/USD
0.2103,0.2138,0.1963,0.2,1508925600,1079.03,221.55,ZRX/USD
0.2006,0.2139,0.1964,0.2103,1508929200,1387.1,281.82,ZRX/USD
0.2068,0.2138,0.195,0.2006,1508932800,1265.37,263.9,ZRX/USD
0.2026,0.2135,0.1963,0.2068,1508936400,1370.94,274.6,ZRX/USD
0.1955,0.2135,0.1953,0.2004,1508940000,1339.57,271.56,ZRX/USD
0.195,0.1987,0.1903,0.1955,1508943600,3490.74,677.11,ZRX/USD
0.1965,0.2137,0.1907,0.1943,1508947200,1819.89,369.29,ZRX/USD
0.2062,0.2137,0.1747,0.1948,1508950800,2541.12,491.77,ZRX/USD
0.1979,0.2082,0.1955,0.2062,1508954400,1676.58,335.87,ZRX/USD
0.2009,0.2042,0.1852,0.1979,1508958000,2113.53,416.42,ZRX/USD
0.1901,0.2011,0.1875,0.1907,1508961600,2549.52,491.82,ZRX/USD
0.1897,0.1953,0.1873,0.1901,1508965200,2556.86,488.84,ZRX/USD
0.1911,0.1952,0.1872,0.1897,1508968800,1705.93,325.6,ZRX/USD
0.1917,0.1961,0.1877,0.1914,1508972400,1408.22,270.29,ZRX/USD
0.1916,0.196,0.1875,0.1917,1508976000,1764.01,340.16,ZRX/USD
0.1882,0.207,0.1875,0.1893,1508979600,1939.71,376.01,ZRX/USD
0.2069,0.2081,0.1884,0.1963,1508983200,2311.78,459.15,ZRX/USD
0.1972,0.2092,0.1892,0.2069,1508986800,1767.32,351.93,ZRX/USD
0.2002,0.208,0.1901,0.1999,1508990400,1529.54,305.74,ZRX/USD
0.1951,0.2083,0.1921,0.2002,1508994000,1518.52,304.82,ZRX/USD
0.2073,0.2083,0.1923,0.1951,1508997600,1307.17,262.24,ZRX/USD
0.2052,0.2083,0.173,0.2073,1509001200,3518.45,669.11,ZRX/USD
0.2015,0.207,0.1777,0.2052,1509004800,2266.91,436.68,ZRX/USD
0.1904,0.2088,0.1718,0.1946,1509008400,3023.11,559.26,ZRX/USD
0.196,0.2042,0.1898,0.1988,1509012000,1326.41,259.35,ZRX/USD
0.1941,0.2009,0.1899,0.196,1509015600,1864.38,367.12,ZRX/USD
0.2002,0.2131,0.1911,0.1954,1509019200,2815.66,566.35,ZRX/USD
0.1973,0.2071,0.1906,0.2002,1509022800,1340.26,268.05,ZRX/USD
0.2021,0.207,0.1898,0.2009,1509026400,1374.26,276.34,ZRX/USD
0.2022,0.2071,0.197,0.2014,1509030000,1383.36,280.21,ZRX/USD
0.2058,0.2071,0.1976,0.2005,1509033600,1224.83,248.17,ZRX/USD
0.1987,0.2069,0.1985,0.2058,1509037200,1256.58,254.46,ZRX/USD
0.203,0.2057,0.198,0.1987,1509040800,1817.27,364.22,ZRX/USD
0.2025,0.2054,0.1981,0.203,1509044400,1541.45,310.14,ZRX/USD
0.1947,0.2049,0.1942,0.1995,1509048000,1482.86,297.46,ZRX/USD
0.1938,0.2029,0.1918,0.2018,1509051600,2674.49,523.67,ZRX/USD
0.1926,0.1985,0.1918,0.1967,1509055200,1755.84,342.55,ZRX/USD
0.1932,0.2022,0.1913,0.1926,1509058800,6429.31,1237.02,ZRX/USD
0.1971,0.2021,0.192,0.2006,1509062400,1194.64,234.96,ZRX/USD
0.1944,0.2027,0.1921,0.1971,1509066000,1285.33,252.54,ZRX/USD
0.1969,0.2023,0.1921,0.1944,1509069600,1214.99,239.81,ZRX/USD
0.1947,0.2022,0.1913,0.2,1509073200,4635.27,893.13,ZRX/USD
0.1944,0.1996,0.1918,0.1947,1509076800,1358.17,266.09,ZRX/USD
0.1888,0.1989,0.1843,0.1944,1509080400,2133.64,409.09,ZRX/USD
0.185,0.199,0.1842,0.1866,1509084000,1639.26,313.69,ZRX/USD
0.1978,0.1991,0.1843,0.194,1509087600,1479.25,284.11,ZRX/USD
0.1963,0.1986,0.1844,0.1981,1509091200,1251.59,240.41,ZRX/USD
0.1873,0.1991,0.1844,0.1984,1509094800,1174.51,224.88,ZRX/USD
0.192,0.1991,0.1847,0.1873,1509098400,1218.83,233.52,ZRX/USD
0.1855,0.1984,0.1849,0.1908,1509102000,1339.59,256.31,ZRX/USD
0.1951,0.1963,0.1844,0.1946,1509105600,1293.95,246.53,ZRX/USD
0.1909,0.1964,0.1857,0.1867,1509109200,1216.41,233.02,ZRX/USD
0.1896,0.1967,0.1848,0.1922,1509112800,1571.38,300.45,ZRX/USD
0.1944,0.1965,0.1835,0.1878,1509116400,2213.26,415.5,ZRX/USD
0.1924,0.1963,0.1841,0.1852,1509120000,1239.5,235.53,ZRX/USD
0.1918,0.1962,0.1841,0.1911,1509123600,1259.81,238.1,ZRX/USD
0.1873,0.1947,0.184,0.1868,1509127200,1639.99,308.92,ZRX/USD
0.1913,0.1929,0.1834,0.1873,1509130800,2531.88,481.71,ZRX/USD
0.187,0.193,0.1844,0.1909,1509134400,1312.45,247.04,ZRX/USD
0.185,0.1932,0.1842,0.187,1509138000,1353.61,255.86,ZRX/USD
0.1912,0.194,0.185,0.185,1509141600,2333.47,445.1,ZRX/USD
0.1927,0.1963,0.1844,0.1912,1509145200,2316.86,441.34,ZRX/USD
0.1929,0.1969,0.1895,0.1959,1509148800,1845.59,356.26,ZRX/USD
0.1952,0.197,0.1906,0.1929,1509152400,1700.18,329.07,ZRX/USD
0.1938,0.197,0.1908,0.1952,1509156000,1405.94,272.58,ZRX/USD
0.1915,0.197,0.1913,0.1921,1509159600,1239.83,241.15,ZRX/USD
0.1891,0.197,0.1891,0.1915,1509163200,1963.02,375.88,ZRX/USD
0.1905,0.1965,0.1891,0.1891,1509166800,1634.59,315.98,ZRX/USD
0.1928,0.1967,0.1895,0.1905,1509170400,1677.08,323.22,ZRX/USD
0.191,0.1968,0.1896,0.1922,1509174000,1100.49,212.17,ZRX/USD
0.1941,0.1966,0.1896,0.1908,1509177600,2544.69,489.05,ZRX/USD
0.1873,0.1946,0.1841,0.1941,1509181200,1982.87,375.23,ZRX/USD
0.1902,0.194,0.1861,0.1873,1509184800,1523.19,288.33,ZRX/USD
0.1898,0.1913,0.1857,0.1902,1509188400,2690.68,504.5,ZRX/USD
0.1902,0.1942,0.1859,0.1898,1509192000,1404.45,265.93,ZRX/USD
0.1887,0.1937,0.1863,0.1902,1509195600,1362.37,257.66,ZRX/USD
0.1873,0.1937,0.186,0.1869,1509199200,1300.51,246.05,ZRX/USD
0.1878,0.1928,0.186,0.1923,1509202800,1949.3,365.83,ZRX/USD
0.1888,0.1949,0.1861,0.1878,1509206400,1685.32,321.01,ZRX/USD
0.1917,0.1949,0.1862,0.1884,1509210000,1227.48,232.27,ZRX/USD
0.1914,0.1949,0.1864,0.1902,1509213600,1369.22,260.21,ZRX/USD
0.1907,0.1945,0.1902,0.1906,1509217200,1600.5,307.0,ZRX/USD
0.1937,0.1951,0.1902,0.1907,1509220800,1435.03,275.53,ZRX/USD
0.1931,0.195,0.1858,0.1937,1509224400,2000.72,384.73,ZRX/USD
0.1938,0.195,0.1872,0.1922,1509228000,1221.4,233.75,ZRX/USD
0.1894,0.1954,0.1885,0.1938,1509231600,1461.86,281.57,ZRX/USD
0.1918,0.1947,0.1884,0.1894,1509235200,1250.51,239.5,ZRX/USD
0.1938,0.195,0.1893,0.1918,1509238800,14999.27,2886.11,ZRX/USD
0.1936,0.1951,0.1893,0.1943,1509242400,25445.94,4892.48,ZRX/USD
0.192,0.1952,0.1894,0.1936,1509246000,23630.08,4549.7,ZRX/USD
0.1918,0.1951,0.1893,0.192,1509249600,21649.05,4157.15,ZRX/USD
0.1934,0.1957,0.1894,0.1918,1509253200,19314.78,3717.21,ZRX/USD
0.195,0.1953,0.1894,0.1934,1509256800,14113.76,2716.78,ZRX/USD
0.1901,0.1953,0.189,0.1932,1509260400,21493.93,4132.63,ZRX/USD
0.1927,0.195,0.1842,0.1901,1509264000,31498.9,5963.61,ZRX/USD
0.1871,0.1941,0.1842,0.1927,1509267600,1300.82,246.25,ZRX/USD
0.1945,0.1946,0.1843,0.1871,1509271200,1642.06,314.43,ZRX/USD
0.1932,0.195,0.189,0.1945,1509274800,2324.95,444.37,ZRX/USD
0.1925,0.1937,0.1892,0.1932,1509278400,1232.61,235.49,ZRX/USD
0.1914,0.1947,0.1894,0.1925,1509282000,1534.24,295.06,ZRX/USD
0.1941,0.1986,0.1905,0.1907,1509285600,3360.05,653.88,ZRX/USD
0.1951,0.203,0.1936,0.1941,1509289200,2533.53,500.38,ZRX/USD
0.2019,0.203,0.1921,0.1951,1509292800,1740.86,346.36,ZRX/USD
0.1923,0.203,0.1923,0.2006,1509296400,1263.04,249.69,ZRX/USD
0.1978,0.203,0.1918,0.1994,1509300000,1153.55,228.18,ZRX/USD
0.2013,0.2028,0.192,0.1978,1509303600,1108.26,218.42,ZRX/USD
0.1958,0.203,0.1916,0.194,1509307200,1468.04,287.28,ZRX/USD
0.197,0.2022,0.194,0.1949,1509310800,1784.31,349.49,ZRX/USD
0.196,0.1979,0.1943,0.1943,1509314400,1617.15,316.86,ZRX/USD
0.1925,0.1976,0.1915,0.1945,1509318000,1789.24,348.36,ZRX/USD
0.194,0.1975,0.191,0.1925,1509321600,1305.91,253.76,ZRX/USD
0.1925,0.1984,0.1914,0.1924,1509325200,1252.8,244.12,ZRX/USD
0.1936,0.1984,0.191,0.197,1509328800,2688.85,519.01,ZRX/USD
0.1944,0.1983,0.1928,0.1936,1509332400,2284.58,448.79,ZRX/USD
0.1964,0.1989,0.1939,0.1971,1509336000,1341.91,263.32,ZRX/USD
0.196,0.199,0.194,0.1964,1509339600,1221.01,239.61,ZRX/USD
0.1976,0.1985,0.1936,0.196,1509343200,1427.72,279.5,ZRX/USD
0.1942,0.1984,0.1939,0.1946,1509346800,1172.77,230.05,ZRX/USD
0.1981,0.1983,0.1939,0.1942,1509350400,1215.92,238.84,ZRX/USD
0.1934,0.1982,0.1925,0.195,1509354000,2291.59,444.65,ZRX/USD
0.1911,0.197,0.1807,0.1934,1509357600,8830.54,1673.64,ZRX/USD
0.1849,0.1946,0.183,0.1943,1509361200,13272.48,2511.64,ZRX/USD
0.1906,0.1938,0.183,0.1849,1509364800,17957.36,3365.36,ZRX/USD
0.1891,0.1938,0.1834,0.1906,1509368400,13420.07,2526.51,ZRX/USD
0.1894,0.1935,0.1835,0.1891,1509372000,15752.86,2962.4,ZRX/USD
0.1933,0.1934,0.183,0.1894,1509375600,25421.78,4774.2,ZRX/USD
0.1857,0.1937,0.1836,0.1933,1509379200,22669.59,4263.42,ZRX/USD
0.186,0.1936,0.1842,0.1857,1509382800,20537.81,3868.08,ZRX/USD
0.1879,0.193,0.1833,0.186,1509386400,17055.88,3216.23,ZRX/USD
0.1876,0.1937,0.1839,0.1897,1509390000,14626.58,2757.35,ZRX/USD
0.1873,0.1928,0.184,0.1876,1509393600,22854.68,4298.73,ZRX/USD
0.1873,0.1925,0.1837,0.1882,1509397200,13908.63,2608.07,ZRX/USD
0.1867,0.1923,0.1836,0.1849,1509400800,8629.58,1623.63,ZRX/USD
0.1904,0.1921,0.1831,0.1903,1509404400,17356.54,3270.8,ZRX/USD
0.188,0.1905,0.1842,0.1904,1509408000,13041.3,2450.73,ZRX/USD
0.189,0.1908,0.1843,0.188,1509411600,18827.3,3532.26,ZRX/USD
0.1905,0.1905,0.1842,0.189,1509415200,24986.93,4691.81,ZRX/USD
0.19,0.1904,0.1841,0.1889,1509418800,24892.19,4681.96,ZRX/USD
0.1887,0.1905,0.184,0.19,1509422400,22844.47,4295.02,ZRX/USD
0.1874,0.1908,0.1847,0.1887,1509426000,14970.1,2822.72,ZRX/USD
0.1853,0.1905,0.1853,0.1872,1509429600,10321.3,1946.48,ZRX/USD
0.1873,0.1903,0.1831,0.1885,1509433200,5689.74,1063.61,ZRX/USD
0.1886,0.1892,0.1835,0.1873,1509436800,15502.4,2880.07,ZRX/USD
0.1867,0.1901,0.1839,0.1886,1509440400,22253.47,4155.45,ZRX/USD
0.1847,0.1897,0.1831,0.1871,1509444000,20712.76,3851.44,ZRX/USD
0.1865,0.1899,0.1836,0.187,1509447600,24176.32,4506.71,ZRX/USD
0.1838,0.1896,0.1838,0.1865,1509451200,16391.32,3058.62,ZRX/USD
0.1839,0.1884,0.181,0.1838,1509454800,13219.79,2428.0,ZRX/USD
0.1812,0.1887,0.1786,0.183,1509458400,14660.61,2665.7,ZRX/USD
0.1802,0.1831,0.1782,0.1812,1509462000,15900.77,2868.16,ZRX/USD
0.1772,0.1831,0.1764,0.1802,1509465600,13204.28,2351.82,ZRX/USD
0.1772,0.178,0.1762,0.1772,1509469200,3624.97,641.45,ZRX/USD
0.1758,0.1782,0.1713,0.1775,1509472800,14064.46,2469.2,ZRX/USD
0.1807,0.1861,0.1702,0.1758,1509476400,21513.57,3777.46,ZRX/USD
0.1849,0.1867,0.1736,0.1771,1509480000,14550.35,2625.72,ZRX/USD
0.1825,0.1875,0.1755,0.1792,1509483600,11338.41,2042.3,ZRX/USD
0.1754,0.1874,0.1725,0.1845,1509487200,20125.34,3633.68,ZRX/USD
0.1734,0.188,0.1717,0.178,1509490800,12362.99,2207.93,ZRX/USD
0.1715,0.1876,0.1702,0.1734,1509494400,23446.87,4099.2,ZRX/USD
0.1788,0.1828,0.1703,0.1715,1509498000,12300.94,2149.43,ZRX/USD
0.1778,0.1794,0.1713,0.1767,1509501600,11408.39,2005.73,ZRX/USD
0.1812,0.1833,0.1715,0.1738,1509505200,16295.37,2876.85,ZRX/USD
0.1823,0.1833,0.1711,0.1812,1509508800,9800.27,1742.77,ZRX/USD
0.1885,0.1945,0.1747,0.1823,1509512400,29200.99,5471.62,ZRX/USD
0.1979,0.2023,0.1853,0.192,1509516000,26686.72,5232.42,ZRX/USD
0.2027,0.2055,0.1826,0.1979,1509519600,32332.85,6472.71,ZRX/USD
0.1941,0.2038,0.1898,0.2036,1509523200,9875.43,1949.47,ZRX/USD
0.1902,0.2029,0.1888,0.1994,1509526800,9447.05,1819.25,ZRX/USD
0.1831,0.1914,0.1831,0.1907,1509530400,19781.56,3718.47,ZRX/USD
0.1856,0.1904,0.1778,0.1831,1509534000,8683.02,1598.79,ZRX/USD
0.1883,0.1892,0.1795,0.1832,1509537600,19325.91,3570.39,ZRX/USD
0.182,0.1894,0.1771,0.1888,1509541200,18494.22,3381.76,ZRX/USD
0.1878,0.1898,0.1774,0.182,1509544800,18115.99,3345.07,ZRX/USD
0.1861,0.1939,0.1785,0.1878,1509548400,22937.84,4255.93,ZRX/USD
0.1866,0.1898,0.179,0.1861,1509552000,19309.28,3548.76,ZRX/USD
0.1834,0.1892,0.1795,0.1809,1509555600,15544.33,2861.24,ZRX/USD
0.1842,0.1897,0.1797,0.1834,1509559200,9040.92,1671.36,ZRX/USD
0.1812,0.1901,0.1793,0.1842,1509562800,13738.01,2529.48,ZRX/USD
0.1876,0.1898,0.1794,0.1865,1509566400,10795.07,1996.79,ZRX/USD
0.1877,0.1896,0.1766,0.1895,1509570000,15076.76,2764.78,ZRX/USD
0.1801,0.1887,0.1745,0.1825,1509573600,18457.41,3321.79,ZRX/USD
0.1762,0.1901,0.1676,0.1848,1509577200,50198.45,8701.17,ZRX/USD
0.1707,0.1823,0.1657,0.1681,1509580800,19498.78,3368.5,ZRX/USD
0.1647,0.178,0.164,0.1681,1509584400,25567.86,4318.29,ZRX/USD
0.1689,0.1791,0.1637,0.1735,1509588000,12886.59,2206.75,ZRX/USD
0.1683,0.179,0.1648,0.1689,1509591600,4595.56,788.43,ZRX/USD
0.1654,0.179,0.165,0.1683,1509595200,16258.09,2768.56,ZRX/USD
0.1695,0.1743,0.1639,0.1654,1509598800,19174.42,3242.75,ZRX/USD
0.1706,0.1744,0.1649,0.1723,1509602400,15654.23,2655.91,ZRX/USD
0.1691,0.1744,0.1642,0.1706,1509606000,11558.59,1966.86,ZRX/USD
0.171,0.175,0.161,0.1697,1509609600,12342.67,2069.75,ZRX/USD
0.1698,0.1739,0.1613,0.171,1509613200,5586.14,939.79,ZRX/USD
0.1632,0.175,0.1614,0.1698,1509616800,15809.11,2644.1,ZRX/USD
0.1685,0.1735,0.1555,0.1632,1509620400,25817.33,4169.72,ZRX/USD
0.1674,0.1718,0.1611,0.1691,1509624000,12841.74,2139.84,ZRX/USD
0.1667,0.1717,0.1619,0.1674,1509627600,16937.4,2834.84,ZRX/USD
0.1679,0.1716,0.1609,0.1716,1509631200,10411.23,1729.57,ZRX/USD
0.1713,0.1716,0.166,0.1679,1509634800,13613.78,2299.94,ZRX/USD
0.1658,0.1712,0.1622,0.1712,1509638400,18606.66,3092.86,ZRX/USD
0.1651,0.1671,0.1621,0.1658,1509642000,13653.52,2241.2,ZRX/USD
0.1722,0.1781,0.1621,0.1653,1509645600,36608.39,6154.63,ZRX/USD
0.1754,0.1793,0.1641,0.1672,1509649200,24154.58,4128.57,ZRX/USD
0.1722,0.1789,0.1659,0.1754,1509652800,19898.04,3437.69,ZRX/USD
0.1712,0.1774,0.1654,0.1746,1509656400,16156.08,2734.77,ZRX/USD
0.1733,0.1785,0.1653,0.1712,1509660000,9234.34,1588.03,ZRX/USD
0.1665,0.1784,0.1657,0.1733,1509663600,6684.8,1151.41,ZRX/USD
0.1733,0.1776,0.1663,0.1665,1509667200,8024.67,1382.59,ZRX/USD
0.1671,0.1789,0.1665,0.1733,1509670800,19592.18,3352.23,ZRX/USD
0.1703,0.1787,0.1666,0.1751,1509674400,19475.67,3379.27,ZRX/USD
0.1732,0.1786,0.1653,0.1744,1509678000,11389.12,1956.46,ZRX/USD
0.1726,0.1782,0.1688,0.1732,1509681600,12752.15,2202.56,ZRX/USD
0.1743,0.1747,0.1689,0.1689,1509685200,16511.94,2843.64,ZRX/USD
0.1711,0.1748,0.1662,0.1743,1509688800,17171.46,2957.81,ZRX/USD
0.1685,0.1773,0.1664,0.1739,1509692400,20936.94,3582.41,ZRX/USD
0.1752,0.1791,0.1662,0.1685,1509696000,20866.5,3623.21,ZRX/USD
0.1699,0.1792,0.1667,0.1752,1509699600,18849.46,3270.58,ZRX/USD
0.1721,0.1788,0.1669,0.1699,1509703200,21007.82,3653.88,ZRX/USD
0.1758,0.1789,0.1669,0.1721,1509706800,21288.92,3691.28,ZRX/USD
0.1729,0.1826,0.1669,0.1758,1509710400,13517.05,2351.57,ZRX/USD
0.1747,0.18,0.1665,0.1685,1509714000,6317.74,1091.09,ZRX/USD
0.1789,0.1798,0.1665,0.169,1509717600,12253.03,2129.39,ZRX/USD
0.1776,0.1801,0.1666,0.1789,1509721200,11104.17,1926.35,ZRX/USD
0.1786,0.181,0.1716,0.1776,1509724800,86146.24,15419.66,ZRX/USD
0.1753,0.1789,0.1706,0.1751,1509728400,14117.39,2453.44,ZRX/USD
0.1725,0.1772,0.1704,0.1734,1509732000,20172.97,3502.56,ZRX/USD
0.1725,0.1768,0.17,0.1737,1509735600,14304.99,2483.81,ZRX/USD
0.1708,0.1767,0.1704,0.1725,1509739200,13114.39,2271.49,ZRX/USD
0.1745,0.1766,0.17,0.1703,1509742800,6166.83,1065.98,ZRX/USD
0.1754,0.1776,0.1702,0.1728,1509746400,18589.3,3228.31,ZRX/USD
0.1787,0.1799,0.1706,0.1754,1509750000,18526.94,3253.71,ZRX/USD
0.1787,0.1804,0.1708,0.1724,1509753600,13908.75,2458.13,ZRX/USD
0.1738,0.1804,0.1714,0.1787,1509757200,19392.49,3427.61,ZRX/USD
0.1707,0.181,0.1707,0.1738,1509760800,14435.55,2531.97,ZRX/USD
0.1736,0.1757,0.1709,0.171,1509764400,13317.76,2306.61,ZRX/USD
0.1798,0.181,0.171,0.1735,1509768000,11125.11,1943.75,ZRX/USD
0.1757,0.1801,0.1707,0.1798,1509771600,13764.64,2414.77,ZRX/USD
0.1768,0.1799,0.1706,0.1791,1509775200,15730.78,2741.13,ZRX/USD
0.1788,0.181,0.1707,0.1768,1509778800,15943.09,2791.94,ZRX/USD
0.1739,0.1812,0.171,0.1788,1509782400,15999.12,2827.51,ZRX/USD
0.1765,0.1829,0.1714,0.1758,1509786000,14557.4,2566.45,ZRX/USD
0.1732,0.1853,0.1712,0.1806,1509789600,18642.58,3330.49,ZRX/USD
0.1783,0.1866,0.1726,0.1732,1509793200,9732.57,1753.04,ZRX/USD
0.1864,0.189,0.1738,0.1783,1509796800,22738.04,4171.46,ZRX/USD
0.1871,0.191,0.1783,0.1875,1509800400,16469.34,3060.68,ZRX/USD
0.1867,0.1908,0.1821,0.1871,1509804000,11657.59,2167.31,ZRX/USD
0.1855,0.1915,0.1836,0.1867,1509807600,10258.63,1919.95,ZRX/USD
0.187,0.191,0.1846,0.186,1509811200,20290.47,3805.05,ZRX/USD
0.1857,0.191,0.184,0.187,1509814800,12697.13,2378.97,ZRX/USD
0.1869,0.1905,0.1839,0.1857,1509818400,22767.05,4254.78,ZRX/USD
0.1898,0.1903,0.184,0.1869,1509822000,21826.15,4092.87,ZRX/USD
0.1825,0.1905,0.1825,0.1898,1509825600,23709.26,4405.28,ZRX/USD
0.1854,0.19,0.1815,0.183,1509829200,16931.49,3126.95,ZRX/USD
0.19,0.1905,0.1819,0.1875,1509832800,10152.31,1896.69,ZRX/USD
0.1875,0.1907,0.1818,0.19,1509836400,3225.96,603.71,ZRX/USD
0.1825,0.191,0.1825,0.1875,1509840000,10294.96,1918.75,ZRX/USD
0.1854,0.1915,0.1818,0.1834,1509843600,14813.84,2749.1,ZRX/USD
0.187,0.1909,0.1824,0.1856,1509847200,1167.67,218.71,ZRX/USD
0.1879,0.191,0.1826,0.1881,1509850800,5310.73,990.0,ZRX/USD
0.1878,0.191,0.1842,0.191,1509854400,8683.85,1621.02,ZRX/USD
0.1896,0.1897,0.1842,0.189,1509858000,587.82,109.75,ZRX/USD
0.185,0.1897,0.1825,0.1896,1509861600,2566.71,479.59,ZRX/USD
0.1822,0.1895,0.1815,0.185,1509865200,7331.12,1359.93,ZRX/USD
0.1887,0.1895,0.1815,0.1822,1509868800,1989.58,367.71,ZRX/USD
0.1841,0.1895,0.1816,0.1825,1509872400,2837.94,522.77,ZRX/USD
0.1819,0.1893,0.1819,0.1841,1509876000,2897.01,536.16,ZRX/USD
0.1832,0.1894,0.1817,0.1819,1509879600,2266.79,421.21,ZRX/USD
0.1861,0.1884,0.181,0.1832,1509883200,5568.17,1016.4,ZRX/USD
0.1824,0.1873,0.181,0.1861,1509886800,3034.89,555.98,ZRX/USD
0.1814,0.1839,0.181,0.1824,1509890400,3639.79,661.64,ZRX/USD
0.1803,0.1824,0.1778,0.1814,1509894000,10871.27,1959.34,ZRX/USD
0.1779,0.1807,0.1775,0.1803,1509897600,4149.73,742.22,ZRX/USD
0.1778,0.1799,0.1774,0.1779,1509901200,5850.9,1044.22,ZRX/USD
0.1809,0.1854,0.1773,0.1778,1509904800,11632.5,2071.97,ZRX/USD
0.1851,0.1876,0.1773,0.1809,1509908400,7523.76,1374.07,ZRX/USD
0.1774,0.1877,0.1763,0.1851,1509912000,11721.33,2099.78,ZRX/USD
0.1791,0.1806,0.1761,0.1774,1509915600,1684.41,300.94,ZRX/USD
0.1774,0.1791,0.1736,0.1762,1509919200,5758.75,1015.46,ZRX/USD
0.1745,0.1776,0.1733,0.1739,1509922800,1934.2,339.01,ZRX/USD
0.1738,0.1761,0.1735,0.1735,1509926400,7825.77,1365.17,ZRX/USD
0.1777,0.1826,0.1736,0.1738,1509930000,10645.37,1885.35,ZRX/USD
0.1782,0.1815,0.1746,0.1777,1509933600,2761.33,493.04,ZRX/USD
0.1785,0.1815,0.1761,0.18,1509937200,2588.73,462.77,ZRX/USD
0.1757,0.1812,0.1746,0.1769,1509940800,18095.57,3192.8,ZRX/USD
0.1758,0.1769,0.1733,0.1757,1509944400,13325.0,2333.88,ZRX/USD
0.1756,0.1814,0.1735,0.1758,1509948000,9545.71,1681.29,ZRX/USD
0.1814,0.1814,0.1743,0.1744,1509951600,4910.75,872.52,ZRX/USD
0.1777,0.1814,0.1751,0.1795,1509955200,19726.94,3513.51,ZRX/USD
0.177,0.1815,0.175,0.1765,1509958800,24243.14,4329.47,ZRX/USD
0.1766,0.1813,0.1752,0.177,1509962400,22077.68,3932.91,ZRX/USD
0.1779,0.1815,0.1751,0.1766,1509966000,16705.48,2977.88,ZRX/USD
0.1838,0.1858,0.1763,0.1804,1509969600,25902.03,4678.29,ZRX/USD
0.185,0.1863,0.1796,0.1848,1509973200,23522.11,4303.69,ZRX/USD
0.1789,0.186,0.1772,0.185,1509976800,17047.4,3092.0,ZRX/USD
0.182,0.1823,0.1778,0.1789,1509980400,13395.27,2415.26,ZRX/USD
0.1804,0.1859,0.1778,0.182,1509984000,18787.77,3397.42,ZRX/USD
0.1802,0.1826,0.1774,0.1777,1509987600,16753.59,3021.83,ZRX/USD
0.1823,0.1837,0.1785,0.1829,1509991200,2768.62,500.92,ZRX/USD
0.1852,0.1852,0.1795,0.1823,1509994800,11258.61,2052.45,ZRX/USD
0.1853,0.1863,0.1805,0.1858,1509998400,20791.86,3821.79,ZRX/USD
0.1783,0.1859,0.1719,0.1845,1510002000,19873.77,3561.98,ZRX/USD
0.1791,0.1818,0.1734,0.1783,1510005600,16535.0,2959.28,ZRX/USD
0.1769,0.1809,0.1751,0.1799,1510009200,15613.98,2789.09,ZRX/USD
0.1809,0.1834,0.1769,0.1769,1510012800,18355.58,3308.26,ZRX/USD
0.1824,0.1834,0.1795,0.1809,1510016400,2848.9,513.13,ZRX/USD
0.1811,0.1831,0.1797,0.1824,1510020000,6425.99,1164.83,ZRX/USD
0.1833,0.1833,0.1797,0.1811,1510023600,6392.86,1160.58,ZRX/USD
0.1829,0.1833,0.1798,0.1833,1510027200,7148.31,1299.08,ZRX/USD
0.1827,0.1832,0.1799,0.1828,1510030800,1705.53,309.77,ZRX/USD
0.1828,0.1834,0.1797,0.1827,1510034400,8546.46,1548.6,ZRX/USD
0.1858,0.1862,0.1798,0.1811,1510038000,15341.19,2815.78,ZRX/USD
0.1888,0.1898,0.1818,0.1858,1510041600,20890.9,3906.66,ZRX/USD
0.1877,0.1897,0.1847,0.1888,1510045200,24638.25,4622.58,ZRX/USD
0.1897,0.1898,0.1855,0.1877,1510048800,26171.23,4920.64,ZRX/USD
0.1928,0.1937,0.187,0.1883,1510052400,18241.91,3459.21,ZRX/USD
0.194,0.1946,0.1873,0.1913,1510056000,17520.45,3367.09,ZRX/USD
0.1944,0.2,0.1893,0.194,1510059600,17480.33,3396.1,ZRX/USD
0.2,0.204,0.193,0.1945,1510063200,18943.65,3758.84,ZRX/USD
0.2012,0.2045,0.1945,0.2,1510066800,19245.0,3831.95,ZRX/USD
0.1987,0.2042,0.1893,0.2012,1510070400,12352.1,2476.35,ZRX/USD
0.2024,0.204,0.1977,0.1991,1510074000,15860.91,3180.56,ZRX/USD
0.1991,0.2036,0.1969,0.1992,1510077600,13677.03,2740.86,ZRX/USD
0.1973,0.1996,0.1876,0.1981,1510081200,8244.09,1609.58,ZRX/USD
0.1953,0.198,0.1933,0.1973,1510084800,7029.9,1376.13,ZRX/USD
0.1972,0.1996,0.1926,0.1953,1510088400,11050.83,2162.17,ZRX/USD
0.1982,0.1996,0.1935,0.1972,1510092000,3624.55,711.63,ZRX/USD
0.2003,0.204,0.1936,0.197,1510095600,24096.92,4773.32,ZRX/USD
0.2021,0.2042,0.1963,0.2003,1510099200,21143.34,4258.08,ZRX/USD
0.2041,0.2043,0.1984,0.2027,1510102800,18319.93,3708.42,ZRX/USD
0.2015,0.2043,0.1997,0.2041,1510106400,16647.26,3369.7,ZRX/USD
0.2028,0.2045,0.2,0.2038,1510110000,17956.2,3635.48,ZRX/USD
0.2085,0.2113,0.2012,0.2028,1510113600,15825.81,3264.27,ZRX/USD
0.2079,0.2113,0.2055,0.2075,1510117200,17163.49,3581.17,ZRX/USD
0.2074,0.211,0.2058,0.2079,1510120800,20789.31,4345.04,ZRX/USD
0.2069,0.2105,0.2053,0.2074,1510124400,6114.32,1271.25,ZRX/USD
0.2078,0.21,0.2051,0.2069,1510128000,9918.77,2055.52,ZRX/USD
0.2079,0.2097,0.2049,0.2055,1510131600,19680.0,4085.04,ZRX/USD
0.2082,0.2089,0.2047,0.2076,1510135200,18564.65,3840.16,ZRX/USD
0.2081,0.21,0.2051,0.2082,1510138800,17986.8,3737.61,ZRX/USD
0.2072,0.21,0.2049,0.2081,1510142400,9544.0,1983.86,ZRX/USD
0.2032,0.2082,0.2032,0.2059,1510146000,4761.65,978.75,ZRX/USD
0.2035,0.2081,0.2021,0.2057,1510149600,16902.18,3454.31,ZRX/USD
0.1997,0.2047,0.196,0.2025,1510153200,21745.61,4401.1,ZRX/USD
0.2015,0.2028,0.1951,0.2025,1510156800,14180.56,2827.28,ZRX/USD
0.1998,0.2053,0.1973,0.2015,1510160400,9514.81,1910.82,ZRX/USD
0.2122,0.2207,0.1984,0.1998,1510164000,36709.39,7669.5,ZRX/USD
0.2158,0.2207,0.2064,0.2118,1510167600,5636.24,1197.92,ZRX/USD
0.2211,0.2287,0.2122,0.2158,1510171200,25589.08,5640.27,ZRX/USD
0.22,0.2301,0.2149,0.2258,1510174800,29104.89,6366.26,ZRX/USD
0.218,0.2301,0.2155,0.217,1510178400,22999.87,5067.12,ZRX/USD
0.2166,0.2224,0.2149,0.2177,1510182000,31712.48,6870.61,ZRX/USD
0.217,0.2224,0.2152,0.2166,1510185600,6093.97,1319.79,ZRX/USD
0.2178,0.2216,0.2152,0.217,1510189200,7840.08,1714.81,ZRX/USD
0.2176,0.2215,0.215,0.2178,1510192800,7325.38,1599.15,ZRX/USD
0.217,0.2216,0.2155,0.2168,1510196400,6104.65,1335.08,ZRX/USD
0.2253,0.2266,0.2155,0.2213,1510200000,28128.79,6220.96,ZRX/USD
0.2274,0.2328,0.2194,0.2253,1510203600,27023.51,6141.02,ZRX/USD
0.2277,0.2312,0.2251,0.2277,1510207200,7174.17,1638.08,ZRX/USD
0.2289,0.231,0.2259,0.2277,1510210800,7911.95,1805.55,ZRX/USD
0.2329,0.2332,0.2271,0.2295,1510214400,14508.32,3341.23,ZRX/USD
0.2289,0.2329,0.2268,0.2329,1510218000,15171.72,3483.94,ZRX/USD
0.2296,0.2302,0.2268,0.2274,1510221600,10600.16,2426.07,ZRX/USD
0.2308,0.233,0.2255,0.23,1510225200,10462.19,2401.19,ZRX/USD
0.2269,0.2311,0.2259,0.228,1510228800,10369.93,2374.43,ZRX/USD
0.2277,0.2333,0.2259,0.2259,1510232400,24688.84,5715.06,ZRX/USD
0.2323,0.2389,0.2273,0.23,1510236000,14512.73,3372.08,ZRX/USD
0.2393,0.2455,0.2284,0.2323,1510239600,16852.06,4011.14,ZRX/USD
0.242,0.2455,0.2271,0.2393,1510243200,22224.45,5269.71,ZRX/USD
0.2362,0.2455,0.2255,0.2372,1510246800,10063.65,2350.39,ZRX/USD
0.2349,0.2452,0.2294,0.2362,1510250400,23539.86,5572.71,ZRX/USD
0.2387,0.2449,0.2262,0.2344,1510254000,21230.0,5047.54,ZRX/USD
0.2407,0.2436,0.2295,0.2431,1510257600,11749.97,2788.62,ZRX/USD
0.2327,0.2434,0.2281,0.2407,1510261200,12720.41,3011.32,ZRX/USD
0.2403,0.2428,0.2329,0.2364,1510264800,1428.45,341.04,ZRX/USD
0.2341,0.2428,0.2275,0.2403,1510268400,8458.71,1973.84,ZRX/USD
0.2319,0.238,0.2276,0.2364,1510272000,15407.51,3571.46,ZRX/USD
0.2353,0.237,0.2273,0.2319,1510275600,17400.78,4031.24,ZRX/USD
0.2313,0.2363,0.2275,0.2353,1510279200,16694.5,3868.59,ZRX/USD
0.229,0.2392,0.2274,0.2313,1510282800,12152.98,2821.85,ZRX/USD
0.2315,0.2383,0.2276,0.2357,1510286400,12132.58,2812.56,ZRX/USD
0.2336,0.2371,0.2277,0.2291,1510290000,17059.48,3968.6,ZRX/USD
0.2313,0.2375,0.2283,0.235,1510293600,16689.95,3889.58,ZRX/USD
0.2317,0.2372,0.2283,0.2302,1510297200,17480.07,4063.03,ZRX/USD
0.2349,0.2356,0.2281,0.2317,1510300800,11509.99,2668.39,ZRX/USD
0.2353,0.2372,0.2276,0.2349,1510304400,22398.56,5202.66,ZRX/USD
0.2286,0.2358,0.2262,0.2312,1510308000,8815.11,2026.81,ZRX/USD
0.2237,0.2334,0.2219,0.2262,1510311600,16287.98,3710.19,ZRX/USD
0.2149,0.2296,0.2149,0.2237,1510315200,224750.12,48419.61,ZRX/USD
0.2192,0.2304,0.2103,0.2149,1510318800,66358.94,14249.78,ZRX/USD
0.2142,0.2213,0.2103,0.2192,1510322400,2647.4,568.55,ZRX/USD
0.2121,0.2212,0.2058,0.2142,1510326000,6606.18,1401.22,ZRX/USD
0.2073,0.2204,0.2059,0.2121,1510329600,825.05,175.54,ZRX/USD
0.2156,0.2203,0.2059,0.2073,1510333200,600.83,128.1,ZRX/USD
0.2021,0.2194,0.1966,0.2177,1510336800,20011.89,4177.26,ZRX/USD
0.2111,0.214,0.195,0.2021,1510340400,10321.63,2095.12,ZRX/USD
0.1952,0.2117,0.191,0.2111,1510344000,11691.8,2343.0,ZRX/USD
0.1986,0.2087,0.18,0.1953,1510347600,27939.07,5382.1,ZRX/USD
0.2111,0.2208,0.1863,0.1896,1510351200,26156.02,5421.28,ZRX/USD
0.192,0.216,0.1855,0.1932,1510354800,17670.79,3477.89,ZRX/USD
0.1993,0.2077,0.1908,0.192,1510358400,12806.9,2570.65,ZRX/USD
0.2007,0.2074,0.196,0.1993,1510362000,4202.65,844.85,ZRX/USD
0.204,0.2079,0.1941,0.2007,1510365600,7990.22,1609.44,ZRX/USD
0.2016,0.2077,0.1949,0.204,1510369200,21144.98,4255.58,ZRX/USD
0.2062,0.207,0.1965,0.2016,1510372800,19159.46,3886.39,ZRX/USD
0.1986,0.2077,0.1952,0.1973,1510376400,20254.11,4087.03,ZRX/USD
0.2058,0.2074,0.1962,0.2015,1510380000,15060.32,3051.98,ZRX/USD
0.2025,0.2075,0.1949,0.2058,1510383600,15902.36,3226.93,ZRX/USD
0.2073,0.2186,0.1999,0.2025,1510387200,16809.56,3452.32,ZRX/USD
0.208,0.2145,0.2006,0.2073,1510390800,14065.03,2923.19,ZRX/USD
0.2047,0.2139,0.2029,0.21,1510394400,4166.79,866.01,ZRX/USD
0.2054,0.2104,0.1994,0.2047,1510398000,13056.52,2674.08,ZRX/USD
0.1957,0.2083,0.1945,0.2011,1510401600,20435.31,4105.85,ZRX/USD
0.1995,0.2066,0.1934,0.2031,1510405200,11977.8,2396.71,ZRX/USD
0.1952,0.2057,0.1942,0.2043,1510408800,8240.43,1637.04,ZRX/USD
0.2047,0.205,0.1939,0.1952,1510412400,1800.49,357.57,ZRX/USD
0.1992,0.205,0.1929,0.2047,1510416000,17084.09,3395.24,ZRX/USD
0.1963,0.2056,0.1934,0.1992,1510419600,10552.29,2098.1,ZRX/USD
0.2012,0.2047,0.1935,0.1963,1510423200,23213.63,4637.08,ZRX/USD
0.208,0.2142,0.1991,0.1991,1510426800,20006.97,4148.56,ZRX/USD
0.2011,0.235,0.1819,0.2109,1510430400,214038.76,40210.86,ZRX/USD
0.2006,0.2113,0.1947,0.2099,1510434000,17638.94,3542.02,ZRX/USD
0.194,0.2037,0.1914,0.202,1510437600,19063.64,3764.06,ZRX/USD
0.1931,0.1993,0.1905,0.1977,1510441200,8481.37,1643.82,ZRX/USD
0.1928,0.1981,0.1906,0.1931,1510444800,2164.52,423.02,ZRX/USD
0.1923,0.1969,0.1904,0.1928,1510448400,4150.68,802.91,ZRX/USD
0.1908,0.1955,0.1903,0.1923,1510452000,4786.68,919.46,ZRX/USD
0.1885,0.1943,0.1853,0.1923,1510455600,14093.74,2663.43,ZRX/USD
0.1866,0.1891,0.1831,0.1885,1510459200,8376.38,1561.22,ZRX/USD
0.1793,0.1881,0.1755,0.1866,1510462800,18698.75,3397.95,ZRX/USD
0.1718,0.1843,0.1713,0.1826,1510466400,18674.44,3290.43,ZRX/USD
0.1842,0.1885,0.1705,0.1718,1510470000,21065.49,3787.67,ZRX/USD
0.1853,0.1875,0.181,0.1864,1510473600,18245.22,3382.02,ZRX/USD
0.1815,0.1875,0.1805,0.1853,1510477200,17356.97,3191.64,ZRX/USD
0.186,0.1875,0.1807,0.1815,1510480800,8334.05,1537.25,ZRX/USD
0.1827,0.1887,0.18,0.186,1510484400,16641.87,3053.17,ZRX/USD
0.1812,0.1858,0.1773,0.1827,1510488000,20958.06,3784.05,ZRX/USD
0.1834,0.1855,0.1756,0.179,1510491600,18294.55,3299.12,ZRX/USD
0.1841,0.1898,0.1805,0.1816,1510495200,17961.51,3354.47,ZRX/USD
0.1909,0.1941,0.1824,0.1841,1510498800,23788.75,4494.34,ZRX/USD
0.1858,0.1938,0.1849,0.1906,1510502400,13067.44,2470.66,ZRX/USD
0.188,0.1909,0.1842,0.1858,1510506000,13406.34,2508.16,ZRX/USD
0.1902,0.1937,0.1834,0.188,1510509600,22181.54,4158.26,ZRX/USD
0.1882,0.191,0.1825,0.1902,1510513200,13813.32,2579.49,ZRX/USD
0.185,0.1945,0.1825,0.1877,1510516800,21791.89,4068.58,ZRX/USD
0.1829,0.1898,0.1813,0.1831,1510520400,11399.35,2105.82,ZRX/USD
0.182,0.1833,0.1772,0.1817,1510524000,11820.33,2143.46,ZRX/USD
0.1942,0.1943,0.1802,0.182,1510527600,11435.26,2107.03,ZRX/USD
0.1994,0.2074,0.1836,0.1886,1510531200,25128.22,4865.49,ZRX/USD
0.1955,0.2075,0.1921,0.1998,1510534800,20651.02,4107.14,ZRX/USD
0.1964,0.1986,0.1927,0.1984,1510538400,1539.08,301.0,ZRX/USD
0.1966,0.1985,0.1926,0.1964,1510542000,7498.33,1469.4,ZRX/USD
0.1978,0.1985,0.1926,0.1966,1510545600,5144.62,1004.07,ZRX/USD
0.1972,0.2015,0.1915,0.1978,1510549200,13980.52,2732.96,ZRX/USD
0.1912,0.2003,0.1871,0.1935,1510552800,7334.76,1421.94,ZRX/USD
0.1897,0.1939,0.1833,0.1912,1510556400,23402.94,4432.66,ZRX/USD
0.1906,0.1955,0.1878,0.1887,1510560000,15608.41,2990.84,ZRX/USD
0.1961,0.1995,0.1906,0.1906,1510563600,14368.33,2809.51,ZRX/USD
0.1986,0.1997,0.1936,0.1961,1510567200,10200.84,2018.85,ZRX/USD
0.1968,0.2058,0.1951,0.1986,1510570800,14368.44,2857.69,ZRX/USD
0.1983,0.2053,0.195,0.1968,1510574400,7820.79,1558.58,ZRX/USD
0.2008,0.206,0.1962,0.1983,1510578000,17726.88,3562.59,ZRX/USD
0.1977,0.2038,0.1934,0.2008,1510581600,11820.36,2322.6,ZRX/USD
0.1971,0.2043,0.1796,0.1939,1510585200,26257.98,5156.96,ZRX/USD
0.1899,0.1991,0.1873,0.1971,1510588800,19015.95,3678.99,ZRX/USD
0.191,0.1949,0.1873,0.1899,1510592400,11320.37,2168.69,ZRX/USD
0.1885,0.1941,0.188,0.191,1510596000,3708.18,708.74,ZRX/USD
0.1963,0.2048,0.1882,0.1917,1510599600,14560.14,2834.71,ZRX/USD
0.1878,0.2042,0.1876,0.1963,1510603200,20557.67,3988.34,ZRX/USD
0.1889,0.1946,0.1875,0.1887,1510606800,7910.1,1505.05,ZRX/USD
0.1942,0.1942,0.1874,0.1889,1510610400,8418.65,1618.57,ZRX/USD
0.1941,0.2013,0.1902,0.1942,1510614000,22324.04,4370.12,ZRX/USD
0.1975,0.2008,0.1923,0.1941,1510617600,14236.01,2802.45,ZRX/USD
0.1999,0.2008,0.1929,0.1975,1510621200,35365.9,6925.37,ZRX/USD
0.1981,0.2008,0.1941,0.1999,1510624800,13416.28,2645.15,ZRX/USD
0.1956,0.2008,0.1942,0.1981,1510628400,9950.84,1964.58,ZRX/USD
0.1978,0.2006,0.1934,0.1956,1510632000,12719.48,2493.24,ZRX/USD
0.1943,0.1999,0.1895,0.1945,1510635600,20979.11,4055.7,ZRX/USD
0.1939,0.1955,0.1904,0.1943,1510639200,4616.66,891.77,ZRX/USD
0.1956,0.2009,0.1901,0.1939,1510642800,15442.63,3011.24,ZRX/USD
0.1969,0.2006,0.1909,0.1914,1510646400,22094.6,4342.54,ZRX/USD
0.1947,0.2008,0.1934,0.1982,1510650000,17448.67,3429.91,ZRX/USD
0.1958,0.2008,0.1932,0.1971,1510653600,16577.69,3261.75,ZRX/USD
0.192,0.1955,0.1882,0.1955,1510657200,12257.21,2361.01,ZRX/USD
0.1915,0.1942,0.1874,0.1926,1510660800,15241.14,2896.38,ZRX/USD
0.192,0.1942,0.1875,0.1899,1510664400,14175.66,2708.12,ZRX/USD
0.1956,0.2003,0.1892,0.192,1510668000,17058.46,3324.35,ZRX/USD
0.1998,0.2007,0.1943,0.1956,1510671600,13619.26,2706.86,ZRX/USD
0.1983,0.2009,0.1948,0.1998,1510675200,33449.22,6601.56,ZRX/USD
0.1985,0.2009,0.1967,0.2005,1510678800,12005.6,2387.22,ZRX/USD
0.1987,0.2009,0.1968,0.1985,1510682400,2777.74,552.57,ZRX/USD
0.1971,0.201,0.1909,0.1995,1510686000,13759.01,2709.29,ZRX/USD
0.1981,0.1989,0.1947,0.1971,1510689600,13873.52,2736.5,ZRX/USD
0.1974,0.1986,0.195,0.1981,1510693200,10740.31,2114.66,ZRX/USD
0.2003,0.2009,0.1952,0.1978,1510696800,19233.54,3814.15,ZRX/USD
0.1994,0.2008,0.1961,0.1996,1510700400,5154.34,1023.99,ZRX/USD
0.2029,0.2047,0.1965,0.1994,1510704000,19222.84,3879.64,ZRX/USD
0.2026,0.2046,0.1989,0.2029,1510707600,18594.83,3743.7,ZRX/USD
0.2032,0.2047,0.1988,0.2004,1510711200,15456.65,3123.18,ZRX/USD
0.2013,0.2044,0.1995,0.2044,1510714800,17296.16,3482.79,ZRX/USD
0.2019,0.2046,0.1995,0.2011,1510718400,10885.48,2199.21,ZRX/USD
0.2009,0.2045,0.1998,0.2035,1510722000,13378.11,2704.69,ZRX/USD
0.2033,0.2043,0.1998,0.2009,1510725600,14993.67,3032.14,ZRX/USD
0.2031,0.2162,0.2,0.2011,1510729200,241906.72,50384.2,ZRX/USD
0.2041,0.2066,0.2009,0.2031,1510732800,16079.04,3255.99,ZRX/USD
0.2025,0.2054,0.2006,0.202,1510736400,5868.28,1190.3,ZRX/USD
0.2014,0.2035,0.1986,0.2025,1510740000,6011.49,1203.57,ZRX/USD
0.2031,0.2054,0.1981,0.2014,1510743600,15654.53,3154.46,ZRX/USD
0.2024,0.2055,0.1993,0.2031,1510747200,10059.25,2033.59,ZRX/USD
0.2039,0.2051,0.1987,0.2014,1510750800,13447.83,2718.66,ZRX/USD
0.1999,0.2048,0.1992,0.2016,1510754400,13634.27,2750.94,ZRX/USD
0.2071,0.2088,0.2,0.201,1510758000,16979.83,3469.11,ZRX/USD
0.2006,0.2086,0.1991,0.2037,1510761600,13050.53,2638.81,ZRX/USD
0.2028,0.2039,0.2001,0.2031,1510765200,6627.77,1337.47,ZRX/USD
0.2019,0.2034,0.1989,0.2028,1510768800,8579.23,1725.22,ZRX/USD
0.1982,0.2033,0.1899,0.1999,1510772400,29211.13,5762.98,ZRX/USD
0.199,0.202,0.1904,0.2008,1510776000,87980.58,17260.4,ZRX/USD
0.1981,0.2021,0.1912,0.2005,1510779600,67397.52,13200.46,ZRX/USD
0.1978,0.2005,0.1914,0.1993,1510783200,15634.29,3105.07,ZRX/USD
0.1988,0.2001,0.1954,0.2001,1510786800,1294.42,255.62,ZRX/USD
0.199,0.2001,0.1953,0.1988,1510790400,1385.41,273.46,ZRX/USD
0.1963,0.1994,0.1921,0.199,1510794000,8446.12,1648.78,ZRX/USD
0.1947,0.2,0.1925,0.1963,1510797600,16566.58,3248.22,ZRX/USD
0.1997,0.2,0.1937,0.196,1510801200,3317.0,650.66,ZRX/USD
0.1991,0.1996,0.1935,0.1975,1510804800,12616.05,2478.75,ZRX/USD
0.1937,0.2005,0.193,0.1991,1510808400,17966.85,3541.25,ZRX/USD
0.1965,0.2003,0.1937,0.1986,1510812000,11272.42,2215.68,ZRX/USD
0.1996,0.2,0.1933,0.1965,1510815600,19462.19,3823.13,ZRX/USD
0.1981,0.1992,0.1878,0.1949,1510819200,19266.42,3730.26,ZRX/USD
0.19,0.1997,0.1876,0.1997,1510822800,11318.63,2174.19,ZRX/USD
0.1888,0.1951,0.1839,0.1888,1510826400,30131.75,5670.95,ZRX/USD
0.188,0.1928,0.187,0.1898,1510830000,6496.29,1230.52,ZRX/USD
0.1919,0.1923,0.1812,0.1873,1510833600,29298.53,5504.5,ZRX/USD
0.1907,0.198,0.1862,0.1919,1510837200,31692.38,6075.81,ZRX/USD
0.1957,0.1983,0.1893,0.1907,1510840800,13105.96,2541.61,ZRX/USD
0.1943,0.198,0.1884,0.1977,1510844400,19678.14,3792.98,ZRX/USD
0.1961,0.1988,0.1913,0.1943,1510848000,7925.05,1552.79,ZRX/USD
0.2001,0.2009,0.1951,0.1951,1510851600,12585.8,2492.76,ZRX/USD
0.2006,0.2011,0.1953,0.2001,1510855200,9598.33,1907.34,ZRX/USD
0.1997,0.2008,0.195,0.2006,1510858800,6735.52,1328.96,ZRX/USD
0.1922,0.2005,0.1922,0.1961,1510862400,12966.19,2535.28,ZRX/USD
0.1928,0.1967,0.1922,0.1922,1510866000,16886.38,3277.73,ZRX/USD
0.1905,0.1963,0.1902,0.1928,1510869600,13954.28,2681.44,ZRX/USD
0.1901,0.1951,0.188,0.1905,1510873200,14914.49,2842.06,ZRX/USD
0.1924,0.1926,0.1892,0.1901,1510876800,15485.29,2953.09,ZRX/USD
0.1902,0.1924,0.189,0.1924,1510880400,7103.16,1354.6,ZRX/USD
0.1887,0.1915,0.188,0.1906,1510884000,7141.23,1354.0,ZRX/USD
0.189,0.1906,0.188,0.1906,1510887600,899.89,170.28,ZRX/USD
0.1863,0.1898,0.1831,0.189,1510891200,17292.46,3222.26,ZRX/USD
0.1866,0.188,0.1832,0.1863,1510894800,21034.49,3913.43,ZRX/USD
0.1869,0.188,0.1832,0.1866,1510898400,13606.98,2523.57,ZRX/USD
0.1834,0.1871,0.1822,0.1869,1510902000,21397.72,3947.26,ZRX/USD
0.1874,0.1896,0.1827,0.1855,1510905600,16725.31,3116.94,ZRX/USD
0.188,0.1899,0.1833,0.1874,1510909200,20052.94,3755.55,ZRX/USD
0.186,0.1896,0.1845,0.1893,1510912800,22038.41,4131.79,ZRX/USD
0.1852,0.1891,0.1833,0.185,1510916400,9881.1,1841.25,ZRX/USD
0.1855,0.1897,0.1832,0.1852,1510920000,14496.19,2701.9,ZRX/USD
0.1874,0.1899,0.1831,0.1855,1510923600,20586.88,3853.38,ZRX/USD
0.1859,0.1927,0.1854,0.1874,1510927200,15194.43,2866.23,ZRX/USD
0.1865,0.1923,0.1857,0.1923,1510930800,20739.11,3900.11,ZRX/USD
0.1882,0.1927,0.185,0.186,1510934400,19206.47,3615.84,ZRX/USD
0.1885,0.1927,0.1872,0.1915,1510938000,9785.31,1852.45,ZRX/USD
0.1861,0.1921,0.1858,0.1885,1510941600,6380.28,1200.34,ZRX/USD
0.1854,0.1879,0.182,0.1861,1510945200,12646.93,2346.06,ZRX/USD
0.187,0.1927,0.1819,0.1854,1510948800,62757.77,11806.41,ZRX/USD
0.1839,0.1915,0.1825,0.186,1510952400,16286.62,3030.91,ZRX/USD
0.185,0.1905,0.1825,0.1839,1510956000,25292.91,4709.09,ZRX/USD
0.1845,0.1879,0.183,0.185,1510959600,4813.64,888.05,ZRX/USD
0.1843,0.1911,0.1836,0.1868,1510963200,11130.07,2081.61,ZRX/USD
0.1853,0.19,0.1832,0.1843,1510966800,9332.03,1736.09,ZRX/USD
0.1843,0.1891,0.1833,0.1853,1510970400,10151.78,1882.28,ZRX/USD
0.1899,0.1932,0.1836,0.1843,1510974000,11640.37,2187.76,ZRX/USD
0.1951,0.1989,0.1889,0.1941,1510977600,20679.69,4028.71,ZRX/USD
0.1984,0.2014,0.193,0.1979,1510981200,12660.09,2503.01,ZRX/USD
0.2012,0.2043,0.1958,0.1984,1510984800,9799.77,1957.41,ZRX/USD
0.2072,0.2075,0.1987,0.2012,1510988400,16553.85,3369.31,ZRX/USD
0.2085,0.21,0.2019,0.2072,1510992000,14284.56,2944.61,ZRX/USD
0.2017,0.2086,0.1937,0.2057,1510995600,27107.98,5451.27,ZRX/USD
0.1946,0.2031,0.193,0.2001,1510999200,11823.37,2336.68,ZRX/USD
0.1975,0.2014,0.1927,0.1946,1511002800,9939.82,1956.13,ZRX/USD
0.1963,0.2009,0.1932,0.1998,1511006400,13573.11,2672.32,ZRX/USD
0.195,0.2017,0.193,0.1951,1511010000,12104.0,2383.57,ZRX/USD
0.1982,0.2001,0.1917,0.195,1511013600,16253.82,3172.31,ZRX/USD
0.2008,0.207,0.1942,0.1945,1511017200,14416.43,2883.03,ZRX/USD
0.2038,0.2068,0.1983,0.2008,1511020800,15777.29,3207.71,ZRX/USD
0.2033,0.2072,0.1989,0.2038,1511024400,9623.69,1956.7,ZRX/USD
0.2024,0.2045,0.1935,0.2033,1511028000,22146.23,4406.37,ZRX/USD
0.2019,0.2041,0.2007,0.2024,1511031600,12758.21,2582.84,ZRX/USD
0.2028,0.203,0.1934,0.2019,1511035200,16460.07,3290.75,ZRX/USD
0.2064,0.21,0.1944,0.2028,1511038800,21993.71,4428.69,ZRX/USD
0.2001,0.2077,0.1955,0.2064,1511042400,10920.42,2200.55,ZRX/USD
0.2024,0.2092,0.1946,0.2001,1511046000,12739.16,2598.9,ZRX/USD
0.2047,0.2091,0.2015,0.2024,1511049600,5443.15,1119.72,ZRX/USD
0.2055,0.2093,0.2023,0.2047,1511053200,13430.5,2760.27,ZRX/USD
0.2039,0.2085,0.1958,0.2036,1511056800,20112.02,4074.26,ZRX/USD
0.2054,0.2094,0.2028,0.2039,1511060400,12532.97,2572.2,ZRX/USD
0.2036,0.2099,0.1993,0.2054,1511064000,13223.06,2717.92,ZRX/USD
0.2006,0.2086,0.197,0.2036,1511067600,30539.39,6207.31,ZRX/USD
0.1993,0.2082,0.1953,0.2059,1511071200,15771.34,3195.51,ZRX/USD
0.2051,0.2073,0.1976,0.1993,1511074800,23478.96,4780.87,ZRX/USD
0.2036,0.2075,0.1977,0.2035,1511078400,23813.08,4841.96,ZRX/USD
0.2041,0.2084,0.1966,0.2051,1511082000,22426.82,4515.4,ZRX/USD
0.1976,0.2079,0.1974,0.2041,1511085600,15536.01,3160.58,ZRX/USD
0.1984,0.2057,0.1963,0.1976,1511089200,11727.92,2330.93,ZRX/USD
0.1971,0.2021,0.196,0.1987,1511092800,9459.39,1884.27,ZRX/USD
0.2001,0.202,0.1965,0.1988,1511096400,7733.52,1541.85,ZRX/USD
0.2017,0.2028,0.1973,0.1996,1511100000,11840.2,2370.4,ZRX/USD
0.2003,0.2019,0.1963,0.1984,1511103600,16262.45,3244.65,ZRX/USD
0.2075,0.2082,0.1963,0.2003,1511107200,19963.1,4012.08,ZRX/USD
0.2019,0.2087,0.1985,0.2075,1511110800,19191.94,3926.67,ZRX/USD
0.206,0.2079,0.1949,0.2019,1511114400,19565.76,3963.89,ZRX/USD
0.197,0.2065,0.1931,0.2065,1511118000,35732.08,6976.58,ZRX/USD
0.1968,0.2013,0.1946,0.1947,1511121600,3008.61,594.28,ZRX/USD
0.1973,0.2012,0.196,0.1968,1511125200,5706.24,1135.88,ZRX/USD
0.2001,0.2009,0.1966,0.199,1511128800,5847.81,1162.44,ZRX/USD
0.2005,0.201,0.1964,0.2,1511132400,14209.99,2820.31,ZRX/USD
0.1972,0.2013,0.1957,0.2005,1511136000,10073.8,1999.59,ZRX/USD
0.1975,0.2004,0.1963,0.1976,1511139600,10149.95,2010.55,ZRX/USD
0.1982,0.1998,0.1964,0.1994,1511143200,14146.22,2799.74,ZRX/USD
0.1978,0.1994,0.1966,0.1981,1511146800,12052.56,2390.59,ZRX/USD
0.1978,0.1995,0.1964,0.1983,1511150400,14463.11,2867.29,ZRX/USD
0.1982,0.1995,0.196,0.1978,1511154000,11391.53,2251.25,ZRX/USD
0.1945,0.1991,0.1929,0.1972,1511157600,15990.96,3142.56,ZRX/USD
0.203,0.2092,0.194,0.1956,1511161200,24370.84,4872.69,ZRX/USD
0.2032,0.2053,0.1958,0.1992,1511164800,23870.21,4818.57,ZRX/USD
0.2046,0.2056,0.1957,0.2025,1511168400,23998.21,4825.47,ZRX/USD
0.2009,0.2048,0.196,0.2046,1511172000,11480.2,2309.23,ZRX/USD
0.1982,0.2045,0.196,0.198,1511175600,16375.4,3272.59,ZRX/USD
0.2015,0.2031,0.1962,0.1999,1511179200,11113.83,2234.08,ZRX/USD
0.2,0.2047,0.1969,0.2015,1511182800,11892.17,2394.58,ZRX/USD
0.2009,0.2049,0.1973,0.2,1511186400,11782.19,2367.38,ZRX/USD
0.2012,0.203,0.199,0.2018,1511190000,10801.24,2171.68,ZRX/USD
0.2037,0.2048,0.2008,0.2014,1511193600,8957.23,1815.06,ZRX/USD
0.2016,0.2046,0.201,0.2037,1511197200,7982.41,1618.16,ZRX/USD
0.2033,0.2054,0.2007,0.2022,1511200800,8989.38,1823.52,ZRX/USD
0.2042,0.2063,0.1989,0.2033,1511204400,17513.15,3536.2,ZRX/USD
0.2035,0.206,0.1995,0.2012,1511208000,19477.41,3948.78,ZRX/USD
0.2027,0.2063,0.2009,0.2046,1511211600,13935.33,2825.05,ZRX/USD
0.2015,0.2063,0.2003,0.2021,1511215200,14378.47,2917.55,ZRX/USD
0.199,0.2024,0.1975,0.2008,1511218800,10136.57,2029.29,ZRX/USD
0.1987,0.2009,0.1978,0.199,1511222400,11127.64,2217.59,ZRX/USD
0.2005,0.2031,0.1988,0.1988,1511226000,15685.29,3153.07,ZRX/USD
0.2008,0.2045,0.1987,0.2008,1511229600,14281.81,2874.63,ZRX/USD
0.1956,0.2044,0.195,0.2008,1511233200,14335.88,2845.29,ZRX/USD
0.1926,0.1972,0.1926,0.1967,1511236800,28252.47,5519.05,ZRX/USD
0.1951,0.1961,0.1918,0.1931,1511240400,20151.47,3899.83,ZRX/USD
0.1964,0.1997,0.1937,0.1946,1511244000,19546.79,3838.84,ZRX/USD
0.1983,0.2,0.1939,0.1946,1511247600,10124.05,1996.9,ZRX/USD
0.199,0.2008,0.1965,0.1983,1511251200,12971.98,2576.46,ZRX/USD
0.2003,0.2008,0.1964,0.1965,1511254800,8833.22,1750.24,ZRX/USD
0.1994,0.2004,0.1965,0.2003,1511258400,14952.3,2966.18,ZRX/USD
0.2004,0.2007,0.1958,0.1972,1511262000,17929.59,3555.02,ZRX/USD
0.1987,0.201,0.1969,0.2004,1511265600,11456.46,2282.38,ZRX/USD
0.1954,0.201,0.1921,0.1987,1511269200,14304.09,2832.68,ZRX/USD
0.1992,0.1994,0.1929,0.1954,1511272800,18551.45,3641.81,ZRX/USD
0.1987,0.2,0.1947,0.1992,1511276400,6976.43,1378.71,ZRX/USD
0.1963,0.1996,0.195,0.1987,1511280000,8751.03,1721.65,ZRX/USD
0.1996,0.2004,0.1951,0.1951,1511283600,16981.91,3356.45,ZRX/USD
0.199,0.2005,0.1973,0.1996,1511287200,14684.62,2914.87,ZRX/USD
0.195,0.2007,0.1928,0.1982,1511290800,15517.66,3072.53,ZRX/USD
0.1965,0.1979,0.1917,0.1949,1511294400,11626.16,2265.78,ZRX/USD
0.1942,0.1976,0.1922,0.1963,1511298000,16921.74,3300.27,ZRX/USD
0.1944,0.1968,0.1923,0.1942,1511301600,20694.22,4035.94,ZRX/USD
0.193,0.1949,0.1926,0.1944,1511305200,3674.22,711.78,ZRX/USD
0.1971,0.1983,0.1928,0.194,1511308800,12178.3,2384.69,ZRX/USD
0.1946,0.2,0.1932,0.1971,1511312400,9718.27,1907.68,ZRX/USD
0.198,0.1995,0.194,0.1946,1511316000,18629.66,3670.79,ZRX/USD
0.1972,0.1994,0.1942,0.198,1511319600,16823.62,3314.45,ZRX/USD
0.1981,0.1988,0.1945,0.1972,1511323200,10040.5,1980.6,ZRX/USD
0.201,0.201,0.1961,0.1972,1511326800,2544.23,504.03,ZRX/USD
0.2012,0.207,0.1961,0.1962,1511330400,13829.09,2757.91,ZRX/USD
0.2019,0.2063,0.1973,0.2012,1511334000,20173.19,4089.22,ZRX/USD
0.2014,0.2065,0.2,0.2016,1511337600,10606.83,2148.87,ZRX/USD
0.2024,0.2048,0.2007,0.2014,1511341200,16231.81,3301.44,ZRX/USD
0.2043,0.2068,0.2002,0.2029,1511344800,16652.29,3388.26,ZRX/USD
0.2042,0.2056,0.2017,0.2052,1511348400,19647.33,4000.0,ZRX/USD
0.2041,0.2052,0.2015,0.2042,1511352000,16202.76,3294.65,ZRX/USD
0.2036,0.2049,0.2018,0.2041,1511355600,20349.16,4133.89,ZRX/USD
0.1989,0.2036,0.1969,0.2036,1511359200,23521.23,4693.13,ZRX/USD
0.2011,0.2042,0.1981,0.2003,1511362800,16288.08,3275.27,ZRX/USD
0.203,0.2047,0.1989,0.2007,1511366400,18052.47,3638.92,ZRX/USD
0.203,0.2054,0.2001,0.203,1511370000,17592.51,3569.98,ZRX/USD
0.2035,0.2055,0.2006,0.203,1511373600,24058.06,4886.5,ZRX/USD
0.2094,0.2098,0.2035,0.2035,1511377200,17224.1,3562.97,ZRX/USD
0.2118,0.22,0.2059,0.2094,1511380800,19850.48,4220.63,ZRX/USD
0.2098,0.22,0.2049,0.2122,1511384400,15166.72,3183.21,ZRX/USD
0.219,0.2205,0.2073,0.2098,1511388000,25485.23,5485.29,ZRX/USD
0.2302,0.2327,0.217,0.2171,1511391600,38340.51,8658.2,ZRX/USD
0.2309,0.2329,0.2226,0.2302,1511395200,28782.5,6641.02,ZRX/USD
0.2224,0.2322,0.2224,0.2321,1511398800,14547.28,3304.15,ZRX/USD
0.2252,0.2322,0.2224,0.2224,1511402400,20259.1,4613.32,ZRX/USD
0.2221,0.2289,0.2213,0.2244,1511406000,15078.5,3398.7,ZRX/USD
0.2231,0.2281,0.2216,0.2262,1511409600,10232.67,2308.61,ZRX/USD
0.2243,0.2276,0.2228,0.2231,1511413200,10124.23,2283.71,ZRX/USD
0.2256,0.2271,0.2225,0.2243,1511416800,12157.91,2736.73,ZRX/USD
0.2213,0.2264,0.2201,0.2256,1511420400,12760.7,2848.61,ZRX/USD
0.221,0.2247,0.2144,0.2228,1511424000,22507.89,4972.66,ZRX/USD
0.2199,0.2233,0.2148,0.221,1511427600,25697.2,5629.4,ZRX/USD
0.216,0.2223,0.2138,0.2199,1511431200,14582.97,3172.66,ZRX/USD
0.2142,0.2176,0.2141,0.2173,1511434800,3072.7,662.26,ZRX/USD
0.2148,0.2164,0.214,0.2142,1511438400,2173.83,467.25,ZRX/USD
0.217,0.23,0.2141,0.2148,1511442000,112108.91,24869.47,ZRX/USD
0.2209,0.2212,0.2144,0.217,1511445600,21201.32,4625.04,ZRX/USD
0.2174,0.2317,0.215,0.2209,1511449200,21559.8,4749.93,ZRX/USD
0.2181,0.2237,0.2146,0.2174,1511452800,11741.37,2559.07,ZRX/USD
0.2294,0.2314,0.2148,0.2189,1511456400,14341.61,3166.98,ZRX/USD
0.2172,0.2254,0.2138,0.2187,1511460000,21064.5,4589.54,ZRX/USD
0.2151,0.2223,0.2143,0.2172,1511463600,37788.95,8257.2,ZRX/USD
0.2228,0.2242,0.215,0.2151,1511467200,23269.96,5088.77,ZRX/USD
0.2189,0.2228,0.2144,0.2228,1511470800,14700.65,3201.94,ZRX/USD
0.2173,0.2268,0.215,0.2189,1511474400,17599.99,3933.31,ZRX/USD
0.2201,0.2243,0.2149,0.2173,1511478000,20428.75,4479.45,ZRX/USD
0.2138,0.2206,0.2138,0.2195,1511481600,26036.98,5610.56,ZRX/USD
0.2125,0.2149,0.2102,0.2138,1511485200,8409.06,1791.0,ZRX/USD
0.211,0.2138,0.2103,0.2114,1511488800,2998.07,636.38,ZRX/USD
0.2128,0.2175,0.2106,0.211,1511492400,19108.55,4074.3,ZRX/USD
0.2124,0.2153,0.21,0.2128,1511496000,11920.61,2544.18,ZRX/USD
0.2201,0.2214,0.2105,0.2137,1511499600,19122.82,4089.07,ZRX/USD
0.2162,0.225,0.2142,0.2201,1511503200,19829.69,4316.67,ZRX/USD
0.2168,0.2218,0.2148,0.2179,1511506800,5134.62,1115.15,ZRX/USD
0.2128,0.2208,0.21,0.2168,1511510400,19576.18,4172.1,ZRX/USD
0.2184,0.2185,0.2107,0.213,1511514000,12758.15,2738.26,ZRX/USD
0.2148,0.2211,0.2118,0.2153,1511517600,16172.85,3493.44,ZRX/USD
0.2147,0.2207,0.2145,0.2148,1511521200,2677.8,584.73,ZRX/USD
0.2174,0.2212,0.2142,0.2186,1511524800,15815.25,3446.46,ZRX/USD
0.2216,0.2241,0.2145,0.2193,1511528400,21379.11,4692.53,ZRX/USD
0.2159,0.2244,0.215,0.2216,1511532000,23991.38,5263.69,ZRX/USD
0.223,0.2249,0.2162,0.2163,1511535600,9032.13,1991.9,ZRX/USD
0.223,0.223,0.223,0.223,1511539200,0.0,0.0,ZRX/USD
0.2276,0.2289,0.223,0.223,1511542800,3469.14,786.08,ZRX/USD
0.2238,0.2295,0.2232,0.2283,1511546400,1888.53,425.79,ZRX/USD
0.2318,0.2336,0.2215,0.2238,1511550000,39385.65,8984.34,ZRX/USD
0.2274,0.2334,0.219,0.2302,1511553600,23007.67,5277.43,ZRX/USD
0.2306,0.2338,0.2233,0.2274,1511557200,23135.66,5323.87,ZRX/USD
0.229,0.2335,0.2241,0.2306,1511560800,25716.43,5901.92,ZRX/USD
0.2352,0.2356,0.2249,0.228,1511564400,16941.75,3929.86,ZRX/USD
0.2333,0.2366,0.2298,0.2352,1511568000,13378.6,3131.82,ZRX/USD
0.2334,0.2363,0.2295,0.2341,1511571600,18748.71,4362.08,ZRX/USD
0.232,0.236,0.2285,0.2334,1511575200,8912.77,2064.9,ZRX/USD
0.2274,0.233,0.2205,0.2322,1511578800,13648.91,3119.01,ZRX/USD
0.229,0.2311,0.2222,0.2293,1511582400,17104.97,3892.44,ZRX/USD
0.229,0.2304,0.2231,0.229,1511586000,8786.59,1996.76,ZRX/USD
0.2302,0.2314,0.2239,0.2268,1511589600,12109.37,2765.08,ZRX/USD
0.2308,0.2361,0.2238,0.2302,1511593200,12796.56,2937.18,ZRX/USD
0.2307,0.2349,0.2224,0.2308,1511596800,13317.97,3053.35,ZRX/USD
0.2368,0.2379,0.229,0.2307,1511600400,24388.25,5724.32,ZRX/USD
0.2378,0.242,0.2305,0.2368,1511604000,14556.89,3448.1,ZRX/USD
0.2373,0.2389,0.2359,0.2378,1511607600,3401.27,808.76,ZRX/USD
0.2376,0.2416,0.2319,0.2382,1511611200,13946.77,3320.34,ZRX/USD
0.2371,0.2412,0.2337,0.2376,1511614800,7465.57,1770.01,ZRX/USD
0.2366,0.2406,0.2252,0.2385,1511618400,17558.83,4099.69,ZRX/USD
0.237,0.2397,0.2248,0.2366,1511622000,14687.09,3438.24,ZRX/USD
0.2322,0.24,0.2278,0.2293,1511625600,10979.75,2553.81,ZRX/USD
0.2289,0.2342,0.2278,0.2322,1511629200,4717.07,1086.77,ZRX/USD
0.2241,0.2344,0.2203,0.2281,1511632800,14719.95,3333.18,ZRX/USD
0.2224,0.2283,0.2194,0.2209,1511636400,16439.09,3698.52,ZRX/USD
0.2259,0.2281,0.2217,0.2224,1511640000,8098.47,1834.56,ZRX/USD
0.2261,0.2279,0.2254,0.2261,1511643600,1869.53,424.58,ZRX/USD
0.2339,0.2347,0.226,0.2267,1511647200,7985.06,1829.8,ZRX/USD
0.2349,0.2357,0.2261,0.2339,1511650800,10631.03,2453.77,ZRX/USD
0.2291,0.2373,0.2267,0.2349,1511654400,10943.38,2541.09,ZRX/USD
0.2251,0.2317,0.2204,0.2311,1511658000,11576.78,2626.47,ZRX/USD
0.2271,0.2304,0.2156,0.2304,1511661600,24007.34,5369.4,ZRX/USD
0.2247,0.2284,0.2187,0.2205,1511665200,15992.11,3573.35,ZRX/USD
0.2233,0.2278,0.22,0.2263,1511668800,6465.28,1440.95,ZRX/USD
0.2241,0.2281,0.2161,0.2273,1511672400,23185.34,5177.87,ZRX/USD
0.2185,0.2274,0.2184,0.2241,1511676000,16469.68,3672.63,ZRX/USD
0.222,0.2251,0.2184,0.2185,1511679600,7280.3,1612.8,ZRX/USD
0.216,0.2241,0.2149,0.222,1511683200,9917.65,2176.8,ZRX/USD
0.2206,0.2222,0.2151,0.2189,1511686800,4858.55,1063.02,ZRX/USD
0.2186,0.222,0.2151,0.2206,1511690400,4268.58,932.34,ZRX/USD
0.2231,0.2255,0.2157,0.2186,1511694000,16768.87,3703.38,ZRX/USD
0.2152,0.2254,0.2152,0.2179,1511697600,29508.31,6519.57,ZRX/USD
0.2169,0.2248,0.2161,0.218,1511701200,15151.81,3346.55,ZRX/USD
0.2211,0.2341,0.2169,0.2169,1511704800,17886.9,4034.13,ZRX/USD
0.2252,0.2299,0.2205,0.2246,1511708400,14192.85,3179.09,ZRX/USD
0.2284,0.2307,0.2229,0.2252,1511712000,15920.64,3610.54,ZRX/USD
0.235,0.2387,0.2253,0.2284,1511715600,28095.93,6456.97,ZRX/USD
0.2294,0.2387,0.2243,0.2289,1511719200,24706.51,5651.15,ZRX/USD
0.2236,0.2376,0.2211,0.2294,1511722800,16368.28,3714.54,ZRX/USD
0.2278,0.234,0.2227,0.2236,1511726400,15048.32,3449.08,ZRX/USD
0.2342,0.2395,0.226,0.2292,1511730000,14696.03,3417.57,ZRX/USD
0.2324,0.24,0.2309,0.236,1511733600,17440.51,4075.71,ZRX/USD
0.2282,0.2348,0.2202,0.2324,1511737200,25164.29,5746.06,ZRX/USD
0.2277,0.2384,0.222,0.2282,1511740800,13650.66,3126.31,ZRX/USD
0.2319,0.242,0.2262,0.2277,1511744400,22746.15,5247.63,ZRX/USD
0.2269,0.2364,0.22,0.2279,1511748000,22118.48,5063.32,ZRX/USD
0.2283,0.2296,0.2209,0.2269,1511751600,4667.98,1059.1,ZRX/USD
0.2285,0.24,0.2223,0.2283,1511755200,12597.35,2927.72,ZRX/USD
0.2312,0.2392,0.222,0.2285,1511758800,4031.41,932.66,ZRX/USD
0.2306,0.24,0.2221,0.2312,1511762400,1911.4,439.98,ZRX/USD
0.2265,0.2386,0.2212,0.231,1511766000,18846.51,4273.06,ZRX/USD
0.2227,0.2369,0.2202,0.222,1511769600,14656.42,3265.9,ZRX/USD
0.2116,0.2221,0.2063,0.2203,1511773200,26139.58,5607.99,ZRX/USD
0.217,0.219,0.2076,0.2108,1511776800,11112.66,2371.64,ZRX/USD
0.2164,0.2182,0.2113,0.2125,1511780400,5067.25,1095.32,ZRX/USD
0.2191,0.2195,0.2152,0.2163,1511784000,4078.17,888.43,ZRX/USD
0.2197,0.22,0.2153,0.2178,1511787600,586.09,127.6,ZRX/USD
0.218,0.2274,0.2155,0.2197,1511791200,13728.05,3007.15,ZRX/USD
0.2146,0.2184,0.2143,0.2159,1511794800,3197.17,690.44,ZRX/USD
0.2141,0.2184,0.2121,0.2146,1511798400,31525.68,6765.58,ZRX/USD
0.2141,0.2153,0.2124,0.2141,1511802000,18368.8,3927.85,ZRX/USD
0.2267,0.2288,0.2127,0.2151,1511805600,28211.55,6227.49,ZRX/USD
0.2289,0.2338,0.2247,0.2279,1511809200,21110.07,4826.88,ZRX/USD
0.2308,0.2343,0.225,0.234,1511812800,24055.15,5525.74,ZRX/USD
0.2283,0.234,0.227,0.2308,1511816400,6117.76,1410.81,ZRX/USD
0.2307,0.2325,0.227,0.2324,1511820000,4228.18,970.36,ZRX/USD
0.2316,0.2345,0.227,0.2298,1511823600,5959.68,1374.02,ZRX/USD
0.2325,0.2345,0.2278,0.2301,1511827200,14798.15,3421.8,ZRX/USD
0.2307,0.2347,0.2279,0.2325,1511830800,23927.25,5558.46,ZRX/USD
0.2341,0.235,0.232,0.2322,1511834400,3396.48,792.68,ZRX/USD
0.2313,0.2348,0.2274,0.2341,1511838000,14814.59,3416.81,ZRX/USD
0.2295,0.2345,0.2276,0.2313,1511841600,10953.12,2527.88,ZRX/USD
0.2323,0.235,0.2282,0.2307,1511845200,11824.5,2739.31,ZRX/USD
0.2328,0.2345,0.2277,0.231,1511848800,8260.89,1907.68,ZRX/USD
0.2308,0.2341,0.227,0.2328,1511852400,19877.96,4575.59,ZRX/USD
0.2284,0.2336,0.226,0.2298,1511856000,20119.61,4613.5,ZRX/USD
0.2282,0.2333,0.2269,0.2284,1511859600,8188.65,1886.44,ZRX/USD
0.2311,0.2328,0.2257,0.2297,1511863200,15666.34,3593.17,ZRX/USD
0.2276,0.2325,0.2254,0.2311,1511866800,11297.89,2585.25,ZRX/USD
0.2321,0.2333,0.2253,0.2294,1511870400,13652.82,3124.22,ZRX/USD
0.2251,0.233,0.225,0.2321,1511874000,9760.51,2224.46,ZRX/USD
0.2269,0.2272,0.2251,0.2251,1511877600,4148.54,937.07,ZRX/USD
0.2254,0.227,0.225,0.2269,1511881200,11701.61,2642.94,ZRX/USD
0.2258,0.2277,0.2243,0.2263,1511884800,18084.66,4086.95,ZRX/USD
0.2312,0.2312,0.2252,0.2258,1511888400,28278.19,6424.57,ZRX/USD
0.2255,0.2323,0.2243,0.2323,1511892000,7945.8,1800.81,ZRX/USD
0.2257,0.2257,0.2255,0.2255,1511895600,16571.74,3786.78,ZRX/USD
0.2293,0.2325,0.225,0.2268,1511899200,12489.6,2840.32,ZRX/USD
0.2313,0.2317,0.226,0.2271,1511902800,11462.45,2626.2,ZRX/USD
0.2273,0.2314,0.2243,0.2313,1511906400,17354.9,3941.07,ZRX/USD
0.2273,0.2313,0.2245,0.2273,1511910000,19205.34,4351.33,ZRX/USD
0.2261,0.2287,0.2246,0.2265,1511913600,6028.35,1367.14,ZRX/USD
0.2275,0.2315,0.2252,0.2261,1511917200,12698.45,2888.99,ZRX/USD
0.2306,0.2312,0.2249,0.2279,1511920800,4246.34,968.28,ZRX/USD
0.2223,0.2318,0.2193,0.2306,1511924400,26814.04,6026.25,ZRX/USD
0.2184,0.2265,0.213,0.2223,1511928000,13611.05,3004.84,ZRX/USD
0.2108,0.223,0.205,0.2209,1511931600,39324.31,8350.66,ZRX/USD
0.209,0.2168,0.2058,0.2108,1511935200,16308.72,3455.98,ZRX/USD
0.2159,0.2165,0.2086,0.209,1511938800,8524.2,1817.22,ZRX/USD
0.2139,0.2186,0.2134,0.2165,1511942400,8623.63,1857.74,ZRX/USD
0.2225,0.2225,0.2143,0.2187,1511946000,12685.81,2766.17,ZRX/USD
0.222,0.2241,0.214,0.2152,1511949600,19876.29,4358.52,ZRX/USD
0.2172,0.2214,0.2108,0.2201,1511953200,13367.8,2891.57,ZRX/USD
0.2245,0.2251,0.2149,0.2172,1511956800,29547.82,6515.83,ZRX/USD
0.224,0.2261,0.2097,0.2216,1511960400,21224.13,4706.83,ZRX/USD
0.2169,0.2267,0.2131,0.2265,1511964000,20105.44,4438.9,ZRX/USD
0.2154,0.2223,0.2056,0.218,1511967600,24528.43,5208.61,ZRX/USD
0.2101,0.2183,0.1998,0.2115,1511971200,22287.12,4682.1,ZRX/USD
0.209,0.2174,0.2009,0.2115,1511974800,18647.5,3888.47,ZRX/USD
0.2065,0.2182,0.2021,0.2037,1511978400,21806.23,4575.41,ZRX/USD
0.1841,0.216,0.1765,0.2129,1511982000,32373.96,6258.46,ZRX/USD
0.1837,0.2093,0.1837,0.1841,1511985600,31002.58,6018.33,ZRX/USD
0.195,0.1984,0.1822,0.189,1511989200,4742.51,897.23,ZRX/USD
0.1893,0.2062,0.1886,0.1965,1511992800,17484.03,3398.19,ZRX/USD
0.1911,0.2026,0.1839,0.194,1511996400,13246.41,2519.11,ZRX/USD
0.1953,0.1978,0.1857,0.1911,1512000000,51072.19,9728.31,ZRX/USD
0.2003,0.2044,0.1904,0.1953,1512003600,8761.63,1737.49,ZRX/USD
0.202,0.2045,0.1944,0.2003,1512007200,7051.76,1414.3,ZRX/USD
0.1993,0.205,0.1964,0.2016,1512010800,8566.72,1726.51,ZRX/USD
0.2074,0.2131,0.1992,0.1993,1512014400,16281.24,3383.48,ZRX/USD
0.2131,0.2131,0.1992,0.2074,1512018000,15028.92,3112.64,ZRX/USD
0.196,0.2134,0.1949,0.2051,1512021600,16596.94,3358.17,ZRX/USD
0.1984,0.2094,0.1916,0.196,1512025200,17108.3,3371.06,ZRX/USD
0.1981,0.205,0.1932,0.1973,1512028800,5955.7,1192.28,ZRX/USD
0.1959,0.2041,0.1906,0.201,1512032400,23953.48,4754.58,ZRX/USD
0.1911,0.1973,0.1885,0.1934,1512036000,10676.36,2057.96,ZRX/USD
0.1867,0.1946,0.1833,0.1911,1512039600,18840.33,3552.99,ZRX/USD
0.1904,0.1956,0.1811,0.1867,1512043200,19613.44,3728.64,ZRX/USD
0.1783,0.1941,0.1735,0.1904,1512046800,22275.12,4075.87,ZRX/USD
0.1899,0.1921,0.1731,0.1795,1512050400,21825.08,3870.74,ZRX/USD
0.1785,0.1956,0.1739,0.182,1512054000,25758.52,4597.11,ZRX/USD
0.1805,0.1841,0.1745,0.1785,1512057600,7352.47,1325.41,ZRX/USD
0.1838,0.1878,0.173,0.1804,1512061200,11474.94,2076.7,ZRX/USD
0.1906,0.191,0.1808,0.1849,1512064800,12650.19,2345.39,ZRX/USD
0.195,0.1954,0.1816,0.1906,1512068400,17732.71,3343.03,ZRX/USD
0.184,0.196,0.1806,0.1877,1512072000,21197.61,3973.15,ZRX/USD
0.1858,0.189,0.1794,0.1819,1512075600,9727.19,1808.54,ZRX/USD
0.1928,0.1961,0.1839,0.1858,1512079200,29330.93,5551.49,ZRX/USD
0.1875,0.1934,0.1864,0.1901,1512082800,7583.18,1433.38,ZRX/USD
0.1834,0.1888,0.1827,0.1875,1512086400,16814.0,3095.03,ZRX/USD
0.1835,0.193,0.1805,0.1834,1512090000,41412.58,7631.31,ZRX/USD
0.1825,0.1848,0.1791,0.1836,1512093600,12454.86,2263.13,ZRX/USD
0.1873,0.1896,0.1779,0.1848,1512097200,9949.56,1833.76,ZRX/USD
0.1939,0.1972,0.1823,0.1872,1512100800,17397.65,3311.69,ZRX/USD
0.1892,0.196,0.1739,0.1939,1512104400,17123.61,3218.23,ZRX/USD
0.183,0.1892,0.1788,0.1892,1512108000,7733.04,1424.82,ZRX/USD
0.1839,0.1875,0.1767,0.183,1512111600,10554.28,1931.2,ZRX/USD
0.1876,0.1894,0.1804,0.1822,1512115200,10649.09,1959.38,ZRX/USD
0.1882,0.19,0.1818,0.1894,1512118800,9523.65,1772.15,ZRX/USD
0.1929,0.1988,0.1856,0.1871,1512122400,18161.22,3492.04,ZRX/USD
0.1936,0.1963,0.1882,0.1929,1512126000,10413.43,1996.45,ZRX/USD
0.1989,0.2049,0.1899,0.1907,1512129600,25869.55,5137.63,ZRX/USD
0.2056,0.2083,0.1912,0.1989,1512133200,16240.62,3237.36,ZRX/USD
0.2046,0.2084,0.1947,0.2032,1512136800,9521.91,1901.09,ZRX/USD
0.1965,0.2092,0.1965,0.2046,1512140400,18538.48,3771.71,ZRX/USD
0.1965,0.1965,0.1965,0.1965,1512144000,0.0,0.0,ZRX/USD
0.205,0.205,0.1965,0.1965,1512147600,45.0,9.23,ZRX/USD
0.2035,0.2094,0.1996,0.205,1512151200,8006.12,1629.87,ZRX/USD
0.2083,0.2095,0.2002,0.2052,1512154800,19507.88,4012.87,ZRX/USD
0.205,0.21,0.201,0.2083,1512158400,9531.13,1955.68,ZRX/USD
0.202,0.2084,0.2017,0.205,1512162000,18534.1,3776.53,ZRX/USD
0.2025,0.2047,0.2011,0.2031,1512165600,13382.78,2716.48,ZRX/USD
0.203,0.204,0.2002,0.2025,1512169200,14727.61,2975.62,ZRX/USD
0.2022,0.2035,0.2002,0.203,1512172800,650.84,131.4,ZRX/USD
0.2024,0.2034,0.2001,0.203,1512176400,525.0,106.03,ZRX/USD
0.1991,0.2035,0.1983,0.2024,1512180000,9503.19,1900.31,ZRX/USD
0.196,0.2016,0.195,0.2013,1512183600,19867.9,3922.57,ZRX/USD
0.1993,0.2013,0.19,0.1956,1512187200,17777.44,3483.29,ZRX/USD
0.1975,0.2012,0.1901,0.1908,1512190800,14909.91,2943.59,ZRX/USD
0.1973,0.201,0.1935,0.1975,1512194400,10765.55,2133.59,ZRX/USD
0.2024,0.2034,0.1952,0.1974,1512198000,18874.7,3772.68,ZRX/USD
0.2014,0.2037,0.1972,0.2024,1512201600,13471.14,2697.85,ZRX/USD
0.2081,0.2096,0.1988,0.1988,1512205200,18805.42,3872.63,ZRX/USD
0.2073,0.2137,0.2014,0.2045,1512208800,23875.96,4956.23,ZRX/USD
0.2082,0.2142,0.1972,0.2073,1512212400,18041.03,3741.22,ZRX/USD
0.2118,0.2145,0.1995,0.2067,1512216000,8639.8,1823.75,ZRX/USD
0.2092,0.215,0.201,0.2117,1512219600,14032.7,2979.57,ZRX/USD
0.2128,0.215,0.2022,0.2101,1512223200,15297.26,3222.91,ZRX/USD
0.2089,0.2149,0.2063,0.2104,1512226800,12660.54,2663.63,ZRX/USD
0.2205,0.2259,0.2071,0.2072,1512230400,29167.15,6403.37,ZRX/USD
0.2185,0.228,0.2115,0.2205,1512234000,11850.31,2644.11,ZRX/USD
0.2223,0.2278,0.2079,0.2185,1512237600,20846.99,4610.31,ZRX/USD
0.2261,0.2276,0.2183,0.2223,1512241200,3478.49,778.42,ZRX/USD
0.2147,0.2255,0.2088,0.222,1512244800,13191.39,2834.22,ZRX/USD
0.2188,0.2209,0.2088,0.2147,1512248400,9062.25,1954.43,ZRX/USD
0.2145,0.2196,0.213,0.215,1512252000,4592.41,993.85,ZRX/USD
0.214,0.2184,0.2079,0.2145,1512255600,7516.01,1593.22,ZRX/USD
0.2132,0.2153,0.2093,0.214,1512259200,3954.82,842.03,ZRX/USD
0.2105,0.2145,0.2094,0.2112,1512262800,4147.75,881.46,ZRX/USD
0.2066,0.2135,0.2053,0.2125,1512266400,14666.34,3053.65,ZRX/USD
0.2012,0.2071,0.2012,0.2066,1512270000,5806.43,1187.29,ZRX/USD
0.2055,0.2115,0.2003,0.2012,1512273600,23823.06,4933.54,ZRX/USD
0.2043,0.2051,0.1953,0.2028,1512277200,15932.36,3215.33,ZRX/USD
0.2018,0.2089,0.2003,0.2043,1512280800,5692.84,1167.79,ZRX/USD
0.2037,0.2089,0.2001,0.2033,1512284400,5921.57,1211.39,ZRX/USD
0.2088,0.212,0.2018,0.2037,1512288000,17330.46,3606.44,ZRX/USD
0.2106,0.2117,0.2058,0.2088,1512291600,15646.72,3265.3,ZRX/USD
0.2063,0.2111,0.2057,0.209,1512295200,2114.13,440.04,ZRX/USD
0.2151,0.22,0.2057,0.2063,1512298800,17860.09,3787.31,ZRX/USD
0.209,0.22,0.2001,0.2151,1512302400,25306.41,5290.5,ZRX/USD
0.2109,0.2153,0.2053,0.2092,1512306000,16109.37,3385.58,ZRX/USD
0.2147,0.22,0.209,0.2109,1512309600,11762.9,2518.94,ZRX/USD
0.2177,0.2199,0.2111,0.2111,1512313200,7878.13,1702.44,ZRX/USD
0.215,0.2195,0.213,0.219,1512316800,11753.52,2547.15,ZRX/USD
0.219,0.2196,0.2125,0.215,1512320400,14785.01,3195.98,ZRX/USD
0.2187,0.2196,0.213,0.2192,1512324000,20841.66,4506.6,ZRX/USD
0.2171,0.2199,0.2152,0.2187,1512327600,9623.44,2097.5,ZRX/USD
0.2102,0.2197,0.2097,0.2161,1512331200,10993.94,2355.15,ZRX/USD
0.203,0.2169,0.2,0.2102,1512334800,29875.17,6230.62,ZRX/USD
0.2113,0.2121,0.199,0.2067,1512338400,28392.06,5880.03,ZRX/USD
0.2091,0.2122,0.1994,0.2115,1512342000,16591.67,3449.88,ZRX/USD
0.2053,0.2119,0.2051,0.2091,1512345600,1278.43,267.44,ZRX/USD
0.2114,0.2189,0.2059,0.2073,1512349200,20549.9,4356.93,ZRX/USD
0.2092,0.2183,0.2043,0.2115,1512352800,14525.22,3068.45,ZRX/USD
0.2163,0.2187,0.2056,0.2092,1512356400,13643.09,2949.44,ZRX/USD
0.2162,0.2188,0.2121,0.2162,1512360000,12906.33,2791.86,ZRX/USD
0.2127,0.2181,0.2114,0.2162,1512363600,8769.38,1880.81,ZRX/USD
0.2211,0.2275,0.2127,0.2127,1512367200,31970.09,7033.6,ZRX/USD
0.226,0.2274,0.2134,0.2211,1512370800,21689.49,4802.36,ZRX/USD
0.2212,0.2275,0.2187,0.2224,1512374400,7562.05,1677.68,ZRX/USD
0.2233,0.2277,0.2202,0.2222,1512378000,3080.81,690.14,ZRX/USD
0.2176,0.2261,0.2151,0.2232,1512381600,17203.3,3786.03,ZRX/USD
0.2202,0.2253,0.2165,0.2176,1512385200,9069.87,1998.77,ZRX/USD
0.2089,0.2214,0.2067,0.2202,1512388800,30992.98,6651.32,ZRX/USD
0.2086,0.2161,0.2025,0.208,1512392400,15049.3,3124.58,ZRX/USD
0.2148,0.2161,0.2027,0.2086,1512396000,6145.78,1281.39,ZRX/USD
0.2134,0.219,0.2054,0.2144,1512399600,23540.25,5051.54,ZRX/USD
0.2162,0.2251,0.2093,0.2179,1512403200,38238.72,8341.98,ZRX/USD
0.2179,0.2256,0.2155,0.2162,1512406800,21444.6,4728.1,ZRX/USD
0.2134,0.223,0.2124,0.2178,1512410400,16527.34,3593.55,ZRX/USD
0.2142,0.2186,0.213,0.2146,1512414000,752.93,162.18,ZRX/USD
0.2181,0.2243,0.214,0.2142,1512417600,8829.12,1935.32,ZRX/USD
0.2206,0.2245,0.2174,0.2181,1512421200,1623.1,358.45,ZRX/USD
0.2203,0.224,0.2149,0.219,1512424800,14659.43,3229.84,ZRX/USD
0.2272,0.2272,0.2181,0.2203,1512428400,10610.83,2366.8,ZRX/USD
0.2251,0.2272,0.2222,0.2272,1512432000,5477.94,1228.31,ZRX/USD
0.2241,0.2272,0.2222,0.2251,1512435600,16131.12,3622.53,ZRX/USD
0.2252,0.227,0.2227,0.2241,1512439200,11988.92,2699.91,ZRX/USD
0.2255,0.227,0.2235,0.2255,1512442800,13075.33,2943.47,ZRX/USD
0.2243,0.2267,0.2226,0.2255,1512446400,9818.53,2203.27,ZRX/USD
0.2118,0.2249,0.2081,0.2243,1512450000,20372.31,4415.11,ZRX/USD
0.2166,0.2212,0.2099,0.2133,1512453600,20539.1,4466.72,ZRX/USD
0.2264,0.2275,0.2151,0.2168,1512457200,24718.0,5518.93,ZRX/USD
0.2268,0.2272,0.2194,0.2264,1512460800,11455.1,2560.68,ZRX/USD
0.2106,0.2275,0.2106,0.2268,1512464400,28789.19,6303.24,ZRX/USD
0.2121,0.2197,0.2105,0.2128,1512468000,1920.53,414.63,ZRX/USD
0.213,0.2192,0.2111,0.2121,1512471600,13680.41,2942.95,ZRX/USD
0.2031,0.218,0.2,0.2124,1512475200,35743.76,7407.99,ZRX/USD
0.2057,0.2108,0.2013,0.2031,1512478800,19201.91,3994.99,ZRX/USD
0.2101,0.212,0.2024,0.2057,1512482400,19903.91,4146.65,ZRX/USD
0.2084,0.212,0.2046,0.2101,1512486000,11297.05,2351.66,ZRX/USD
0.209,0.212,0.2049,0.2084,1512489600,7648.99,1594.29,ZRX/USD
0.2148,0.2154,0.2056,0.2082,1512493200,18650.24,3924.03,ZRX/USD
0.2118,0.2152,0.2101,0.2148,1512496800,4434.28,943.94,ZRX/USD
0.2165,0.2178,0.2106,0.2118,1512500400,13439.08,2884.35,ZRX/USD
0.2128,0.2178,0.2115,0.2151,1512504000,8138.62,1745.7,ZRX/USD
0.213,0.2178,0.2107,0.2128,1512507600,10165.76,2183.34,ZRX/USD
0.2156,0.2199,0.2118,0.2141,1512511200,11839.02,2543.61,ZRX/USD
0.2157,0.2199,0.2118,0.2164,1512514800,8030.72,1727.74,ZRX/USD
0.2212,0.2225,0.2123,0.2157,1512518400,16628.48,3634.15,ZRX/USD
0.2175,0.224,0.2129,0.2217,1512522000,15743.2,3437.57,ZRX/USD
0.2149,0.2245,0.2145,0.2206,1512525600,15842.59,3489.18,ZRX/USD
0.2162,0.225,0.2134,0.221,1512529200,33422.63,7313.54,ZRX/USD
0.2183,0.2225,0.2141,0.2218,1512532800,21825.54,4767.15,ZRX/USD
0.2165,0.221,0.2153,0.2166,1512536400,4521.92,982.19,ZRX/USD
0.22,0.225,0.216,0.2165,1512540000,12032.65,2652.42,ZRX/USD
0.2203,0.225,0.2182,0.22,1512543600,7638.64,1691.95,ZRX/USD
0.221,0.2244,0.2166,0.2202,1512547200,10648.75,2355.07,ZRX/USD
0.2228,0.225,0.2172,0.224,1512550800,8906.4,1972.46,ZRX/USD
0.2277,0.2295,0.2176,0.2212,1512554400,17302.95,3867.37,ZRX/USD
0.225,0.2278,0.2181,0.2254,1512558000,21294.89,4747.83,ZRX/USD
0.2265,0.2286,0.2193,0.225,1512561600,13756.72,3060.12,ZRX/USD
0.2567,0.2567,0.2211,0.2235,1512565200,60955.52,14732.23,ZRX/USD
0.2777,0.3255,0.2588,0.26,1512568800,58339.52,16893.87,ZRX/USD
0.2683,0.299,0.2637,0.2777,1512572400,31317.33,8864.37,ZRX/USD
0.2632,0.2721,0.2517,0.2683,1512576000,16842.92,4367.81,ZRX/USD
0.2927,0.299,0.2496,0.2632,1512579600,32626.42,9170.58,ZRX/USD
0.2963,0.299,0.2786,0.2927,1512583200,12752.68,3678.78,ZRX/USD
0.2899,0.299,0.28,0.2963,1512586800,18346.78,5283.15,ZRX/USD
0.276,0.2971,0.2599,0.296,1512590400,20711.08,5821.12,ZRX/USD
0.2787,0.2917,0.2623,0.2736,1512594000,13551.09,3736.43,ZRX/USD
0.2604,0.2812,0.2604,0.2787,1512597600,7626.71,2089.49,ZRX/USD
0.2483,0.2683,0.2443,0.2611,1512601200,23650.77,6183.22,ZRX/USD
0.2501,0.2682,0.2385,0.2565,1512604800,14611.07,3655.35,ZRX/USD
0.2474,0.2562,0.2358,0.2458,1512608400,7473.4,1836.78,ZRX/USD
0.2692,0.274,0.2376,0.2435,1512612000,42643.93,11066.15,ZRX/USD
0.2792,0.2927,0.2641,0.2692,1512615600,17836.98,4903.0,ZRX/USD
0.2613,0.2792,0.247,0.2792,1512619200,31211.84,8060.48,ZRX/USD
0.2677,0.272,0.2546,0.2566,1512622800,10858.73,2890.41,ZRX/USD
0.2602,0.2799,0.2458,0.2666,1512626400,47974.23,12581.79,ZRX/USD
0.2866,0.299,0.2516,0.2564,1512630000,32348.42,8997.55,ZRX/USD
0.2871,0.2974,0.2794,0.2908,1512633600,22453.76,6405.46,ZRX/USD
0.2817,0.2951,0.2697,0.2871,1512637200,21676.68,6097.99,ZRX/USD
0.2686,0.2845,0.2686,0.2796,1512640800,12941.08,3557.1,ZRX/USD
0.2528,0.2686,0.2459,0.2686,1512644400,12095.64,3097.41,ZRX/USD
0.2529,0.2667,0.2453,0.2528,1512648000,13596.36,3454.41,ZRX/USD
0.2552,0.2668,0.2516,0.2529,1512651600,21967.75,5674.2,ZRX/USD
0.2599,0.2681,0.2552,0.2552,1512655200,30497.97,8012.96,ZRX/USD
0.2539,0.268,0.2439,0.2599,1512658800,15226.23,3905.63,ZRX/USD
0.2475,0.26,0.2352,0.256,1512662400,20689.78,5115.8,ZRX/USD
0.2518,0.2561,0.2342,0.2463,1512666000,16233.91,3996.06,ZRX/USD
0.2507,0.2573,0.2457,0.2499,1512669600,19728.7,4943.89,ZRX/USD
0.2496,0.2628,0.244,0.2544,1512673200,18514.11,4678.37,ZRX/USD
0.257,0.2671,0.2448,0.2496,1512676800,17430.84,4478.43,ZRX/USD
0.2559,0.2666,0.2382,0.2597,1512680400,12576.27,3215.01,ZRX/USD
0.2617,0.268,0.2469,0.2559,1512684000,16083.4,4157.42,ZRX/USD
0.2642,0.2648,0.2395,0.2632,1512687600,18595.76,4631.41,ZRX/USD
0.2352,0.2644,0.23,0.2642,1512691200,16209.61,3977.35,ZRX/USD
0.2398,0.2419,0.2306,0.2352,1512694800,4224.36,994.8,ZRX/USD
0.2213,0.2398,0.2051,0.2398,1512698400,25713.3,5640.9,ZRX/USD
0.2168,0.2273,0.2067,0.2213,1512702000,21207.1,4671.96,ZRX/USD
0.2235,0.2294,0.2106,0.2168,1512705600,19453.91,4270.42,ZRX/USD
0.2211,0.224,0.206,0.2235,1512709200,20631.77,4428.47,ZRX/USD
0.2162,0.2215,0.2071,0.2211,1512712800,11974.26,2584.87,ZRX/USD
0.2126,0.2213,0.208,0.2147,1512716400,973.34,209.44,ZRX/USD
0.2204,0.2213,0.2109,0.2183,1512720000,9041.19,1986.76,ZRX/USD
0.2389,0.24,0.2131,0.2206,1512723600,21285.9,4771.01,ZRX/USD
0.2293,0.2399,0.2221,0.2297,1512727200,15963.08,3707.81,ZRX/USD
0.2248,0.24,0.2201,0.2293,1512730800,22710.91,5207.95,ZRX/USD
0.2316,0.24,0.2147,0.2345,1512734400,19737.74,4560.43,ZRX/USD
0.2248,0.24,0.2185,0.2316,1512738000,12907.8,2953.69,ZRX/USD
0.2224,0.2381,0.2154,0.2249,1512741600,9433.26,2165.72,ZRX/USD
0.2303,0.2388,0.2178,0.2234,1512745200,13237.28,3014.58,ZRX/USD
0.2329,0.2474,0.2243,0.2303,1512748800,19521.35,4630.02,ZRX/USD
0.2489,0.2537,0.2328,0.2329,1512752400,7578.84,1845.44,ZRX/USD
0.2515,0.2589,0.2421,0.2489,1512756000,5527.2,1376.92,ZRX/USD
0.2488,0.2556,0.242,0.2502,1512759600,11450.95,2853.91,ZRX/USD
0.2494,0.26,0.241,0.2488,1512763200,14226.24,3553.9,ZRX/USD
0.2513,0.253,0.2421,0.2494,1512766800,8179.59,2044.3,ZRX/USD
0.2564,0.26,0.2497,0.2505,1512770400,16305.8,4135.35,ZRX/USD
0.2506,0.2594,0.2503,0.2564,1512774000,5789.14,1475.6,ZRX/USD
0.2552,0.26,0.2507,0.2529,1512777600,7952.35,2025.54,ZRX/USD
0.2553,0.2643,0.2518,0.255,1512781200,13043.06,3364.79,ZRX/USD
0.2517,0.2604,0.251,0.2545,1512784800,9185.45,2329.02,ZRX/USD
0.2529,0.2651,0.251,0.2517,1512788400,15420.79,3992.91,ZRX/USD
0.2443,0.2547,0.241,0.2533,1512792000,19008.92,4703.95,ZRX/USD
0.2472,0.2494,0.241,0.2417,1512795600,1012.91,248.39,ZRX/USD
0.2434,0.25,0.241,0.2472,1512799200,2545.11,622.47,ZRX/USD
0.2531,0.2548,0.241,0.2416,1512802800,11399.04,2804.8,ZRX/USD
0.247,0.2538,0.2418,0.2531,1512806400,7198.63,1788.93,ZRX/USD
0.2478,0.2541,0.2413,0.247,1512810000,17655.3,4381.11,ZRX/USD
0.2465,0.252,0.242,0.2453,1512813600,3339.87,824.98,ZRX/USD
0.2413,0.248,0.232,0.2473,1512817200,19153.03,4597.04,ZRX/USD
0.245,0.2475,0.2363,0.2413,1512820800,10274.93,2492.93,ZRX/USD
0.2443,0.2454,0.2356,0.2424,1512824400,8703.78,2107.49,ZRX/USD
0.238,0.2447,0.235,0.2443,1512828000,12139.03,2911.42,ZRX/USD
0.2386,0.2444,0.2327,0.238,1512831600,16992.33,4050.84,ZRX/USD
0.2328,0.2448,0.2236,0.2342,1512835200,17963.24,4251.56,ZRX/USD
0.221,0.2387,0.22,0.2328,1512838800,19505.27,4482.31,ZRX/USD
0.2316,0.2349,0.22,0.2327,1512842400,17859.38,4092.73,ZRX/USD
0.2343,0.2391,0.2248,0.2267,1512846000,18129.94,4181.64,ZRX/USD
0.231,0.2355,0.2258,0.2343,1512849600,9256.72,2150.83,ZRX/USD
0.2327,0.2365,0.2276,0.231,1512853200,5937.09,1378.2,ZRX/USD
0.2339,0.237,0.2304,0.2327,1512856800,1817.54,423.81,ZRX/USD
0.2372,0.2421,0.231,0.2339,1512860400,5690.63,1344.73,ZRX/USD
0.2351,0.2433,0.232,0.2372,1512864000,13268.8,3122.5,ZRX/USD
0.2144,0.239,0.206,0.2351,1512867600,23317.15,5190.4,ZRX/USD
0.2125,0.2199,0.201,0.2194,1512871200,21261.35,4484.5,ZRX/USD
0.21,0.225,0.2057,0.2122,1512874800,28379.26,6108.76,ZRX/USD
0.2127,0.2272,0.2027,0.21,1512878400,25197.92,5344.23,ZRX/USD
0.2088,0.2309,0.2017,0.2081,1512882000,21638.03,4562.17,ZRX/USD
0.229,0.2306,0.2029,0.213,1512885600,6687.06,1434.47,ZRX/USD
0.2162,0.2308,0.204,0.2153,1512889200,8089.4,1721.5,ZRX/USD
0.2053,0.2261,0.2052,0.219,1512892800,22827.64,4822.78,ZRX/USD
0.2084,0.2217,0.2058,0.2067,1512896400,14149.03,2987.72,ZRX/USD
0.2216,0.2298,0.2064,0.2084,1512900000,9274.62,2019.27,ZRX/USD
0.2118,0.2253,0.2114,0.2142,1512903600,13234.11,2846.51,ZRX/USD
0.2166,0.2243,0.2115,0.2146,1512907200,8178.61,1782.04,ZRX/USD
0.2264,0.2277,0.2132,0.2166,1512910800,12993.57,2848.17,ZRX/USD
0.222,0.2318,0.217,0.2227,1512914400,13417.82,2999.21,ZRX/USD
0.224,0.2321,0.2175,0.2231,1512918000,10150.03,2252.23,ZRX/USD
0.2221,0.2321,0.2171,0.224,1512921600,10048.75,2265.96,ZRX/USD
0.2269,0.2272,0.2205,0.2221,1512925200,2704.3,605.22,ZRX/USD
0.2226,0.2309,0.216,0.2269,1512928800,23406.7,5179.69,ZRX/USD
0.2172,0.2253,0.217,0.2234,1512932400,1177.08,259.71,ZRX/USD
0.2206,0.2246,0.2168,0.2171,1512936000,6172.9,1362.64,ZRX/USD
0.2165,0.224,0.214,0.2233,1512939600,17823.19,3894.78,ZRX/USD
0.2219,0.2233,0.2144,0.2165,1512943200,10613.75,2330.24,ZRX/USD
0.219,0.2254,0.2147,0.2219,1512946800,17192.86,3784.91,ZRX/USD
0.2192,0.2249,0.2152,0.2152,1512950400,17554.35,3882.28,ZRX/USD
0.2218,0.2254,0.2162,0.2192,1512954000,18827.78,4184.27,ZRX/USD
0.222,0.2253,0.2169,0.2218,1512957600,16375.95,3628.87,ZRX/USD
0.2302,0.2319,0.2218,0.222,1512961200,18414.72,4144.18,ZRX/USD
0.2296,0.2323,0.2233,0.2303,1512964800,21005.0,4766.08,ZRX/USD
0.234,0.2392,0.225,0.2296,1512968400,14088.31,3271.44,ZRX/USD
0.2384,0.2399,0.2302,0.234,1512972000,13360.67,3164.02,ZRX/USD
0.2357,0.2489,0.2302,0.2384,1512975600,14619.8,3472.57,ZRX/USD
0.2369,0.2468,0.2333,0.2333,1512979200,12333.15,2988.21,ZRX/USD
0.2364,0.2429,0.2333,0.2389,1512982800,12345.19,2923.34,ZRX/USD
0.2378,0.2396,0.2315,0.2364,1512986400,7729.46,1824.04,ZRX/USD
0.2371,0.2393,0.2297,0.2318,1512990000,10896.1,2563.34,ZRX/USD
0.2363,0.24,0.2295,0.2335,1512993600,22478.25,5274.88,ZRX/USD
0.2275,0.2369,0.2257,0.2365,1512997200,20445.13,4728.11,ZRX/USD
0.2265,0.2323,0.2254,0.2323,1513000800,15218.47,3485.91,ZRX/USD
0.2302,0.2308,0.2251,0.2291,1513004400,21048.16,4811.25,ZRX/USD
0.2353,0.2366,0.2287,0.2292,1513008000,16305.68,3779.4,ZRX/USD
0.2305,0.237,0.23,0.2332,1513011600,6352.15,1480.37,ZRX/USD
0.2346,0.237,0.23,0.2305,1513015200,5133.68,1198.86,ZRX/USD
0.2328,0.2384,0.2304,0.2346,1513018800,5065.95,1184.74,ZRX/USD
0.2326,0.2453,0.2313,0.2329,1513022400,32370.16,7727.81,ZRX/USD
0.2321,0.2398,0.2311,0.2322,1513026000,13453.86,3170.46,ZRX/USD
0.2355,0.239,0.2309,0.2321,1513029600,14992.95,3501.61,ZRX/USD
0.234,0.2355,0.2309,0.2355,1513033200,9404.92,2188.47,ZRX/USD
0.2268,0.235,0.2251,0.234,1513036800,18976.13,4337.7,ZRX/USD
0.226,0.2277,0.2251,0.2272,1513040400,1191.38,269.03,ZRX/USD
0.2274,0.2345,0.2233,0.226,1513044000,29705.04,6745.4,ZRX/USD
0.2262,0.24,0.2234,0.2331,1513047600,25514.27,5906.51,ZRX/USD
0.2235,0.2333,0.2234,0.2262,1513051200,19733.25,4483.62,ZRX/USD
0.223,0.241,0.2204,0.2237,1513054800,40360.09,9198.53,ZRX/USD
0.2269,0.229,0.2151,0.223,1513058400,20117.78,4481.97,ZRX/USD
0.2335,0.239,0.2211,0.229,1513062000,15473.5,3542.3,ZRX/USD
0.2364,0.25,0.227,0.2335,1513065600,10255.61,2433.91,ZRX/USD
0.2443,0.2489,0.2353,0.248,1513069200,6193.45,1494.05,ZRX/USD
0.2398,0.2493,0.222,0.2443,1513072800,13323.75,3166.92,ZRX/USD
0.2382,0.2424,0.2376,0.2396,1513076400,8477.63,2039.64,ZRX/USD
0.2357,0.2417,0.2338,0.2382,1513080000,8726.62,2068.07,ZRX/USD
0.245,0.25,0.2346,0.2357,1513083600,15301.56,3766.99,ZRX/USD
0.2591,0.2597,0.2439,0.245,1513087200,10750.01,2706.81,ZRX/USD
0.2583,0.263,0.254,0.2596,1513090800,11426.94,2950.5,ZRX/USD
0.2467,0.2617,0.2395,0.2583,1513094400,8720.17,2173.19,ZRX/USD
0.2373,0.2483,0.2357,0.2467,1513098000,14652.64,3589.1,ZRX/USD
0.2362,0.2453,0.2342,0.2453,1513101600,10029.83,2390.23,ZRX/USD
0.2405,0.2411,0.2342,0.2362,1513105200,1669.49,395.92,ZRX/USD
0.2436,0.2441,0.2275,0.2405,1513108800,13878.68,3327.29,ZRX/USD
0.2391,0.2436,0.2348,0.2436,1513112400,7828.54,1879.77,ZRX/USD
0.237,0.2427,0.2359,0.2391,1513116000,5467.29,1312.1,ZRX/USD
0.2464,0.249,0.237,0.237,1513119600,11925.36,2913.62,ZRX/USD
0.2427,0.249,0.2386,0.2464,1513123200,13081.45,3183.63,ZRX/USD
0.2464,0.2464,0.2379,0.2426,1513126800,5221.86,1260.89,ZRX/USD
0.2435,0.249,0.2381,0.2464,1513130400,10658.36,2613.23,ZRX/USD
0.2448,0.2465,0.2391,0.2435,1513134000,3656.56,886.34,ZRX/USD
0.2627,0.2681,0.2399,0.2448,1513137600,19128.26,4898.41,ZRX/USD
0.262,0.2645,0.2609,0.2627,1513141200,6924.5,1818.64,ZRX/USD
0.2625,0.2645,0.2583,0.262,1513144800,4005.01,1048.73,ZRX/USD
0.2624,0.2694,0.2589,0.2625,1513148400,9475.32,2516.12,ZRX/USD
0.2697,0.2799,0.25,0.2624,1513152000,14983.15,3988.63,ZRX/USD
0.2694,0.2841,0.2689,0.2697,1513155600,19371.25,5360.82,ZRX/USD
0.2728,0.2851,0.2685,0.2694,1513159200,9485.44,2593.35,ZRX/USD
0.2876,0.289,0.2728,0.2728,1513162800,9043.41,2566.39,ZRX/USD
0.2863,0.2899,0.2815,0.2876,1513166400,14858.47,4257.34,ZRX/USD
0.2779,0.2899,0.2779,0.2892,1513170000,12724.13,3620.12,ZRX/USD
0.2827,0.2844,0.2733,0.2779,1513173600,9304.05,2581.35,ZRX/USD
0.2781,0.284,0.2742,0.2827,1513177200,6393.55,1787.88,ZRX/USD
0.2732,0.2842,0.2732,0.2781,1513180800,11452.16,3188.46,ZRX/USD
0.273,0.2772,0.2702,0.2732,1513184400,12540.92,3443.54,ZRX/USD
0.2895,0.2944,0.272,0.273,1513188000,14839.71,4150.9,ZRX/USD
0.3181,0.32,0.2784,0.2895,1513191600,15479.44,4653.94,ZRX/USD
0.2999,0.3235,0.2988,0.3235,1513195200,11719.6,3637.22,ZRX/USD
0.3077,0.3082,0.2994,0.2999,1513198800,16622.07,5090.57,ZRX/USD
0.3222,0.3222,0.3077,0.3077,1513202400,6486.04,2041.29,ZRX/USD
0.3335,0.34,0.3255,0.3273,1513206000,16032.69,5335.78,ZRX/USD
0.328,0.3381,0.328,0.3335,1513209600,8538.25,2825.24,ZRX/USD
0.3493,0.3493,0.3264,0.328,1513213200,19161.37,6469.33,ZRX/USD
0.3577,0.3616,0.34,0.3493,1513216800,9613.21,3420.02,ZRX/USD
0.3604,0.363,0.3479,0.3616,1513220400,14899.04,5292.08,ZRX/USD
0.3558,0.368,0.3515,0.3604,1513224000,21865.87,7822.22,ZRX/USD
0.3627,0.41,0.354,0.3558,1513227600,21611.97,8298.35,ZRX/USD
0.3603,0.3725,0.3507,0.3627,1513231200,15223.62,5536.29,ZRX/USD
0.3567,0.3631,0.349,0.3603,1513234800,24752.84,8702.23,ZRX/USD
0.3364,0.3608,0.3316,0.3567,1513238400,19682.38,6851.41,ZRX/USD
0.3309,0.3445,0.3255,0.3421,1513242000,10989.64,3660.09,ZRX/USD
0.3374,0.3387,0.3255,0.3309,1513245600,9961.37,3315.94,ZRX/USD
0.3374,0.3412,0.3255,0.3361,1513249200,11415.52,3803.43,ZRX/USD
0.3412,0.3412,0.3255,0.3374,1513252800,13797.72,4575.49,ZRX/USD
0.3293,0.3412,0.3256,0.3412,1513256400,2818.08,927.57,ZRX/USD
0.3278,0.3313,0.3262,0.3293,1513260000,460.49,151.5,ZRX/USD
0.3555,0.3555,0.3254,0.3278,1513263600,5001.25,1707.4,ZRX/USD
0.3523,0.3592,0.3405,0.3555,1513267200,23630.29,8190.58,ZRX/USD
0.3596,0.3874,0.3399,0.3523,1513270800,25631.41,9408.33,ZRX/USD
0.3642,0.3823,0.3512,0.3596,1513274400,25971.12,9558.22,ZRX/USD
0.3644,0.3764,0.3601,0.3718,1513278000,4445.81,1643.7,ZRX/USD
0.3679,0.3767,0.3652,0.371,1513281600,5825.03,2164.84,ZRX/USD
0.3793,0.3884,0.3665,0.3675,1513285200,13311.17,5019.37,ZRX/USD
0.3738,0.3894,0.3665,0.3841,1513288800,15042.47,5644.33,ZRX/USD
0.374,0.3794,0.3652,0.3738,1513292400,12309.41,4610.14,ZRX/USD
0.3464,0.3784,0.3401,0.374,1513296000,21761.24,7774.45,ZRX/USD
0.3283,0.351,0.3118,0.3458,1513299600,25408.8,8518.45,ZRX/USD
0.3055,0.3371,0.3055,0.3283,1513303200,27127.95,8776.55,ZRX/USD
0.3212,0.328,0.3055,0.3055,1513306800,10925.93,3480.15,ZRX/USD
0.3305,0.3344,0.3177,0.3245,1513310400,13900.55,4551.48,ZRX/USD
0.3291,0.3349,0.3116,0.3321,1513314000,10732.76,3520.13,ZRX/USD
0.3317,0.3385,0.3258,0.3274,1513317600,18403.29,6150.47,ZRX/USD
0.3373,0.3427,0.3229,0.3322,1513321200,13852.76,4648.03,ZRX/USD
0.3477,0.3491,0.3339,0.3339,1513324800,12352.73,4222.32,ZRX/USD
0.3399,0.3486,0.3309,0.3477,1513328400,19840.35,6777.83,ZRX/USD
0.3358,0.3462,0.3309,0.3445,1513332000,18985.92,6422.46,ZRX/USD
0.3329,0.3402,0.3302,0.3358,1513335600,9808.92,3285.66,ZRX/USD
0.3332,0.3375,0.3274,0.3329,1513339200,6339.0,2112.99,ZRX/USD
0.3364,0.3429,0.3274,0.3332,1513342800,9730.15,3248.23,ZRX/USD
0.3431,0.3433,0.3329,0.3364,1513346400,5010.98,1692.38,ZRX/USD
0.3646,0.3686,0.3346,0.3431,1513350000,22554.08,8038.85,ZRX/USD
0.3613,0.3694,0.3445,0.3646,1513353600,18595.25,6678.11,ZRX/USD
0.3491,0.3691,0.3474,0.3628,1513357200,12404.75,4443.51,ZRX/USD
0.3569,0.3671,0.3475,0.3513,1513360800,14015.71,4984.57,ZRX/USD
0.3581,0.3679,0.3562,0.3569,1513364400,4449.38,1609.67,ZRX/USD
0.3589,0.3678,0.3566,0.3581,1513368000,7274.4,2616.17,ZRX/USD
0.3679,0.3679,0.3528,0.358,1513371600,9996.99,3614.78,ZRX/USD
0.3667,0.3693,0.3551,0.364,1513375200,11347.3,4117.28,ZRX/USD
0.3541,0.3669,0.3507,0.3667,1513378800,7184.43,2568.4,ZRX/USD
0.3596,0.3641,0.3504,0.3519,1513382400,10750.22,3857.35,ZRX/USD
0.3589,0.3655,0.356,0.3625,1513386000,8037.23,2902.02,ZRX/USD
0.3692,0.3799,0.3587,0.3589,1513389600,19384.62,7157.49,ZRX/USD
0.3694,0.3799,0.3644,0.3785,1513393200,6837.97,2545.97,ZRX/USD
0.3721,0.3786,0.3675,0.378,1513396800,10681.28,3964.0,ZRX/USD
0.3709,0.3801,0.3675,0.3721,1513400400,6328.56,2374.02,ZRX/USD
0.3713,0.38,0.3684,0.3709,1513404000,9045.58,3387.36,ZRX/USD
0.3824,0.3906,0.3637,0.3713,1513407600,15213.88,5751.76,ZRX/USD
0.3891,0.3906,0.3789,0.3824,1513411200,15017.71,5768.24,ZRX/USD
0.3577,0.3891,0.3553,0.3891,1513414800,20349.18,7649.22,ZRX/USD
0.3702,0.3781,0.3576,0.3733,1513418400,11922.02,4412.72,ZRX/USD
0.3695,0.3743,0.3669,0.3698,1513422000,3080.27,1135.32,ZRX/USD
0.3748,0.3752,0.3616,0.3695,1513425600,8169.22,3009.9,ZRX/USD
0.3579,0.3749,0.3421,0.3635,1513429200,16826.57,5964.8,ZRX/USD
0.3539,0.3613,0.3465,0.3579,1513432800,16391.4,5795.49,ZRX/USD
0.3534,0.3596,0.3514,0.3539,1513436400,16256.01,5760.23,ZRX/USD
0.3542,0.3749,0.3509,0.354,1513440000,16992.09,6091.53,ZRX/USD
0.3668,0.3739,0.3535,0.3542,1513443600,8178.83,3004.54,ZRX/USD
0.3633,0.3716,0.3608,0.3626,1513447200,6856.84,2508.72,ZRX/USD
0.3527,0.3715,0.3516,0.3633,1513450800,12021.86,4304.96,ZRX/USD
0.3741,0.3781,0.3518,0.3527,1513454400,18296.77,6754.21,ZRX/USD
0.3786,0.3832,0.3665,0.3684,1513458000,11997.55,4516.56,ZRX/USD
0.3736,0.384,0.371,0.3786,1513461600,5870.86,2194.42,ZRX/USD
0.3753,0.3757,0.36,0.3736,1513465200,16005.62,5940.79,ZRX/USD
0.3768,0.3831,0.3705,0.375,1513468800,15952.5,6003.49,ZRX/USD
0.3998,0.41,0.3651,0.3768,1513472400,27779.77,10721.89,ZRX/USD
0.46,0.46,0.3971,0.3998,1513476000,51313.3,21750.29,ZRX/USD
0.4616,0.47,0.4538,0.4539,1513479600,10427.1,4801.51,ZRX/USD
0.4421,0.4679,0.4339,0.4675,1513483200,15398.79,6875.99,ZRX/USD
0.4445,0.4533,0.4331,0.4421,1513486800,3194.2,1427.0,ZRX/USD
0.4636,0.47,0.4445,0.4464,1513490400,12534.24,5768.24,ZRX/USD
0.4474,0.4751,0.4296,0.4636,1513494000,18197.61,8222.07,ZRX/USD
0.466,0.4733,0.4372,0.4451,1513497600,12341.81,5690.54,ZRX/USD
0.4454,0.4655,0.414,0.4607,1513501200,12970.17,5769.58,ZRX/USD
0.4533,0.4533,0.4394,0.4454,1513504800,2835.21,1274.84,ZRX/USD
0.438,0.4599,0.438,0.4533,1513508400,6525.05,2941.55,ZRX/USD
0.44,0.4598,0.4297,0.438,1513512000,23681.58,10399.13,ZRX/USD
0.4455,0.4455,0.432,0.4362,1513515600,1142.53,497.49,ZRX/USD
0.4472,0.4537,0.4324,0.4432,1513519200,8777.29,3910.78,ZRX/USD
0.4489,0.459,0.4381,0.4472,1513522800,9137.54,4113.04,ZRX/USD
0.4638,0.4749,0.3851,0.4474,1513526400,17489.91,7914.08,ZRX/USD
0.4696,0.4761,0.4575,0.465,1513530000,10504.62,4879.38,ZRX/USD
0.4641,0.4731,0.4564,0.4693,1513533600,10090.55,4695.48,ZRX/USD
0.4666,0.478,0.4606,0.4641,1513537200,13957.88,6558.21,ZRX/USD
0.4618,0.4756,0.46,0.4675,1513540800,12027.52,5606.74,ZRX/USD
0.4711,0.478,0.46,0.4618,1513544400,17650.83,8306.17,ZRX/USD
0.4545,0.4765,0.4545,0.4711,1513548000,16098.87,7490.89,ZRX/USD
0.4373,0.4629,0.435,0.456,1513551600,12601.52,5629.93,ZRX/USD
0.4444,0.4596,0.4288,0.4505,1513555200,18188.09,8155.62,ZRX/USD
0.4258,0.451,0.4166,0.4444,1513558800,16760.92,7266.98,ZRX/USD
0.4152,0.4348,0.4139,0.4307,1513562400,9289.57,3940.19,ZRX/USD
0.4293,0.456,0.414,0.4152,1513566000,20788.55,8978.92,ZRX/USD
0.4295,0.4422,0.4261,0.4375,1513569600,4572.94,1983.0,ZRX/USD
0.4431,0.4521,0.426,0.4295,1513573200,11796.73,5123.9,ZRX/USD
0.4592,0.4717,0.4394,0.4427,1513576800,24857.06,11382.4,ZRX/USD
0.4665,0.4768,0.4508,0.4592,1513580400,5784.54,2677.09,ZRX/USD
0.4803,0.49,0.4652,0.4733,1513584000,11710.21,5651.96,ZRX/USD
0.4642,0.485,0.4339,0.4803,1513587600,15635.51,7236.29,ZRX/USD
0.4724,0.4775,0.456,0.4583,1513591200,14212.47,6620.62,ZRX/USD
0.4697,0.479,0.4654,0.4761,1513594800,6760.22,3205.94,ZRX/USD
0.467,0.4752,0.4624,0.4707,1513598400,5355.3,2503.81,ZRX/USD
0.462,0.4747,0.4484,0.467,1513602000,13998.87,6387.42,ZRX/USD
0.4547,0.4659,0.435,0.4532,1513605600,12742.1,5664.64,ZRX/USD
0.4461,0.4615,0.4377,0.4555,1513609200,16802.0,7588.13,ZRX/USD
0.4545,0.48,0.4423,0.4423,1513612800,17574.93,7957.7,ZRX/USD
0.4555,0.4636,0.4457,0.4545,1513616400,4263.84,1945.25,ZRX/USD
0.4747,0.485,0.4495,0.4521,1513620000,11394.13,5398.08,ZRX/USD
0.4895,0.4982,0.4718,0.4719,1513623600,19090.81,9226.15,ZRX/USD
0.4682,0.4898,0.4616,0.4817,1513627200,12730.3,6013.72,ZRX/USD
0.4767,0.4825,0.4662,0.4682,1513630800,7869.13,3752.4,ZRX/USD
0.525,0.5357,0.4655,0.4767,1513634400,35607.7,17807.78,ZRX/USD
0.5291,0.5442,0.5089,0.525,1513638000,15049.95,7907.1,ZRX/USD
0.5208,0.5456,0.5106,0.5291,1513641600,15975.29,8369.57,ZRX/USD
0.5466,0.5491,0.5123,0.5208,1513645200,12942.34,6941.9,ZRX/USD
0.5371,0.5599,0.5307,0.5439,1513648800,9371.64,5163.4,ZRX/USD
0.5363,0.5416,0.5048,0.5343,1513652400,23421.16,12283.93,ZRX/USD
0.5267,0.549,0.5203,0.5383,1513656000,8841.14,4709.19,ZRX/USD
0.5412,0.5442,0.5179,0.5267,1513659600,9965.87,5274.18,ZRX/USD
0.5613,0.5672,0.528,0.5412,1513663200,27085.66,15095.07,ZRX/USD
0.567,0.5744,0.5447,0.5613,1513666800,9475.3,5310.54,ZRX/USD
0.5686,0.574,0.55,0.567,1513670400,11023.09,6207.52,ZRX/USD
0.5681,0.5931,0.5651,0.5686,1513674000,7974.62,4566.77,ZRX/USD
0.5067,0.5797,0.5042,0.5674,1513677600,27767.42,14720.83,ZRX/USD
0.4869,0.5123,0.4747,0.5095,1513681200,13241.79,6505.11,ZRX/USD
0.5079,0.5092,0.4768,0.4869,1513684800,15772.56,7792.71,ZRX/USD
0.5055,0.5144,0.4838,0.5079,1513688400,7146.04,3606.59,ZRX/USD
0.5115,0.539,0.4884,0.5013,1513692000,18832.44,9744.77,ZRX/USD
0.5123,0.5199,0.4901,0.5115,1513695600,9604.61,4838.9,ZRX/USD
0.5507,0.5611,0.5024,0.5123,1513699200,17340.11,9186.82,ZRX/USD
0.5494,0.5667,0.542,0.5507,1513702800,11249.92,6231.59,ZRX/USD
0.5621,0.5675,0.5433,0.5494,1513706400,21353.69,11802.89,ZRX/USD
0.5703,0.584,0.5492,0.5703,1513710000,29108.43,16459.1,ZRX/USD
0.56,0.5796,0.5484,0.5792,1513713600,16471.72,9301.32,ZRX/USD
0.4977,0.575,0.4907,0.56,1513717200,25390.92,13096.63,ZRX/USD
0.5361,0.5361,0.491,0.4921,1513720800,13964.27,7167.48,ZRX/USD
0.5519,0.5649,0.512,0.5353,1513724400,16183.25,8775.11,ZRX/USD
0.4832,0.5645,0.4536,0.5641,1513728000,24968.71,12150.42,ZRX/USD
0.4572,0.4874,0.4414,0.4832,1513731600,32400.57,14985.01,ZRX/USD
0.5003,0.5093,0.4538,0.4549,1513735200,26415.55,12749.04,ZRX/USD
0.5072,0.5169,0.498,0.5003,1513738800,3275.29,1650.18,ZRX/USD
0.4893,0.5105,0.4811,0.5105,1513742400,11500.55,5700.86,ZRX/USD
0.4873,0.5064,0.4795,0.4893,1513746000,8873.86,4347.41,ZRX/USD
0.4606,0.4862,0.4474,0.4843,1513749600,19189.97,8997.17,ZRX/USD
0.4857,0.4862,0.4574,0.4681,1513753200,12550.63,5955.95,ZRX/USD
0.4905,0.5044,0.4688,0.4857,1513756800,30312.67,14693.64,ZRX/USD
0.4866,0.5061,0.4649,0.4905,1513760400,26086.73,12610.33,ZRX/USD
0.5056,0.5103,0.4795,0.4866,1513764000,6197.84,3068.88,ZRX/USD
0.5064,0.5144,0.4869,0.5003,1513767600,2871.89,1438.24,ZRX/USD
0.5298,0.5358,0.5064,0.5082,1513771200,7538.07,3920.09,ZRX/USD
0.5113,0.5612,0.5113,0.5307,1513774800,22237.49,11752.24,ZRX/USD
0.5363,0.5371,0.5093,0.5296,1513778400,11284.01,5935.88,ZRX/USD
0.5324,0.5535,0.5253,0.5363,1513782000,26286.76,14252.68,ZRX/USD
0.5224,0.5349,0.5058,0.5264,1513785600,20422.42,10557.83,ZRX/USD
0.527,0.5343,0.5095,0.518,1513789200,3195.36,1672.83,ZRX/USD
0.5209,0.5342,0.5192,0.5329,1513792800,7953.54,4144.91,ZRX/USD
0.5434,0.5445,0.5192,0.5194,1513796400,31620.03,16630.93,ZRX/USD
0.5533,0.5645,0.5347,0.5445,1513800000,16662.94,9203.12,ZRX/USD
0.5414,0.5615,0.5214,0.5533,1513803600,21358.09,11557.94,ZRX/USD
0.5636,0.5654,0.5279,0.541,1513807200,13998.37,7639.52,ZRX/USD
0.5572,0.5665,0.5437,0.5597,1513810800,15023.85,8369.83,ZRX/USD
0.5648,0.5711,0.5434,0.5558,1513814400,8381.03,4679.1,ZRX/USD
0.5765,0.58,0.5601,0.5669,1513818000,10749.19,6121.93,ZRX/USD
0.5828,0.6082,0.5664,0.5754,1513821600,16717.0,9752.18,ZRX/USD
0.6015,0.6015,0.5583,0.5583,1513825200,11904.37,6870.75,ZRX/USD
0.5659,0.6028,0.5434,0.5907,1513828800,27957.76,15919.24,ZRX/USD
0.5853,0.5915,0.5577,0.5659,1513832400,11983.98,6872.79,ZRX/USD
0.5948,0.61,0.5765,0.5826,1513836000,12783.83,7548.17,ZRX/USD
0.5838,0.62,0.5805,0.6088,1513839600,39991.19,24340.57,ZRX/USD
0.6,0.607,0.5833,0.5946,1513843200,11647.58,6907.07,ZRX/USD
0.6118,0.62,0.5886,0.6,1513846800,16352.75,9937.88,ZRX/USD
0.624,0.6296,0.6014,0.6118,1513850400,3093.81,1911.02,ZRX/USD
0.6288,0.6495,0.6094,0.624,1513854000,13042.35,8266.68,ZRX/USD
0.6335,0.6493,0.6181,0.6268,1513857600,9151.32,5812.06,ZRX/USD
0.6153,0.648,0.6153,0.6335,1513861200,15391.41,9683.5,ZRX/USD
0.6209,0.6384,0.6109,0.6139,1513864800,7460.56,4642.62,ZRX/USD
0.5346,0.6269,0.5137,0.6222,1513868400,20229.46,11279.11,ZRX/USD
0.5569,0.5718,0.5106,0.5346,1513872000,19915.25,10864.12,ZRX/USD
0.5599,0.5645,0.5358,0.5569,1513875600,7424.62,4118.44,ZRX/USD
0.5226,0.5599,0.4989,0.5599,1513879200,14715.74,7685.77,ZRX/USD
0.5657,0.5709,0.5159,0.5226,1513882800,12067.79,6671.92,ZRX/USD
0.587,0.5927,0.5559,0.5658,1513886400,13008.08,7610.32,ZRX/USD
0.5798,0.5861,0.5679,0.5847,1513890000,8775.51,5070.4,ZRX/USD
0.5923,0.6055,0.5721,0.5798,1513893600,8108.08,4823.98,ZRX/USD
0.576,0.6004,0.575,0.5923,1513897200,20513.65,12097.43,ZRX/USD
0.5677,0.5903,0.56,0.576,1513900800,4306.12,2474.38,ZRX/USD
0.5246,0.5682,0.5246,0.567,1513904400,16138.9,8835.78,ZRX/USD
0.5026,0.5405,0.5,0.5246,1513908000,18518.48,9687.86,ZRX/USD
0.4776,0.5121,0.4294,0.5029,1513911600,30278.21,14359.69,ZRX/USD
0.5007,0.5114,0.4664,0.4845,1513915200,22640.16,11189.3,ZRX/USD
0.4667,0.5115,0.4224,0.4927,1513918800,15975.13,7731.65,ZRX/USD
0.4537,0.4809,0.4381,0.4667,1513922400,37704.88,17172.5,ZRX/USD
0.4262,0.4537,0.398,0.4522,1513926000,24277.72,10308.91,ZRX/USD
0.4193,0.43,0.3979,0.4064,1513929600,15612.97,6546.11,ZRX/USD
0.4385,0.4455,0.4159,0.4259,1513933200,8495.09,3686.47,ZRX/USD
0.4564,0.4846,0.4306,0.4385,1513936800,12216.29,5565.21,ZRX/USD
0.4585,0.4618,0.4384,0.4564,1513940400,9533.74,4310.61,ZRX/USD
0.4484,0.473,0.4451,0.4616,1513944000,7914.78,3595.17,ZRX/USD
0.4025,0.4535,0.4019,0.45,1513947600,21850.09,9197.13,ZRX/USD
0.4008,0.4211,0.3628,0.4025,1513951200,30911.97,12188.38,ZRX/USD
0.4241,0.4307,0.3693,0.4008,1513954800,19813.6,7746.72,ZRX/USD
0.4341,0.4453,0.4037,0.4241,1513958400,8381.9,3539.56,ZRX/USD
0.4447,0.4555,0.4291,0.4341,1513962000,12817.79,5715.97,ZRX/USD
0.4905,0.4963,0.4375,0.4447,1513965600,14050.37,6549.5,ZRX/USD
0.4677,0.496,0.4677,0.4905,1513969200,7969.92,3808.61,ZRX/USD
0.5113,0.5215,0.4603,0.4677,1513972800,20067.41,9801.8,ZRX/USD
0.4954,0.5215,0.4761,0.5113,1513976400,9784.84,4937.43,ZRX/USD
0.5207,0.5251,0.494,0.4965,1513980000,8427.06,4316.14,ZRX/USD
0.5013,0.5251,0.4898,0.5207,1513983600,11383.15,5738.22,ZRX/USD
0.4873,0.5177,0.4847,0.4924,1513987200,15400.4,7700.38,ZRX/USD
0.5039,0.5073,0.4864,0.489,1513990800,6414.15,3190.38,ZRX/USD
0.5032,0.5194,0.4859,0.4972,1513994400,10469.09,5292.55,ZRX/USD
0.5192,0.5226,0.4903,0.4946,1513998000,16190.56,8126.69,ZRX/USD
0.5112,0.5251,0.5019,0.5192,1514001600,5744.61,2959.6,ZRX/USD
0.4861,0.5158,0.4753,0.5112,1514005200,10802.46,5285.77,ZRX/USD
0.4796,0.4915,0.4647,0.4915,1514008800,12503.17,5919.14,ZRX/USD
0.4957,0.5028,0.4759,0.4796,1514012400,8026.84,3947.05,ZRX/USD
0.5012,0.5113,0.4878,0.4957,1514016000,7632.74,3856.01,ZRX/USD
0.5082,0.5202,0.4967,0.5088,1514019600,17827.3,9111.38,ZRX/USD
0.5141,0.5261,0.4909,0.5183,1514023200,14916.84,7611.12,ZRX/USD
0.5296,0.5379,0.5141,0.5141,1514026800,11441.24,6026.19,ZRX/USD
0.5484,0.5484,0.5236,0.5296,1514030400,4668.8,2492.29,ZRX/USD
0.6106,0.6118,0.5353,0.5484,1514034000,60072.94,34452.46,ZRX/USD
0.6732,0.6935,0.6103,0.6103,1514037600,117142.48,78059.21,ZRX/USD
0.6129,0.6947,0.6111,0.6732,1514041200,66400.12,43952.11,ZRX/USD
0.661,0.6625,0.6023,0.6029,1514044800,32396.64,20982.91,ZRX/USD
0.6716,0.6802,0.6426,0.6581,1514048400,13675.55,9101.63,ZRX/USD
0.6626,0.6802,0.6435,0.6716,1514052000,23396.23,15610.03,ZRX/USD
0.6733,0.6784,0.6493,0.6626,1514055600,10309.32,6896.23,ZRX/USD
0.7018,0.7179,0.6689,0.6778,1514059200,18523.0,12866.32,ZRX/USD
0.7137,0.7372,0.6872,0.7101,1514062800,30585.74,21662.71,ZRX/USD
0.6369,0.7251,0.6348,0.7191,1514066400,20600.88,13922.21,ZRX/USD
0.6224,0.6845,0.6002,0.6369,1514070000,20771.71,13388.32,ZRX/USD
0.61,0.6329,0.5782,0.6249,1514073600,20122.13,12078.6,ZRX/USD
0.6078,0.6273,0.5883,0.61,1514077200,9472.45,5763.39,ZRX/USD
0.5601,0.6121,0.551,0.6121,1514080800,13532.28,7777.73,ZRX/USD
0.6196,0.6289,0.5518,0.5601,1514084400,15339.28,8935.43,ZRX/USD
0.5899,0.6216,0.5748,0.6081,1514088000,7419.43,4462.9,ZRX/USD
0.594,0.6009,0.5815,0.5899,1514091600,3238.18,1913.58,ZRX/USD
0.6392,0.6431,0.594,0.594,1514095200,8943.83,5583.82,ZRX/USD
0.6131,0.6431,0.6081,0.6392,1514098800,8685.15,5429.74,ZRX/USD
0.6396,0.6481,0.5916,0.6131,1514102400,15938.47,9903.42,ZRX/USD
0.5981,0.646,0.5743,0.6441,1514106000,10347.59,6326.28,ZRX/USD
0.5823,0.6081,0.5534,0.5981,1514109600,39942.8,22852.15,ZRX/USD
0.5389,0.5857,0.5171,0.5823,1514113200,10877.94,5872.67,ZRX/USD
0.5108,0.55,0.4969,0.5389,1514116800,30089.06,15547.05,ZRX/USD
0.5487,0.5647,0.5105,0.5124,1514120400,19305.02,10478.22,ZRX/USD
0.5667,0.5719,0.5475,0.5487,1514124000,8853.5,4973.54,ZRX/USD
0.557,0.5794,0.5452,0.5667,1514127600,13954.03,7834.32,ZRX/USD
0.5557,0.5793,0.5463,0.557,1514131200,5893.23,3337.85,ZRX/USD
0.5723,0.5757,0.5449,0.5657,1514134800,10493.95,5831.55,ZRX/USD
0.5473,0.5723,0.5307,0.5723,1514138400,7188.41,3899.68,ZRX/USD
0.5404,0.5507,0.5282,0.5473,1514142000,9162.19,4912.24,ZRX/USD
0.5747,0.5784,0.5344,0.5404,1514145600,10864.55,6117.07,ZRX/USD
0.5679,0.5779,0.554,0.5747,1514149200,11172.76,6331.67,ZRX/USD
0.5811,0.5862,0.5568,0.5706,1514152800,9922.42,5670.49,ZRX/USD
0.6167,0.6297,0.5758,0.5758,1514156400,20341.52,12312.78,ZRX/USD
0.6301,0.6305,0.6114,0.6167,1514160000,15631.7,9710.01,ZRX/USD
0.6201,0.6314,0.6052,0.6301,1514163600,9226.52,5706.75,ZRX/USD
0.631,0.635,0.6109,0.6261,1514167200,9880.6,6177.36,ZRX/USD
0.6325,0.6431,0.6176,0.6315,1514170800,8049.26,5096.11,ZRX/USD
0.6352,0.6513,0.6078,0.6325,1514174400,10963.7,6955.57,ZRX/USD
0.6547,0.6718,0.6352,0.6352,1514178000,20493.17,13320.87,ZRX/USD
0.6618,0.6833,0.6485,0.6561,1514181600,11971.38,7966.35,ZRX/USD
0.6494,0.6722,0.6465,0.6638,1514185200,6941.35,4555.19,ZRX/USD
0.6555,0.6677,0.6476,0.6494,1514188800,5105.75,3346.05,ZRX/USD
0.6752,0.6834,0.6508,0.6637,1514192400,10321.07,6918.04,ZRX/USD
0.6714,0.6895,0.65,0.6752,1514196000,10336.76,6960.93,ZRX/USD
0.682,0.6941,0.6704,0.6714,1514199600,9852.95,6765.32,ZRX/USD
0.7012,0.706,0.6812,0.682,1514203200,6109.57,4232.35,ZRX/USD
0.6664,0.7046,0.6523,0.7012,1514206800,20893.91,14089.08,ZRX/USD
0.6447,0.6734,0.595,0.6627,1514210400,24977.1,15954.17,ZRX/USD
0.6626,0.6884,0.6311,0.6447,1514214000,11790.32,7700.03,ZRX/USD
0.6581,0.69,0.6505,0.6594,1514217600,8409.14,5616.78,ZRX/USD
0.6563,0.69,0.6408,0.6576,1514221200,15562.83,10338.48,ZRX/USD
0.6615,0.6728,0.6476,0.6507,1514224800,3373.59,2241.61,ZRX/USD
0.6656,0.6731,0.6524,0.6615,1514228400,4463.12,2973.12,ZRX/USD
0.6812,0.6891,0.6625,0.6656,1514232000,9577.78,6469.83,ZRX/USD
0.6889,0.6954,0.6565,0.6812,1514235600,13774.01,9451.86,ZRX/USD
0.6803,0.7071,0.6688,0.6889,1514239200,10660.39,7259.94,ZRX/USD
0.6949,0.6991,0.6806,0.6854,1514242800,15382.72,10664.87,ZRX/USD
0.6772,0.7199,0.6755,0.6949,1514246400,16399.43,11414.46,ZRX/USD
0.6801,0.6887,0.6659,0.6826,1514250000,10772.22,7249.94,ZRX/USD
0.6687,0.6905,0.64,0.6801,1514253600,4379.44,2964.4,ZRX/USD
0.6859,0.6869,0.6533,0.6687,1514257200,9295.51,6238.43,ZRX/USD
0.6343,0.6878,0.6302,0.6859,1514260800,14651.99,9610.35,ZRX/USD
0.6131,0.6344,0.579,0.6343,1514264400,15683.09,9508.35,ZRX/USD
0.6168,0.6507,0.6129,0.6131,1514268000,15678.67,9844.18,ZRX/USD
0.6342,0.6586,0.6157,0.6157,1514271600,7523.18,4749.97,ZRX/USD
0.6397,0.6539,0.6289,0.6342,1514275200,3482.5,2233.97,ZRX/USD
0.6299,0.6538,0.6116,0.6397,1514278800,11337.03,7123.14,ZRX/USD
0.6098,0.6341,0.5702,0.6299,1514282400,7399.43,4518.59,ZRX/USD
0.5931,0.615,0.555,0.6026,1514286000,19995.66,11766.24,ZRX/USD
0.5973,0.6062,0.5501,0.5726,1514289600,22152.57,12777.44,ZRX/USD
0.6022,0.6085,0.5858,0.606,1514293200,9146.26,5447.02,ZRX/USD
0.5704,0.6138,0.5679,0.6022,1514296800,22689.66,13470.15,ZRX/USD
0.5801,0.5814,0.5636,0.5704,1514300400,5976.14,3440.42,ZRX/USD
0.5873,0.605,0.5696,0.5801,1514304000,11862.4,6983.11,ZRX/USD
0.597,0.5986,0.5707,0.5889,1514307600,14949.29,8799.53,ZRX/USD
0.5993,0.6133,0.586,0.597,1514311200,18884.99,11254.57,ZRX/USD
0.5875,0.6138,0.5856,0.5993,1514314800,9928.61,5948.52,ZRX/USD
0.6161,0.6571,0.5875,0.5875,1514318400,8007.04,4872.66,ZRX/USD
0.6287,0.6371,0.6161,0.6161,1514322000,10559.87,6594.7,ZRX/USD
0.6475,0.6583,0.6287,0.6287,1514325600,11520.25,7389.69,ZRX/USD
0.6335,0.6515,0.6335,0.6367,1514329200,6805.76,4366.91,ZRX/USD
0.63,0.6509,0.6196,0.6335,1514332800,151864.53,94549.85,ZRX/USD
0.6135,0.6355,0.6132,0.63,1514336400,10584.48,6641.44,ZRX/USD
0.6492,0.6509,0.6117,0.6135,1514340000,15882.82,9900.14,ZRX/USD
0.6385,0.6589,0.6321,0.6439,1514343600,7309.96,4717.65,ZRX/USD
0.6522,0.67,0.6385,0.6385,1514347200,19005.22,12542.03,ZRX/USD
0.6278,0.6643,0.6252,0.6522,1514350800,19636.91,12604.49,ZRX/USD
0.634,0.6385,0.6195,0.6266,1514354400,13679.08,8599.81,ZRX/USD
0.6322,0.6399,0.6224,0.634,1514358000,6865.78,4317.5,ZRX/USD
0.63,0.647,0.6253,0.6306,1514361600,12298.19,7847.32,ZRX/USD
0.6297,0.6407,0.625,0.6284,1514365200,11211.03,7110.1,ZRX/USD
0.6173,0.6343,0.609,0.6297,1514368800,9804.22,6081.72,ZRX/USD
0.6337,0.6378,0.5946,0.6146,1514372400,18849.51,11699.33,ZRX/USD
0.634,0.6504,0.6163,0.6338,1514376000,9777.79,6247.42,ZRX/USD
0.6601,0.6687,0.6252,0.634,1514379600,19416.75,12584.72,ZRX/USD
0.654,0.6649,0.6282,0.6601,1514383200,15947.07,10279.41,ZRX/USD
0.6488,0.654,0.6206,0.654,1514386800,16298.14,10345.42,ZRX/USD
0.6545,0.6846,0.6446,0.6488,1514390400,19392.59,12832.48,ZRX/USD
0.679,0.6847,0.6312,0.6545,1514394000,20877.13,13780.14,ZRX/USD
0.6619,0.7084,0.6508,0.6708,1514397600,10682.44,7322.46,ZRX/USD
0.6611,0.7,0.6611,0.6619,1514401200,1744.5,1193.79,ZRX/USD
0.6735,0.6852,0.6607,0.6611,1514404800,5948.91,3988.28,ZRX/USD
0.6952,0.7139,0.6735,0.6735,1514408400,14642.7,10123.61,ZRX/USD
0.6573,0.7039,0.644,0.7039,1514412000,15113.62,10162.44,ZRX/USD
0.6569,0.6749,0.6374,0.6569,1514415600,17104.58,11324.83,ZRX/USD
0.6663,0.6739,0.6483,0.6569,1514419200,8162.37,5400.05,ZRX/USD
0.6855,0.6855,0.6483,0.6657,1514422800,10112.21,6789.39,ZRX/USD
0.6118,0.7053,0.6118,0.6855,1514426400,8832.12,5675.86,ZRX/USD
0.6172,0.6267,0.6015,0.6131,1514430000,11580.08,7116.39,ZRX/USD
0.6316,0.643,0.6156,0.6246,1514433600,10773.12,6810.23,ZRX/USD
0.622,0.645,0.6172,0.6314,1514437200,13486.93,8513.44,ZRX/USD
0.6166,0.6357,0.6098,0.6266,1514440800,11249.71,6987.95,ZRX/USD
0.63,0.63,0.6078,0.6166,1514444400,2455.45,1527.94,ZRX/USD
0.6198,0.6365,0.6198,0.63,1514448000,235.19,146.58,ZRX/USD
0.6336,0.6396,0.6198,0.6198,1514451600,18.87,12.01,ZRX/USD
0.6035,0.645,0.6035,0.6336,1514455200,262.97,166.84,ZRX/USD
0.588,0.6,0.588,0.6,1514458800,500.71,295.4,ZRX/USD
0.5923,0.597,0.5758,0.588,1514462400,9025.66,5289.01,ZRX/USD
0.5959,0.5995,0.5809,0.5923,1514466000,5948.27,3526.26,ZRX/USD
0.6068,0.6079,0.5877,0.5959,1514469600,10408.18,6207.74,ZRX/USD
0.6081,0.6123,0.5962,0.5989,1514473200,9332.14,5640.01,ZRX/USD
0.5969,0.6205,0.5943,0.6015,1514476800,12118.5,7332.99,ZRX/USD
0.5955,0.5979,0.5809,0.5979,1514480400,16744.96,9904.83,ZRX/USD
0.5672,0.5971,0.5672,0.5955,1514484000,9591.01,5627.28,ZRX/USD
0.584,0.5911,0.5672,0.5672,1514487600,5202.82,3025.55,ZRX/USD
0.6071,0.6479,0.5823,0.5893,1514491200,6596.25,3945.79,ZRX/USD
0.5901,0.6101,0.5868,0.5994,1514494800,9549.26,5735.36,ZRX/USD
0.609,0.6108,0.5868,0.5902,1514498400,6837.31,4100.78,ZRX/USD
0.6455,0.6455,0.5925,0.609,1514502000,17307.69,10833.75,ZRX/USD
0.6549,0.6574,0.6305,0.6455,1514505600,4610.14,2971.99,ZRX/USD
0.659,0.668,0.6408,0.6497,1514509200,6902.65,4540.13,ZRX/USD
0.6682,0.689,0.6563,0.6572,1514512800,12987.65,8806.67,ZRX/USD
0.6719,0.6815,0.6524,0.6682,1514516400,16356.32,10943.49,ZRX/USD
0.6725,0.6804,0.6638,0.6692,1514520000,2320.89,1560.15,ZRX/USD
0.6837,0.6837,0.6725,0.6725,1514523600,449.93,306.89,ZRX/USD
0.692,0.692,0.6837,0.6837,1514527200,38.92,26.9,ZRX/USD
0.653,0.692,0.65,0.692,1514530800,1965.97,1324.99,ZRX/USD
0.641,0.6645,0.632,0.653,1514534400,3308.62,2101.3,ZRX/USD
0.6341,0.6591,0.6206,0.641,1514538000,5246.47,3352.63,ZRX/USD
0.6196,0.6725,0.6088,0.6375,1514541600,15652.3,9814.86,ZRX/USD
0.6183,0.6249,0.6017,0.6196,1514545200,12518.89,7709.28,ZRX/USD
0.6216,0.6313,0.6127,0.6197,1514548800,19800.52,12358.22,ZRX/USD
0.6297,0.6322,0.6165,0.6271,1514552400,14591.04,9129.07,ZRX/USD
0.6384,0.6625,0.629,0.6322,1514556000,14657.62,9400.18,ZRX/USD
0.655,0.6609,0.636,0.6391,1514559600,17519.0,11390.05,ZRX/USD
0.6518,0.6749,0.6246,0.6592,1514563200,29546.32,19501.5,ZRX/USD
0.6777,0.6787,0.6455,0.6518,1514566800,18333.06,12137.46,ZRX/USD
0.6785,0.68,0.6628,0.6777,1514570400,7087.91,4775.87,ZRX/USD
0.69,0.695,0.6666,0.6753,1514574000,9287.92,6357.84,ZRX/USD
0.6815,0.7,0.6769,0.69,1514577600,12316.87,8455.41,ZRX/USD
0.6622,0.69,0.6524,0.6815,1514581200,8169.35,5470.02,ZRX/USD
0.6722,0.6925,0.653,0.6622,1514584800,16663.39,11155.16,ZRX/USD
0.6732,0.6909,0.6708,0.6722,1514588400,7398.68,5030.16,ZRX/USD
0.6765,0.6842,0.6587,0.6732,1514592000,9773.68,6587.93,ZRX/USD
0.6428,0.678,0.6404,0.6765,1514595600,16201.86,10714.7,ZRX/USD
0.6211,0.6531,0.6161,0.643,1514599200,21224.63,13484.48,ZRX/USD
0.6297,0.6369,0.6156,0.6211,1514602800,6252.49,3908.04,ZRX/USD
0.6255,0.6409,0.6163,0.6252,1514606400,12833.41,8044.3,ZRX/USD
0.6386,0.6551,0.6195,0.6255,1514610000,11883.04,7578.06,ZRX/USD
0.6399,0.6525,0.6298,0.643,1514613600,7131.3,4580.66,ZRX/USD
0.6455,0.6494,0.6294,0.6398,1514617200,5837.37,3738.63,ZRX/USD
0.6422,0.6587,0.6222,0.6455,1514620800,16169.1,10300.89,ZRX/USD
0.6389,0.6483,0.6301,0.6455,1514624400,10853.01,6937.44,ZRX/USD
0.6234,0.6474,0.6178,0.6406,1514628000,13069.57,8261.57,ZRX/USD
0.6401,0.6467,0.6177,0.6234,1514631600,13927.71,8828.33,ZRX/USD
0.6219,0.6401,0.6065,0.6355,1514635200,11359.8,7036.45,ZRX/USD
0.5986,0.6135,0.5814,0.6127,1514638800,12688.1,7518.73,ZRX/USD
0.5919,0.6142,0.5816,0.5969,1514642400,13645.41,8187.56,ZRX/USD
0.5821,0.6232,0.5787,0.5887,1514646000,12478.93,7539.14,ZRX/USD
0.5759,0.5932,0.5734,0.5821,1514649600,9430.76,5486.21,ZRX/USD
0.6161,0.6161,0.5732,0.5732,1514653200,9719.19,5731.79,ZRX/USD
0.6036,0.6216,0.5974,0.6161,1514656800,13092.33,7969.64,ZRX/USD
0.6573,0.6595,0.6053,0.6196,1514660400,11312.05,7163.39,ZRX/USD
0.643,0.6601,0.6352,0.6599,1514664000,10259.19,6628.67,ZRX/USD
0.66,0.6608,0.635,0.6366,1514667600,6939.9,4492.56,ZRX/USD
0.661,0.6655,0.6377,0.6519,1514671200,14462.01,9508.58,ZRX/USD
0.6649,0.6679,0.6438,0.661,1514674800,7714.5,5101.72,ZRX/USD
0.73,0.73,0.6556,0.6649,1514678400,23347.1,16087.48,ZRX/USD
0.733,0.7507,0.706,0.7187,1514682000,27197.28,19929.03,ZRX/USD
0.7592,0.761,0.7207,0.7263,1514685600,12179.13,8966.54,ZRX/USD
0.717,0.7529,0.7144,0.7529,1514689200,11852.47,8705.93,ZRX/USD
0.7056,0.7243,0.7,0.717,1514692800,9494.24,6742.25,ZRX/USD
0.7016,0.7218,0.7014,0.7056,1514696400,3809.53,2711.16,ZRX/USD
0.7255,0.7386,0.701,0.7016,1514700000,11327.14,8249.92,ZRX/USD
0.7338,0.7468,0.7238,0.7255,1514703600,8724.45,6408.69,ZRX/USD
0.7264,0.7443,0.7126,0.7338,1514707200,7913.76,5754.86,ZRX/USD
0.719,0.7283,0.7047,0.7227,1514710800,10273.74,7375.36,ZRX/USD
0.7249,0.7319,0.711,0.7159,1514714400,7150.55,5152.08,ZRX/USD
0.7235,0.7393,0.7129,0.7249,1514718000,11245.65,8223.21,ZRX/USD
0.739,0.7456,0.7165,0.7304,1514721600,8020.71,5873.68,ZRX/USD
0.7402,0.7456,0.7267,0.7434,1514725200,13441.54,9873.34,ZRX/USD
0.7507,0.761,0.7333,0.7402,1514728800,7355.1,5503.9,ZRX/USD
0.7564,0.76,0.7406,0.7507,1514732400,6417.47,4834.36,ZRX/USD
0.7867,0.8075,0.7472,0.7477,1514736000,14836.05,11506.01,ZRX/USD
0.8045,0.8216,0.7827,0.7835,1514739600,16031.45,12891.9,ZRX/USD
0.8751,0.8801,0.8014,0.8045,1514743200,13465.79,11404.9,ZRX/USD
0.9283,0.9417,0.8612,0.8714,1514746800,25495.64,23128.36,ZRX/USD
0.857,0.9283,0.8416,0.9283,1514750400,15293.18,13579.02,ZRX/USD
0.8776,0.8909,0.8466,0.857,1514754000,8999.21,7841.88,ZRX/USD
0.8675,0.8789,0.8649,0.8776,1514757600,3617.66,3149.35,ZRX/USD
0.8948,0.926,0.8573,0.8675,1514761200,13645.98,12037.39,ZRX/USD
0.9051,0.9106,0.885,0.8948,1514764800,8517.0,7670.46,ZRX/USD
0.8804,0.9106,0.8804,0.9051,1514768400,11167.1,9968.49,ZRX/USD
0.892,0.9079,0.8811,0.8882,1514772000,6473.4,5795.15,ZRX/USD
0.9025,0.9303,0.892,0.892,1514775600,15715.78,14349.93,ZRX/USD
0.9336,0.97,0.9028,0.9082,1514779200,13175.56,12211.03,ZRX/USD
0.9503,0.99,0.9274,0.9492,1514782800,21709.93,20976.2,ZRX/USD
0.951,0.9587,0.9258,0.9466,1514786400,10833.96,10226.74,ZRX/USD
0.9486,0.959,0.9096,0.951,1514790000,18474.39,17370.8,ZRX/USD
0.9737,0.9737,0.94,0.9486,1514793600,7799.0,7511.98,ZRX/USD
0.965,1.01,0.9649,0.9737,1514797200,15186.79,15123.07,ZRX/USD
0.968,0.9995,0.962,0.9884,1514800800,7067.58,6935.57,ZRX/USD
0.9105,0.9725,0.89,0.968,1514804400,13671.54,12628.33,ZRX/USD
0.9375,0.9382,0.8952,0.914,1514808000,17627.59,16170.3,ZRX/USD
0.9109,0.9375,0.9071,0.9375,1514811600,3756.16,3439.18,ZRX/USD
0.8948,0.917,0.8632,0.9123,1514815200,13481.27,11966.89,ZRX/USD
0.894,0.9097,0.8886,0.898,1514818800,8932.74,7962.35,ZRX/USD
0.8567,0.8965,0.8534,0.8922,1514822400,8124.71,7097.09,ZRX/USD
0.9023,0.9023,0.8545,0.8558,1514826000,9869.18,8684.27,ZRX/USD
0.8791,0.9048,0.868,0.9023,1514829600,4990.47,4406.05,ZRX/USD
0.8705,0.8882,0.8349,0.8791,1514833200,13635.02,11821.29,ZRX/USD
0.872,0.8852,0.8671,0.8703,1514836800,13774.06,12046.53,ZRX/USD
0.8965,0.928,0.866,0.8715,1514840400,13862.54,12291.9,ZRX/USD
0.8882,0.9054,0.8803,0.8962,1514844000,14726.41,13171.29,ZRX/USD
0.8679,0.8917,0.8671,0.8882,1514847600,21496.97,18884.69,ZRX/USD
0.8992,0.9084,0.8675,0.8675,1514851200,19160.1,17057.08,ZRX/USD
0.9712,0.9712,0.8998,0.902,1514854800,18723.21,17474.09,ZRX/USD
0.9426,0.9884,0.9426,0.9689,1514858400,14913.3,14371.31,ZRX/USD
0.9652,0.9773,0.9254,0.9432,1514862000,8022.94,7604.95,ZRX/USD
0.9642,0.9866,0.9441,0.9652,1514865600,35548.65,34486.56,ZRX/USD
0.9582,0.9678,0.9468,0.9636,1514869200,4817.23,4599.5,ZRX/USD
0.9783,0.9804,0.9549,0.9584,1514872800,3092.82,2998.05,ZRX/USD
0.965,0.9807,0.9391,0.9806,1514876400,6779.72,6487.97,ZRX/USD
0.9465,0.9773,0.9393,0.965,1514880000,11451.7,10926.48,ZRX/USD
0.9399,0.9697,0.9399,0.9465,1514883600,7025.36,6662.36,ZRX/USD
0.9333,0.943,0.9215,0.9399,1514887200,9611.91,8952.33,ZRX/USD
0.9135,0.9355,0.9033,0.9333,1514890800,6484.77,5938.6,ZRX/USD
0.9295,0.9525,0.9135,0.9135,1514894400,6018.09,5626.28,ZRX/USD
0.9243,0.9515,0.917,0.9295,1514898000,7455.07,6924.94,ZRX/USD
0.9161,0.94,0.9006,0.9243,1514901600,10101.38,9226.66,ZRX/USD
0.8969,0.9242,0.8905,0.9161,1514905200,10600.54,9593.54,ZRX/USD
0.8749,0.9134,0.861,0.8969,1514908800,22059.71,19604.28,ZRX/USD
0.8904,0.8972,0.8568,0.874,1514912400,8558.36,7511.48,ZRX/USD
0.8369,0.903,0.8332,0.8871,1514916000,21213.6,18320.39,ZRX/USD
0.8335,0.8565,0.79,0.8368,1514919600,28019.33,23289.49,ZRX/USD
0.8279,0.8454,0.7872,0.8335,1514923200,23463.86,19062.28,ZRX/USD
0.8716,0.8727,0.8279,0.8279,1514926800,11416.18,9706.87,ZRX/USD
0.8864,0.8869,0.8527,0.8716,1514930400,6865.24,5939.26,ZRX/USD
0.8939,0.9024,0.8756,0.8864,1514934000,9663.09,8600.1,ZRX/USD
0.8895,0.91,0.8745,0.8939,1514937600,12308.82,10999.52,ZRX/USD
0.8535,0.9036,0.842,0.8896,1514941200,26348.54,22922.21,ZRX/USD
0.8387,0.8584,0.8103,0.8535,1514944800,19613.99,16488.14,ZRX/USD
0.8556,0.8625,0.8359,0.8381,1514948400,5985.95,5090.87,ZRX/USD
0.9116,0.9121,0.8528,0.8556,1514952000,8594.08,7662.51,ZRX/USD
0.9319,0.9399,0.9056,0.9116,1514955600,9061.35,8378.68,ZRX/USD
0.9171,0.99,0.8829,0.9319,1514959200,85624.15,79463.6,ZRX/USD
0.8719,0.9402,0.8693,0.9147,1514962800,46618.57,42744.87,ZRX/USD
0.8853,0.894,0.8694,0.8754,1514966400,4181.03,3686.48,ZRX/USD
0.8442,0.8824,0.828,0.8799,1514970000,29613.84,25016.72,ZRX/USD
0.8448,0.8477,0.8287,0.8427,1514973600,6840.68,5714.78,ZRX/USD
0.9028,0.9063,0.8414,0.8448,1514977200,12694.86,11184.4,ZRX/USD
0.854,0.9057,0.8479,0.904,1514980800,9416.27,8226.23,ZRX/USD
0.8768,0.8799,0.8454,0.8522,1514984400,2713.36,2351.71,ZRX/USD
0.879,0.8829,0.8735,0.8768,1514988000,3192.25,2800.45,ZRX/USD
0.9423,0.9454,0.8774,0.8806,1514991600,23582.14,21458.16,ZRX/USD
0.9637,0.9817,0.94,0.9423,1514995200,14399.49,13836.46,ZRX/USD
0.9667,0.9804,0.9431,0.9623,1514998800,11149.19,10723.22,ZRX/USD
1.01,1.02,0.9606,0.9667,1515002400,9691.89,9608.51,ZRX/USD
1.01,1.07,1.0,1.01,1515006000,13863.2,14364.01,ZRX/USD
1.01,1.02,0.9885,1.01,1515009600,17824.81,17899.47,ZRX/USD
1.01,1.03,0.9994,1.01,1515013200,7235.34,7298.31,ZRX/USD
0.9967,1.01,0.9879,1.01,1515016800,8525.99,8506.29,ZRX/USD
0.9843,0.9967,0.9684,0.9967,1515020400,12115.4,11914.1,ZRX/USD
0.9881,1.01,0.9834,0.9834,1515024000,11333.78,11247.01,ZRX/USD
0.9997,1.01,0.9623,0.9888,1515027600,21845.54,21488.5,ZRX/USD
1.06,1.07,0.9997,0.9997,1515031200,19315.48,19923.48,ZRX/USD
1.06,1.11,1.04,1.11,1515034800,8042.56,8539.49,ZRX/USD
1.06,1.12,1.04,1.06,1515038400,7569.51,8063.59,ZRX/USD
1.05,1.07,1.04,1.06,1515042000,3092.58,3260.32,ZRX/USD
1.01,1.06,0.9963,1.05,1515045600,10962.02,11189.36,ZRX/USD
1.0,1.04,0.9375,0.9997,1515049200,17834.11,17907.65,ZRX/USD
0.9996,1.01,0.985,1.0,1515052800,6779.49,6750.37,ZRX/USD
0.9781,0.9975,0.9777,0.9975,1515056400,1629.67,1607.6,ZRX/USD
0.9893,1.0,0.9762,0.9781,1515060000,2296.91,2261.21,ZRX/USD
0.9871,1.02,0.9687,0.9893,1515063600,10794.65,10659.61,ZRX/USD
1.0,1.0,0.9702,0.977,1515067200,14189.2,13863.52,ZRX/USD
1.04,1.05,0.9835,0.9988,1515070800,9547.2,9737.55,ZRX/USD
1.02,1.05,0.9758,1.04,1515074400,10651.55,10824.66,ZRX/USD
0.9854,1.02,0.9811,1.02,1515078000,6751.84,6756.42,ZRX/USD
1.02,1.03,0.9837,0.9854,1515081600,5171.32,5282.65,ZRX/USD
1.02,1.02,1.02,1.02,1515085200,0.0,0.0,ZRX/USD
0.9897,1.04,0.9707,1.02,1515088800,18252.19,18042.57,ZRX/USD
1.01,1.01,0.98,0.9886,1515092400,6526.02,6481.67,ZRX/USD
0.9714,1.02,0.968,1.01,1515096000,13857.31,13672.4,ZRX/USD
0.9913,1.01,0.966,0.9711,1515099600,10278.94,10132.86,ZRX/USD
0.9837,1.01,0.97,0.9913,1515103200,7195.8,7086.69,ZRX/USD
1.01,1.06,0.9837,0.9851,1515106800,12321.28,12666.54,ZRX/USD
1.06,1.06,0.9998,1.02,1515110400,11746.19,12109.76,ZRX/USD
1.06,1.07,1.05,1.06,1515114000,5169.89,5452.86,ZRX/USD
1.13,1.13,1.06,1.06,1515117600,13140.29,14538.13,ZRX/USD
1.17,1.24,1.1,1.13,1515121200,15707.21,18579.04,ZRX/USD
1.24,1.24,1.13,1.16,1515124800,7964.85,9534.51,ZRX/USD
1.21,1.26,1.19,1.24,1515128400,10573.98,12933.85,ZRX/USD
1.24,1.26,1.19,1.21,1515132000,12413.26,15253.38,ZRX/USD
1.25,1.27,1.21,1.24,1515135600,16438.18,20283.22,ZRX/USD
1.27,1.28,1.25,1.26,1515139200,4696.31,5943.7,ZRX/USD
1.1,1.27,1.1,1.27,1515142800,26411.37,31736.4,ZRX/USD
1.15,1.21,1.1,1.1,1515146400,13786.55,15988.67,ZRX/USD
1.16,1.16,1.13,1.15,1515150000,9304.39,10591.17,ZRX/USD
1.16,1.17,1.13,1.16,1515153600,15606.85,18042.83,ZRX/USD
1.18,1.2,1.14,1.15,1515157200,6787.43,7959.32,ZRX/USD
1.19,1.24,1.18,1.18,1515160800,4475.37,5361.63,ZRX/USD
1.12,1.2,1.12,1.19,1515164400,18511.0,21372.75,ZRX/USD
1.04,1.14,1.04,1.12,1515168000,13475.86,14603.96,ZRX/USD
1.03,1.1,1.01,1.06,1515171600,17852.65,18544.73,ZRX/USD
1.08,1.08,1.0,1.03,1515175200,16203.95,16804.51,ZRX/USD
1.11,1.11,1.06,1.08,1515178800,21506.2,23210.84,ZRX/USD
1.21,1.25,1.1,1.11,1515182400,17065.6,20088.86,ZRX/USD
1.18,1.22,1.07,1.2,1515186000,15167.62,17668.59,ZRX/USD
1.15,1.19,1.14,1.18,1515189600,12345.93,14361.46,ZRX/USD
1.16,1.18,1.12,1.15,1515193200,10447.39,11919.11,ZRX/USD
1.18,1.22,1.16,1.16,1515196800,14417.95,17200.65,ZRX/USD
1.1,1.18,1.09,1.18,1515200400,8671.08,9650.51,ZRX/USD
1.09,1.11,1.07,1.1,1515204000,8443.23,9178.61,ZRX/USD
1.12,1.15,1.07,1.09,1515207600,14467.36,15979.48,ZRX/USD
1.13,1.14,1.11,1.12,1515211200,2466.29,2773.54,ZRX/USD
1.15,1.16,1.13,1.13,1515214800,2453.64,2808.94,ZRX/USD
1.17,1.17,1.13,1.15,1515218400,5011.73,5786.68,ZRX/USD
1.14,1.17,1.14,1.16,1515222000,2505.61,3017.97,ZRX/USD
1.14,1.16,1.13,1.14,1515225600,7312.76,8333.0,ZRX/USD
1.16,1.17,1.13,1.13,1515229200,4158.89,4801.01,ZRX/USD
1.14,1.16,1.13,1.16,1515232800,5224.29,5983.21,ZRX/USD
1.15,1.16,1.13,1.14,1515236400,5708.82,6565.91,ZRX/USD
1.16,1.17,1.13,1.15,1515240000,5875.01,6769.96,ZRX/USD
1.22,1.23,1.16,1.16,1515243600,20098.37,24418.22,ZRX/USD
1.26,1.26,1.2,1.23,1515247200,7046.11,8648.23,ZRX/USD
1.28,1.33,1.25,1.25,1515250800,20964.39,27124.69,ZRX/USD
1.32,1.33,1.26,1.28,1515254400,8984.18,11645.9,ZRX/USD
1.33,1.33,1.25,1.32,1515258000,30079.73,39432.34,ZRX/USD
1.4,1.45,1.32,1.32,1515261600,17879.6,24287.93,ZRX/USD
1.43,1.49,1.33,1.4,1515265200,11365.63,15968.43,ZRX/USD
1.44,1.49,1.43,1.43,1515268800,7379.48,10718.48,ZRX/USD
1.4,1.48,1.37,1.44,1515272400,15743.68,22314.56,ZRX/USD
1.35,1.45,1.31,1.4,1515276000,12674.27,17325.82,ZRX/USD
1.38,1.38,1.31,1.35,1515279600,11620.43,15471.18,ZRX/USD
1.43,1.43,1.38,1.39,1515283200,5173.38,7246.64,ZRX/USD
1.36,1.43,1.34,1.42,1515286800,5123.8,7077.57,ZRX/USD
1.36,1.38,1.35,1.36,1515290400,3789.87,5175.12,ZRX/USD
1.42,1.42,1.36,1.37,1515294000,7066.72,9839.21,ZRX/USD
1.38,1.46,1.38,1.41,1515297600,20934.68,30119.44,ZRX/USD
1.43,1.47,1.38,1.38,1515301200,8403.93,12052.59,ZRX/USD
1.43,1.45,1.41,1.45,1515304800,10821.4,15446.78,ZRX/USD
1.48,1.5,1.4,1.43,1515308400,17648.61,25587.16,ZRX/USD
1.51,1.55,1.48,1.49,1515312000,10532.72,15918.05,ZRX/USD
1.5,1.54,1.48,1.51,1515315600,5520.55,8302.65,ZRX/USD
1.47,1.53,1.47,1.5,1515319200,10528.63,15848.67,ZRX/USD
1.46,1.48,1.45,1.47,1515322800,4292.84,6276.57,ZRX/USD
1.49,1.51,1.45,1.45,1515326400,7385.29,10911.61,ZRX/USD
1.49,1.49,1.46,1.49,1515330000,28702.35,42078.76,ZRX/USD
1.45,1.49,1.43,1.49,1515333600,4194.56,6107.62,ZRX/USD
1.44,1.46,1.42,1.45,1515337200,6515.69,9357.67,ZRX/USD
1.39,1.46,1.39,1.44,1515340800,8300.71,11808.53,ZRX/USD
1.36,1.42,1.35,1.39,1515344400,12173.96,16865.07,ZRX/USD
1.37,1.37,1.34,1.36,1515348000,7402.85,10032.84,ZRX/USD
1.4,1.44,1.34,1.35,1515351600,13300.28,18494.0,ZRX/USD
1.39,1.42,1.37,1.4,1515355200,8324.76,11644.72,ZRX/USD
1.42,1.46,1.38,1.39,1515358800,12778.36,17952.66,ZRX/USD
1.41,1.43,1.39,1.42,1515362400,3450.89,4863.88,ZRX/USD
1.37,1.41,1.35,1.41,1515366000,9488.7,13101.28,ZRX/USD
1.38,1.39,1.34,1.37,1515369600,5135.6,7038.51,ZRX/USD
1.41,1.43,1.36,1.37,1515373200,5938.45,8312.44,ZRX/USD
1.41,1.44,1.4,1.41,1515376800,5173.23,7335.44,ZRX/USD
1.37,1.42,1.37,1.42,1515380400,6282.67,8676.51,ZRX/USD
1.41,1.42,1.37,1.37,1515384000,7289.59,10184.55,ZRX/USD
1.42,1.44,1.39,1.41,1515387600,5309.37,7567.9,ZRX/USD
1.45,1.45,1.42,1.42,1515391200,4001.3,5751.71,ZRX/USD
1.42,1.45,1.42,1.44,1515394800,3734.48,5350.77,ZRX/USD
1.41,1.43,1.4,1.42,1515398400,5841.94,8282.35,ZRX/USD
1.39,1.41,1.37,1.41,1515402000,6647.24,9223.36,ZRX/USD
1.37,1.4,1.37,1.38,1515405600,7674.51,10638.19,ZRX/USD
1.4,1.42,1.37,1.37,1515409200,7114.91,9841.3,ZRX/USD
1.38,1.41,1.37,1.4,1515412800,7099.53,9913.93,ZRX/USD
1.3,1.41,1.3,1.39,1515416400,14740.02,19876.94,ZRX/USD
1.17,1.31,1.14,1.31,1515420000,23641.87,29251.1,ZRX/USD
1.26,1.29,1.13,1.17,1515423600,12756.89,15302.87,ZRX/USD
1.33,1.34,1.26,1.26,1515427200,5505.35,7169.94,ZRX/USD
1.38,1.39,1.31,1.34,1515430800,6421.8,8732.3,ZRX/USD
1.43,1.43,1.36,1.37,1515434400,7371.41,10219.23,ZRX/USD
1.54,1.6,1.41,1.42,1515438000,12477.1,18791.05,ZRX/USD
1.52,1.55,1.49,1.54,1515441600,5995.27,9068.71,ZRX/USD
1.51,1.53,1.49,1.52,1515445200,13184.99,19872.28,ZRX/USD
1.65,1.75,1.49,1.51,1515448800,46336.61,72262.14,ZRX/USD
1.89,2.19,1.65,1.66,1515452400,46286.61,90121.98,ZRX/USD
1.98,2.0,1.81,1.86,1515456000,5263.44,9997.84,ZRX/USD
1.9,2.16,1.9,2.0,1515459600,11478.52,23330.69,ZRX/USD
1.99,1.99,1.83,1.9,1515463200,6174.56,11618.01,ZRX/USD
2.07,2.1,1.92,1.99,1515466800,6030.9,12306.35,ZRX/USD
2.13,2.23,2.07,2.07,1515470400,17894.07,38624.3,ZRX/USD
2.07,2.14,2.01,2.13,1515474000,7175.49,14786.86,ZRX/USD
2.38,2.41,2.01,2.1,1515477600,15388.84,33353.96,ZRX/USD
2.3,2.55,2.28,2.39,1515481200,30344.1,73781.31,ZRX/USD
2.31,2.35,2.2,2.28,1515484800,11858.53,27064.62,ZRX/USD
2.25,2.35,2.23,2.28,1515488400,12863.33,29208.34,ZRX/USD
2.06,2.25,1.97,2.25,1515492000,5930.91,12508.46,ZRX/USD
2.21,2.29,2.03,2.07,1515495600,8855.52,19065.21,ZRX/USD
2.1,2.2,2.07,2.19,1515499200,3357.87,7158.18,ZRX/USD
1.92,2.3,1.91,2.1,1515502800,10404.74,20989.35,ZRX/USD
2.06,2.07,1.92,1.92,1515506400,3912.54,7927.63,ZRX/USD
2.05,2.11,2.01,2.06,1515510000,6932.26,14260.83,ZRX/USD
2.56,2.57,2.05,2.06,1515513600,18979.76,43905.75,ZRX/USD
2.28,2.56,2.25,2.56,1515517200,12860.14,30511.12,ZRX/USD
2.25,2.3,2.22,2.27,1515520800,13476.93,30523.84,ZRX/USD
2.37,2.38,2.24,2.26,1515524400,19957.37,46721.5,ZRX/USD
2.32,2.42,2.28,2.37,1515528000,15227.39,35874.09,ZRX/USD
2.34,2.39,2.23,2.32,1515531600,16727.68,38463.16,ZRX/USD
2.14,2.35,2.12,2.33,1515535200,16219.98,36291.85,ZRX/USD
2.18,2.2,2.13,2.16,1515538800,16871.3,36579.88,ZRX/USD
2.06,2.24,2.05,2.19,1515542400,6001.98,12881.5,ZRX/USD
2.05,2.11,2.05,2.06,1515546000,4227.11,8772.44,ZRX/USD
2.07,2.09,2.02,2.04,1515549600,11926.33,24413.66,ZRX/USD
2.01,2.08,1.96,2.07,1515553200,10558.01,21117.78,ZRX/USD
1.95,2.02,1.93,2.01,1515556800,10650.18,21031.86,ZRX/USD
2.02,2.02,1.92,1.93,1515560400,5864.64,11600.83,ZRX/USD
1.92,2.06,1.91,2.02,1515564000,7075.19,14150.9,ZRX/USD
1.81,1.93,1.8,1.92,1515567600,8174.3,15098.97,ZRX/USD
1.73,1.82,1.68,1.81,1515571200,9553.62,16568.82,ZRX/USD
1.9,1.95,1.72,1.73,1515574800,9970.43,18415.62,ZRX/USD
1.89,1.91,1.87,1.9,1515578400,2477.42,4682.97,ZRX/USD
2.02,2.02,1.87,1.88,1515582000,5452.27,10647.55,ZRX/USD
1.92,2.03,1.88,2.02,1515585600,10306.86,20102.09,ZRX/USD
1.88,1.92,1.88,1.92,1515589200,7686.34,14625.56,ZRX/USD
1.84,1.88,1.76,1.88,1515592800,9122.63,16671.44,ZRX/USD
2.13,2.14,1.83,1.84,1515596400,20189.29,40300.75,ZRX/USD
2.09,2.16,2.08,2.12,1515600000,5874.07,12435.79,ZRX/USD
2.2,2.23,2.05,2.09,1515603600,16061.3,34753.76,ZRX/USD
2.24,2.27,2.15,2.2,1515607200,10380.31,23043.72,ZRX/USD
2.3,2.32,2.21,2.24,1515610800,7560.58,17174.98,ZRX/USD
2.36,2.38,2.3,2.3,1515614400,10710.54,25041.06,ZRX/USD
2.24,2.37,2.14,2.36,1515618000,24596.51,55084.4,ZRX/USD
2.17,2.25,2.09,2.22,1515621600,11019.71,23661.84,ZRX/USD
2.12,2.23,2.12,2.16,1515625200,7679.5,16701.04,ZRX/USD
2.13,2.17,2.12,2.15,1515628800,1710.82,3666.9,ZRX/USD
2.13,2.15,2.05,2.13,1515632400,3908.53,8276.79,ZRX/USD
2.13,2.15,2.1,2.13,1515636000,2772.56,5888.66,ZRX/USD
1.84,2.13,1.84,2.13,1515639600,15284.3,30243.83,ZRX/USD
1.71,1.87,1.62,1.84,1515643200,41708.91,71683.08,ZRX/USD
1.86,2.01,1.77,1.77,1515646800,9283.63,17707.02,ZRX/USD
1.95,1.96,1.85,1.86,1515650400,4940.72,9466.27,ZRX/USD
2.06,2.08,1.94,1.95,1515654000,6798.94,13448.3,ZRX/USD
2.05,2.11,2.03,2.06,1515657600,3990.25,8268.44,ZRX/USD
2.02,2.07,1.99,2.05,1515661200,2607.9,5295.27,ZRX/USD
1.97,2.06,1.95,2.02,1515664800,2611.14,5226.82,ZRX/USD
1.95,1.99,1.9,1.97,1515668400,6964.9,13582.27,ZRX/USD
2.07,2.07,1.95,1.95,1515672000,4888.65,9841.27,ZRX/USD
2.09,2.1,2.03,2.06,1515675600,5195.03,10764.11,ZRX/USD
2.02,2.17,2.0,2.09,1515679200,19410.64,40624.18,ZRX/USD
2.04,2.12,1.99,2.02,1515682800,13194.91,26776.25,ZRX/USD
1.98,2.06,1.98,2.02,1515686400,12359.73,24984.79,ZRX/USD
1.93,1.99,1.92,1.98,1515690000,3922.77,7614.87,ZRX/USD
1.91,1.94,1.89,1.92,1515693600,8625.23,16544.2,ZRX/USD
1.88,1.93,1.88,1.9,1515697200,12039.88,23057.24,ZRX/USD
1.96,1.98,1.87,1.88,1515700800,12196.19,23384.98,ZRX/USD
1.9,1.96,1.86,1.95,1515704400,7620.68,14479.48,ZRX/USD
1.85,1.92,1.84,1.91,1515708000,3852.09,7275.92,ZRX/USD
1.84,1.87,1.77,1.85,1515711600,9946.36,18040.81,ZRX/USD
1.83,1.86,1.79,1.84,1515715200,6283.13,11365.66,ZRX/USD
1.87,1.88,1.8,1.84,1515718800,5613.78,10268.67,ZRX/USD
1.87,1.89,1.87,1.87,1515722400,1448.69,2722.25,ZRX/USD
1.89,1.92,1.85,1.87,1515726000,11192.48,21067.95,ZRX/USD
1.93,1.94,1.88,1.89,1515729600,5302.85,10170.09,ZRX/USD
1.95,1.98,1.92,1.93,1515733200,10034.08,19513.88,ZRX/USD
1.95,1.98,1.93,1.93,1515736800,2958.34,5797.57,ZRX/USD
1.97,1.98,1.94,1.96,1515740400,3072.68,6038.88,ZRX/USD
1.93,1.97,1.92,1.97,1515744000,4482.38,8673.12,ZRX/USD
1.91,1.93,1.88,1.92,1515747600,3513.62,6683.54,ZRX/USD
1.93,1.97,1.9,1.91,1515751200,7919.41,15228.97,ZRX/USD
1.92,1.93,1.91,1.93,1515754800,1888.05,3623.6,ZRX/USD
1.95,1.95,1.9,1.92,1515758400,3207.1,6174.39,ZRX/USD
1.91,1.95,1.91,1.92,1515762000,6975.02,13509.98,ZRX/USD
1.92,1.95,1.88,1.91,1515765600,9570.89,18354.85,ZRX/USD
1.92,1.98,1.91,1.93,1515769200,12275.73,23907.2,ZRX/USD
1.91,1.95,1.89,1.94,1515772800,5780.27,11075.74,ZRX/USD
1.91,1.95,1.89,1.94,1515772800,5780.27,11075.74,ZRX/USD
2.07,2.09,1.89,1.91,1515776400,15533.76,31117.02,ZRX/USD
2.02,2.08,2.02,2.08,1515780000,4975.61,10167.97,ZRX/USD
2.04,2.05,2.01,2.02,1515783600,11714.99,23735.21,ZRX/USD
2.1,2.11,2.03,2.04,1515787200,3469.97,7209.65,ZRX/USD
2.1,2.11,2.09,2.1,1515790800,3413.83,7168.65,ZRX/USD
2.19,2.21,2.1,2.11,1515794400,11486.96,24789.78,ZRX/USD
2.2,2.21,2.17,2.21,1515798000,3407.07,7478.58,ZRX/USD
2.32,2.34,2.19,2.19,1515801600,10221.01,23132.58,ZRX/USD
2.31,2.38,2.26,2.32,1515805200,9952.81,23013.26,ZRX/USD
2.31,2.35,2.24,2.31,1515808800,8535.2,19568.77,ZRX/USD
2.28,2.34,2.27,2.31,1515812400,11799.83,27261.11,ZRX/USD
2.19,2.29,2.19,2.27,1515816000,5243.07,11674.37,ZRX/USD
2.26,2.27,2.17,2.2,1515819600,4441.6,9803.27,ZRX/USD
2.22,2.26,2.21,2.26,1515823200,3149.37,7046.65,ZRX/USD
2.26,2.3,2.2,2.24,1515826800,11789.88,26599.9,ZRX/USD
2.21,2.27,2.2,2.26,1515830400,3520.49,7843.96,ZRX/USD
2.23,2.23,2.2,2.23,1515834000,4565.15,10085.04,ZRX/USD
2.27,2.29,2.21,2.22,1515837600,3472.18,7804.48,ZRX/USD
2.23,2.28,2.22,2.27,1515841200,4503.22,10091.06,ZRX/USD
2.28,2.3,2.22,2.23,1515844800,4193.46,9532.14,ZRX/USD
2.44,2.45,2.26,2.28,1515848400,13081.95,31068.93,ZRX/USD
2.35,2.48,2.35,2.44,1515852000,13315.18,32298.55,ZRX/USD
2.39,2.4,2.3,2.35,1515855600,8682.39,20399.86,ZRX/USD
2.38,2.4,2.31,2.39,1515859200,8382.34,19786.35,ZRX/USD
2.41,2.45,2.33,2.38,1515862800,6455.14,15428.73,ZRX/USD
2.38,2.44,2.34,2.41,1515866400,15532.0,36903.48,ZRX/USD
2.35,2.39,2.32,2.38,1515870000,3665.5,8660.21,ZRX/USD
2.36,2.38,2.32,2.33,1515873600,2025.52,4783.9,ZRX/USD
2.36,2.39,2.34,2.35,1515877200,2860.14,6771.76,ZRX/USD
2.32,2.37,2.31,2.36,1515880800,4903.93,11481.95,ZRX/USD
2.33,2.4,2.29,2.3,1515884400,5247.73,12171.75,ZRX/USD
2.31,2.36,2.3,2.33,1515888000,5836.68,13519.12,ZRX/USD
2.35,2.37,2.3,2.31,1515891600,2202.24,5152.12,ZRX/USD
2.35,2.38,2.32,2.37,1515895200,3584.55,8370.84,ZRX/USD
2.33,2.36,2.31,2.35,1515898800,2227.11,5193.17,ZRX/USD
2.25,2.36,2.23,2.33,1515902400,11565.84,26654.16,ZRX/USD
2.23,2.3,2.21,2.25,1515906000,5351.71,12035.01,ZRX/USD
2.24,2.25,2.21,2.23,1515909600,1296.89,2890.63,ZRX/USD
2.21,2.25,2.18,2.24,1515913200,6615.38,14604.51,ZRX/USD
2.11,2.22,2.1,2.19,1515916800,10246.1,21916.62,ZRX/USD
2.06,2.11,2.01,2.11,1515920400,6797.61,13990.47,ZRX/USD
2.01,2.06,1.99,2.06,1515924000,23130.56,47129.72,ZRX/USD
1.97,2.02,1.96,2.0,1515927600,21109.24,42206.69,ZRX/USD
1.93,1.99,1.91,1.97,1515931200,5779.31,11231.43,ZRX/USD
2.03,2.04,1.91,1.92,1515934800,6889.8,13575.01,ZRX/USD
2.0,2.04,1.98,2.02,1515938400,6045.89,12180.09,ZRX/USD
1.87,2.0,1.87,2.0,1515942000,11541.91,22206.56,ZRX/USD
1.91,1.93,1.86,1.87,1515945600,4640.64,8747.95,ZRX/USD
1.93,1.95,1.89,1.91,1515949200,3867.87,7405.34,ZRX/USD
2.02,2.04,1.89,1.93,1515952800,4147.37,8233.14,ZRX/USD
1.98,2.07,1.96,2.02,1515956400,9273.58,18694.3,ZRX/USD
2.03,2.03,1.96,1.98,1515960000,4950.14,9846.46,ZRX/USD
2.02,2.05,1.99,2.03,1515963600,8179.34,16541.24,ZRX/USD
2.01,2.05,2.0,2.0,1515967200,8865.2,17975.62,ZRX/USD
1.97,2.04,1.96,2.01,1515970800,9023.43,18044.09,ZRX/USD
2.0,2.02,1.96,1.96,1515974400,3272.4,6500.64,ZRX/USD
2.0,2.04,1.98,2.0,1515978000,3888.98,7813.64,ZRX/USD
2.0,2.01,1.96,2.0,1515981600,2739.48,5416.75,ZRX/USD
2.01,2.02,1.98,2.0,1515985200,2207.32,4416.03,ZRX/USD
1.99,2.04,1.98,2.01,1515988800,4326.87,8682.72,ZRX/USD
2.02,2.02,1.95,1.99,1515992400,8325.55,16587.93,ZRX/USD
2.14,2.14,2.01,2.01,1515996000,11867.29,24602.6,ZRX/USD
2.1,2.17,2.1,2.14,1515999600,3980.65,8473.14,ZRX/USD
2.03,2.1,2.02,2.1,1516003200,3786.98,7763.27,ZRX/USD
1.99,2.05,1.97,2.03,1516006800,4361.64,8705.19,ZRX/USD
2.02,2.02,1.98,1.99,1516010400,1473.56,2944.35,ZRX/USD
1.96,2.02,1.96,2.02,1516014000,4537.08,9047.61,ZRX/USD
1.96,1.98,1.93,1.96,1516017600,5198.57,10095.85,ZRX/USD
1.92,1.96,1.9,1.96,1516021200,7277.16,14068.65,ZRX/USD
1.88,1.95,1.88,1.92,1516024800,9362.56,17913.22,ZRX/USD
1.91,1.92,1.86,1.88,1516028400,11530.86,21655.09,ZRX/USD
1.76,1.92,1.69,1.91,1516032000,10877.13,19492.48,ZRX/USD
1.74,1.8,1.71,1.79,1516035600,14922.69,25938.21,ZRX/USD
1.77,1.79,1.74,1.74,1516039200,2587.76,4583.76,ZRX/USD
1.75,1.79,1.71,1.77,1516042800,13219.77,23195.34,ZRX/USD
1.76,1.8,1.72,1.75,1516046400,9638.19,16936.67,ZRX/USD
1.79,1.8,1.73,1.76,1516050000,5800.15,10246.52,ZRX/USD
1.74,1.79,1.6,1.77,1516053600,3877.24,6772.56,ZRX/USD
1.73,1.77,1.67,1.74,1516057200,10837.29,18798.1,ZRX/USD
1.66,1.74,1.61,1.73,1516060800,6388.22,10537.49,ZRX/USD
1.63,1.69,1.47,1.67,1516064400,12093.26,19510.49,ZRX/USD
1.63,1.67,1.51,1.64,1516068000,9845.89,15862.43,ZRX/USD
1.58,1.65,1.53,1.63,1516071600,4715.13,7562.2,ZRX/USD
1.61,1.64,1.56,1.58,1516075200,1642.87,2617.05,ZRX/USD
1.6,1.64,1.59,1.61,1516078800,2015.89,3254.17,ZRX/USD
1.57,1.62,1.57,1.62,1516082400,6077.22,9640.18,ZRX/USD
1.49,1.61,1.49,1.56,1516086000,8126.51,12577.25,ZRX/USD
1.36,1.49,1.24,1.49,1516089600,42973.81,57482.9,ZRX/USD
1.3,1.38,1.24,1.37,1516093200,51749.12,67823.73,ZRX/USD
1.31,1.39,1.19,1.3,1516096800,28760.61,37815.07,ZRX/USD
1.47,1.48,1.3,1.31,1516100400,8200.84,11473.06,ZRX/USD
1.41,1.5,1.38,1.49,1516104000,5238.77,7528.43,ZRX/USD
1.39,1.47,1.35,1.41,1516107600,10894.02,15455.18,ZRX/USD
1.52,1.59,1.35,1.36,1516111200,14851.61,22491.84,ZRX/USD
1.6,1.61,1.49,1.55,1516114800,11215.23,17611.77,ZRX/USD
1.59,1.61,1.53,1.6,1516118400,5344.67,8374.02,ZRX/USD
1.39,1.61,1.39,1.59,1516122000,10168.17,15319.33,ZRX/USD
1.43,1.44,1.3,1.39,1516125600,12121.76,16566.24,ZRX/USD
1.45,1.52,1.4,1.43,1516129200,4879.22,7169.49,ZRX/USD
1.41,1.53,1.33,1.45,1516132800,13024.75,18761.37,ZRX/USD
1.25,1.45,1.24,1.41,1516136400,12514.77,16850.3,ZRX/USD
1.28,1.32,1.07,1.25,1516140000,30848.48,36988.9,ZRX/USD
1.53,1.57,1.25,1.28,1516143600,27042.33,37588.72,ZRX/USD
1.45,1.69,1.41,1.52,1516147200,16831.7,25958.66,ZRX/USD
1.47,1.52,1.41,1.45,1516150800,2694.97,3958.89,ZRX/USD
1.42,1.49,1.39,1.47,1516154400,3248.07,4666.44,ZRX/USD
1.35,1.44,1.28,1.42,1516158000,12954.85,17268.46,ZRX/USD
1.44,1.45,1.31,1.35,1516161600,20054.02,28262.98,ZRX/USD
1.44,1.46,1.32,1.44,1516165200,16798.51,23335.24,ZRX/USD
1.49,1.53,1.44,1.44,1516168800,11399.76,16745.93,ZRX/USD
1.5,1.54,1.47,1.49,1516172400,6559.37,9829.03,ZRX/USD
1.52,1.57,1.43,1.5,1516176000,15881.0,23869.54,ZRX/USD
1.43,1.54,1.4,1.52,1516179600,6567.62,9661.13,ZRX/USD
1.29,1.44,1.28,1.43,1516183200,9452.09,12792.85,ZRX/USD
1.29,1.37,1.27,1.29,1516186800,9022.9,11884.93,ZRX/USD
1.34,1.37,1.27,1.29,1516190400,10362.91,13587.2,ZRX/USD
1.32,1.37,1.3,1.34,1516194000,5350.07,7146.18,ZRX/USD
1.18,1.33,1.17,1.31,1516197600,27199.35,33436.91,ZRX/USD
1.15,1.18,1.1,1.18,1516201200,13689.23,15649.9,ZRX/USD
1.34,1.36,1.15,1.15,1516204800,10599.15,13236.39,ZRX/USD
1.3,1.48,1.26,1.34,1516208400,10933.16,14607.83,ZRX/USD
1.27,1.31,1.26,1.3,1516212000,3265.77,4174.36,ZRX/USD
1.37,1.39,1.26,1.26,1516215600,12104.89,15866.24,ZRX/USD
1.45,1.45,1.33,1.37,1516219200,7527.14,10424.36,ZRX/USD
1.56,1.56,1.41,1.45,1516222800,22237.08,33191.55,ZRX/USD
1.46,1.6,1.46,1.56,1516226400,15588.11,23892.29,ZRX/USD
1.52,1.53,1.42,1.46,1516230000,7907.93,11724.59,ZRX/USD
1.58,1.59,1.48,1.52,1516233600,5793.87,8837.9,ZRX/USD
1.64,1.65,1.57,1.58,1516237200,4770.54,7758.07,ZRX/USD
1.69,1.71,1.63,1.63,1516240800,6311.91,10643.69,ZRX/USD
1.64,1.72,1.63,1.69,1516244400,4164.15,6964.56,ZRX/USD
1.56,1.69,1.55,1.64,1516248000,7202.19,11686.19,ZRX/USD
1.52,1.59,1.51,1.56,1516251600,6836.49,10526.45,ZRX/USD
1.58,1.59,1.52,1.52,1516255200,5036.9,7886.41,ZRX/USD
1.47,1.59,1.47,1.58,1516258800,4953.97,7483.75,ZRX/USD
1.53,1.56,1.44,1.47,1516262400,10921.42,16320.76,ZRX/USD
1.59,1.63,1.51,1.53,1516266000,8743.8,13867.59,ZRX/USD
1.61,1.61,1.57,1.6,1516269600,6623.01,10536.45,ZRX/USD
1.65,1.67,1.61,1.61,1516273200,3576.25,5881.52,ZRX/USD
1.68,1.74,1.64,1.64,1516276800,7767.64,13154.19,ZRX/USD
1.66,1.69,1.65,1.68,1516280400,5794.36,9655.5,ZRX/USD
1.7,1.7,1.65,1.66,1516284000,3526.58,5884.94,ZRX/USD
1.71,1.71,1.65,1.7,1516287600,8493.56,14432.97,ZRX/USD
1.67,1.73,1.65,1.7,1516291200,7931.26,13400.45,ZRX/USD
1.63,1.7,1.62,1.67,1516294800,3660.53,6122.36,ZRX/USD
1.66,1.67,1.6,1.63,1516298400,3500.21,5713.86,ZRX/USD
1.69,1.69,1.65,1.66,1516302000,2877.22,4812.77,ZRX/USD
1.73,1.75,1.66,1.69,1516305600,9403.23,16138.25,ZRX/USD
1.68,1.74,1.68,1.73,1516309200,6470.93,11125.09,ZRX/USD
1.63,1.68,1.58,1.68,1516312800,10895.79,17807.25,ZRX/USD
1.6,1.63,1.58,1.63,1516316400,5210.52,8330.4,ZRX/USD
1.66,1.67,1.58,1.6,1516320000,7418.89,12034.13,ZRX/USD
1.66,1.67,1.63,1.65,1516323600,3656.09,6042.5,ZRX/USD
1.55,1.66,1.55,1.66,1516327200,6089.52,9703.04,ZRX/USD
1.56,1.57,1.53,1.55,1516330800,2046.35,3166.81,ZRX/USD
1.58,1.6,1.53,1.56,1516334400,5056.0,7990.08,ZRX/USD
1.59,1.61,1.57,1.58,1516338000,4776.21,7592.82,ZRX/USD
1.6,1.6,1.57,1.59,1516341600,1625.51,2587.94,ZRX/USD
1.59,1.61,1.57,1.6,1516345200,3000.14,4779.75,ZRX/USD
1.68,1.71,1.58,1.59,1516348800,11978.59,19906.99,ZRX/USD
1.71,1.73,1.69,1.69,1516352400,3553.67,6045.59,ZRX/USD
1.75,1.76,1.69,1.7,1516356000,5871.69,10091.54,ZRX/USD
1.75,1.75,1.75,1.75,1516359600,0.0,0.0,ZRX/USD
1.73,1.74,1.71,1.71,1516363200,3073.16,5337.1,ZRX/USD
1.81,1.81,1.71,1.71,1516366800,3900.23,7000.75,ZRX/USD
1.79,1.9,1.71,1.71,1516370400,13469.23,24793.59,ZRX/USD
1.82,1.87,1.76,1.79,1516374000,12549.64,22653.7,ZRX/USD
1.84,1.85,1.76,1.82,1516377600,3715.18,6713.65,ZRX/USD
1.77,1.84,1.75,1.84,1516381200,3674.85,6524.14,ZRX/USD
1.73,1.78,1.68,1.77,1516384800,7586.68,13124.31,ZRX/USD
1.72,1.74,1.7,1.73,1516388400,2295.19,3957.16,ZRX/USD
1.73,1.74,1.71,1.72,1516392000,10138.7,17523.52,ZRX/USD
1.73,1.78,1.71,1.73,1516395600,10611.85,18431.13,ZRX/USD
1.74,1.76,1.72,1.73,1516399200,8886.59,15381.67,ZRX/USD
1.81,1.81,1.73,1.75,1516402800,10823.92,19222.11,ZRX/USD
1.85,1.86,1.8,1.8,1516406400,4464.85,8157.55,ZRX/USD
1.87,1.88,1.84,1.84,1516410000,3362.41,6247.3,ZRX/USD
1.87,1.91,1.87,1.87,1516413600,5896.06,11136.35,ZRX/USD
1.89,1.91,1.86,1.87,1516417200,6011.58,11328.28,ZRX/USD
1.92,1.92,1.85,1.89,1516420800,9625.22,18108.53,ZRX/USD
1.92,1.95,1.88,1.92,1516424400,12506.3,24001.59,ZRX/USD
1.94,1.94,1.9,1.92,1516428000,6971.85,13424.79,ZRX/USD
2.0,2.0,1.93,1.94,1516431600,4485.12,8843.32,ZRX/USD
1.99,2.0,1.95,2.0,1516435200,5067.71,10036.62,ZRX/USD
1.96,2.0,1.94,1.99,1516438800,1769.86,3472.8,ZRX/USD
1.93,1.97,1.93,1.97,1516442400,3876.94,7538.39,ZRX/USD
1.91,1.97,1.88,1.93,1516446000,9828.04,18939.07,ZRX/USD
1.91,1.94,1.89,1.91,1516449600,2410.18,4611.57,ZRX/USD
1.93,1.95,1.92,1.92,1516453200,2576.94,4989.6,ZRX/USD
1.98,1.98,1.92,1.95,1516456800,6105.26,11962.36,ZRX/USD
1.99,1.99,1.94,1.98,1516460400,9215.53,18124.23,ZRX/USD
1.97,1.99,1.94,1.96,1516464000,4971.07,9804.24,ZRX/USD
1.96,1.98,1.92,1.98,1516467600,7306.26,14268.73,ZRX/USD
1.99,2.02,1.95,1.96,1516471200,6770.84,13457.35,ZRX/USD
1.97,2.02,1.95,1.99,1516474800,10616.55,21190.24,ZRX/USD
1.99,1.99,1.95,1.98,1516478400,3814.21,7482.04,ZRX/USD
2.06,2.06,1.98,1.99,1516482000,5355.11,10843.65,ZRX/USD
2.08,2.09,2.03,2.06,1516485600,2333.43,4827.09,ZRX/USD
2.03,2.09,2.02,2.08,1516489200,6246.37,12858.2,ZRX/USD
1.91,2.04,1.91,2.03,1516492800,14798.19,28943.4,ZRX/USD
1.94,1.97,1.9,1.9,1516496400,9652.31,18730.63,ZRX/USD
1.95,1.98,1.93,1.94,1516500000,2061.43,4019.49,ZRX/USD
1.91,1.97,1.89,1.95,1516503600,3481.12,6734.92,ZRX/USD
1.88,1.95,1.74,1.91,1516507200,17705.99,33038.98,ZRX/USD
1.84,1.9,1.66,1.88,1516510800,8731.86,15952.94,ZRX/USD
1.82,1.85,1.78,1.84,1516514400,9441.24,17084.83,ZRX/USD
1.74,1.84,1.68,1.84,1516518000,7129.84,12533.93,ZRX/USD
1.78,1.81,1.72,1.73,1516521600,4515.07,7990.18,ZRX/USD
1.71,1.78,1.71,1.78,1516525200,3642.91,6315.57,ZRX/USD
1.74,1.77,1.71,1.71,1516528800,3949.31,6872.87,ZRX/USD
1.8,1.8,1.73,1.74,1516532400,4173.77,7390.01,ZRX/USD
1.77,1.81,1.75,1.8,1516536000,3769.93,6773.27,ZRX/USD
1.87,1.88,1.77,1.78,1516539600,4686.4,8622.44,ZRX/USD
1.78,1.91,1.78,1.87,1516543200,6973.73,12860.22,ZRX/USD
1.77,1.85,1.74,1.78,1516546800,8075.51,14494.61,ZRX/USD
1.69,1.77,1.6,1.77,1516550400,13071.69,21884.27,ZRX/USD
1.7,1.71,1.61,1.7,1516554000,6885.69,11531.64,ZRX/USD
1.69,1.7,1.64,1.69,1516557600,2128.03,3561.0,ZRX/USD
1.69,1.74,1.66,1.69,1516561200,5492.02,9332.94,ZRX/USD
1.67,1.7,1.54,1.69,1516564800,6491.27,10729.58,ZRX/USD
1.68,1.71,1.65,1.67,1516568400,7245.03,12166.0,ZRX/USD
1.67,1.71,1.66,1.68,1516572000,2819.07,4757.27,ZRX/USD
1.72,1.73,1.66,1.67,1516575600,3993.61,6743.44,ZRX/USD
1.77,1.81,1.7,1.72,1516579200,8145.63,14243.07,ZRX/USD
1.7,1.78,1.69,1.77,1516582800,2165.96,3748.51,ZRX/USD
1.7,1.71,1.66,1.7,1516586400,4193.8,7072.99,ZRX/USD
1.67,1.71,1.66,1.7,1516590000,4306.79,7237.58,ZRX/USD
1.67,1.71,1.67,1.67,1516593600,5457.12,9232.92,ZRX/USD
1.67,1.69,1.65,1.67,1516597200,4987.48,8298.63,ZRX/USD
1.7,1.71,1.65,1.67,1516600800,7138.74,11977.71,ZRX/USD
1.73,1.73,1.69,1.7,1516604400,1439.36,2465.72,ZRX/USD
1.71,1.75,1.7,1.73,1516608000,3337.28,5763.0,ZRX/USD
1.74,1.77,1.7,1.71,1516611600,5651.64,9813.97,ZRX/USD
1.73,1.75,1.71,1.74,1516615200,5902.22,10189.63,ZRX/USD
1.67,1.74,1.62,1.73,1516618800,10572.88,17851.32,ZRX/USD
1.69,1.7,1.67,1.67,1516622400,2440.0,4115.56,ZRX/USD
1.58,1.7,1.53,1.69,1516626000,9648.32,15305.59,ZRX/USD
1.68,1.68,1.57,1.58,1516629600,13434.12,22181.39,ZRX/USD
1.62,1.68,1.61,1.67,1516633200,6032.5,9906.01,ZRX/USD
1.63,1.66,1.6,1.61,1516636800,4860.08,7907.88,ZRX/USD
1.66,1.67,1.62,1.62,1516640400,2658.52,4394.46,ZRX/USD
1.65,1.67,1.63,1.66,1516644000,2670.7,4411.85,ZRX/USD
1.67,1.67,1.61,1.63,1516647600,6452.85,10592.2,ZRX/USD
1.62,1.67,1.61,1.67,1516651200,4347.88,7093.64,ZRX/USD
1.55,1.64,1.53,1.64,1516654800,6696.59,10570.65,ZRX/USD
1.64,1.64,1.56,1.56,1516658400,10631.96,17221.72,ZRX/USD
1.66,1.67,1.61,1.64,1516662000,4485.04,7376.3,ZRX/USD
1.65,1.68,1.63,1.66,1516665600,2557.28,4239.0,ZRX/USD
1.63,1.67,1.63,1.65,1516669200,4531.48,7515.98,ZRX/USD
1.65,1.67,1.63,1.63,1516672800,3248.27,5376.12,ZRX/USD
1.7,1.71,1.66,1.67,1516676400,6148.18,10420.9,ZRX/USD
1.69,1.72,1.68,1.7,1516680000,5690.0,9666.42,ZRX/USD
1.6,1.69,1.59,1.69,1516683600,10922.07,17782.16,ZRX/USD
1.59,1.64,1.49,1.59,1516687200,8879.48,14151.45,ZRX/USD
1.59,1.59,1.55,1.59,1516690800,3622.14,5702.15,ZRX/USD
1.63,1.63,1.55,1.59,1516694400,11935.4,19035.94,ZRX/USD
1.6,1.65,1.59,1.63,1516698000,6501.54,10487.67,ZRX/USD
1.56,1.63,1.56,1.6,1516701600,4827.4,7703.44,ZRX/USD
1.52,1.6,1.48,1.56,1516705200,9159.63,14100.66,ZRX/USD
1.52,1.55,1.51,1.53,1516708800,4536.11,6917.39,ZRX/USD
1.54,1.55,1.51,1.54,1516712400,3978.0,6086.22,ZRX/USD
1.56,1.57,1.52,1.54,1516716000,4193.47,6473.34,ZRX/USD
1.62,1.63,1.54,1.56,1516719600,7271.76,11522.99,ZRX/USD
1.72,1.74,1.61,1.62,1516723200,12245.49,20529.34,ZRX/USD
1.7,1.73,1.68,1.72,1516726800,9758.92,16637.16,ZRX/USD
1.69,1.73,1.68,1.69,1516730400,3238.2,5495.94,ZRX/USD
1.64,1.71,1.57,1.69,1516734000,6578.51,10733.13,ZRX/USD
1.63,1.64,1.59,1.64,1516737600,11582.35,18720.29,ZRX/USD
1.61,1.64,1.59,1.63,1516741200,7054.12,11421.71,ZRX/USD
1.62,1.63,1.6,1.61,1516744800,3146.73,5190.08,ZRX/USD
1.6,1.63,1.58,1.62,1516748400,3936.36,6292.28,ZRX/USD
1.55,1.6,1.54,1.6,1516752000,4713.52,7378.05,ZRX/USD
1.55,1.58,1.54,1.55,1516755600,4791.34,7459.63,ZRX/USD
1.57,1.58,1.53,1.53,1516759200,5632.1,8769.45,ZRX/USD
1.59,1.59,1.54,1.55,1516762800,7029.23,11064.65,ZRX/USD
1.56,1.59,1.54,1.58,1516766400,7964.08,12432.06,ZRX/USD
1.57,1.57,1.54,1.56,1516770000,4224.65,6592.87,ZRX/USD
1.59,1.6,1.57,1.57,1516773600,7077.64,11205.8,ZRX/USD
1.6,1.62,1.57,1.58,1516777200,9652.08,15403.87,ZRX/USD
1.6,1.62,1.57,1.6,1516780800,11597.79,18519.16,ZRX/USD
1.6,1.61,1.57,1.6,1516784400,10523.3,16786.57,ZRX/USD
1.63,1.63,1.6,1.6,1516788000,5661.76,9314.09,ZRX/USD
1.62,1.63,1.6,1.63,1516791600,1446.04,2345.28,ZRX/USD
1.68,1.68,1.61,1.62,1516795200,6566.79,10886.01,ZRX/USD
1.66,1.68,1.63,1.67,1516798800,7376.37,12209.73,ZRX/USD
1.66,1.68,1.64,1.67,1516802400,5607.11,9326.72,ZRX/USD
1.63,1.67,1.62,1.64,1516806000,3626.43,5969.07,ZRX/USD
1.63,1.63,1.59,1.61,1516809600,8407.87,13604.79,ZRX/USD
1.63,1.63,1.59,1.61,1516813200,3031.13,4882.05,ZRX/USD
1.59,1.64,1.56,1.63,1516816800,10668.59,17176.69,ZRX/USD
1.61,1.61,1.58,1.59,1516820400,5465.02,8766.37,ZRX/USD
1.65,1.66,1.6,1.63,1516824000,5932.13,9681.6,ZRX/USD
1.66,1.68,1.64,1.65,1516827600,5450.64,9058.86,ZRX/USD
1.64,1.67,1.64,1.67,1516831200,4111.95,6825.36,ZRX/USD
1.67,1.67,1.64,1.65,1516834800,2933.22,4859.3,ZRX/USD
1.66,1.69,1.65,1.69,1516838400,6247.97,10449.2,ZRX/USD
1.67,1.7,1.66,1.66,1516842000,13051.85,21961.51,ZRX/USD
1.69,1.71,1.67,1.68,1516845600,3681.73,6249.8,ZRX/USD
1.73,1.73,1.69,1.7,1516849200,2714.43,4628.48,ZRX/USD
1.7,1.73,1.7,1.73,1516852800,5595.14,9596.39,ZRX/USD
1.76,1.76,1.7,1.7,1516856400,1.5,3.3,ZRX/USD
1.76,1.76,1.76,1.76,1516860000,0.0,0.0,ZRX/USD
1.76,1.76,1.76,1.76,1516863600,0.0,0.0,ZRX/USD
1.73,1.76,1.73,1.76,1516867200,2.62,4.72,ZRX/USD
1.73,1.73,1.73,1.73,1516870800,0.0,0.0,ZRX/USD
1.73,1.73,1.73,1.73,1516874400,0.0,0.0,ZRX/USD
1.73,1.73,1.73,1.73,1516878000,0.0,0.0,ZRX/USD
1.73,1.73,1.73,1.73,1516881600,0.0,0.0,ZRX/USD
1.73,1.73,1.73,1.73,1516885200,0.0,0.0,ZRX/USD
1.71,1.73,1.71,1.73,1516888800,4.92,8.61,ZRX/USD
1.61,1.61,1.61,1.61,1516892400,4698.8,7500.76,ZRX/USD
1.57,1.61,1.56,1.58,1516896000,4112.12,6495.87,ZRX/USD
1.6,1.62,1.56,1.57,1516899600,7094.43,11325.88,ZRX/USD
1.67,1.67,1.59,1.6,1516903200,9375.46,15394.28,ZRX/USD
1.65,1.68,1.64,1.66,1516906800,2243.47,3740.44,ZRX/USD
1.65,1.67,1.62,1.65,1516910400,3291.68,5462.67,ZRX/USD
1.61,1.66,1.6,1.66,1516914000,6644.26,10751.77,ZRX/USD
1.62,1.65,1.61,1.61,1516917600,9955.02,16203.03,ZRX/USD
1.63,1.64,1.6,1.63,1516921200,3985.12,6449.03,ZRX/USD
1.68,1.69,1.62,1.62,1516924800,7011.76,11668.93,ZRX/USD
1.68,1.69,1.66,1.68,1516928400,2647.77,4450.23,ZRX/USD
1.71,1.73,1.67,1.68,1516932000,8192.1,13991.87,ZRX/USD
1.71,1.72,1.7,1.71,1516935600,2978.77,5094.29,ZRX/USD
1.72,1.74,1.68,1.71,1516939200,3545.1,6057.53,ZRX/USD
1.71,1.74,1.7,1.72,1516942800,10498.7,18007.02,ZRX/USD
1.7,1.71,1.68,1.71,1516946400,3714.6,6301.8,ZRX/USD
1.64,1.71,1.64,1.71,1516950000,5911.98,9902.4,ZRX/USD
1.57,1.64,1.53,1.64,1516953600,10614.78,16773.97,ZRX/USD
1.51,1.6,1.5,1.57,1516957200,9472.58,14571.19,ZRX/USD
1.54,1.55,1.5,1.52,1516960800,4370.51,6666.43,ZRX/USD
1.57,1.58,1.52,1.54,1516964400,5813.04,9048.36,ZRX/USD
1.58,1.6,1.55,1.57,1516968000,8550.19,13409.88,ZRX/USD
1.6,1.61,1.57,1.58,1516971600,6916.93,11069.77,ZRX/USD
1.65,1.66,1.59,1.6,1516975200,4768.87,7721.87,ZRX/USD
1.7,1.71,1.65,1.65,1516978800,6628.38,11095.18,ZRX/USD
1.75,1.77,1.7,1.7,1516982400,8892.42,15516.6,ZRX/USD
1.77,1.78,1.72,1.75,1516986000,4310.08,7566.08,ZRX/USD
1.76,1.78,1.73,1.77,1516989600,3705.91,6530.71,ZRX/USD
1.75,1.79,1.74,1.76,1516993200,6374.16,11209.06,ZRX/USD
1.79,1.81,1.74,1.75,1516996800,6884.85,12236.97,ZRX/USD
1.87,1.89,1.78,1.79,1517000400,20562.57,37784.05,ZRX/USD
1.99,2.01,1.85,1.87,1517004000,18072.24,34595.06,ZRX/USD
2.01,2.12,1.96,1.99,1517007600,33206.48,67450.31,ZRX/USD
2.06,2.06,1.92,2.01,1517011200,11426.96,22678.0,ZRX/USD
1.96,2.07,1.94,2.06,1517014800,8053.3,16224.93,ZRX/USD
2.05,2.05,1.94,1.96,1517018400,7856.49,15815.57,ZRX/USD
2.03,2.1,1.98,2.04,1517022000,5837.85,11957.42,ZRX/USD
1.98,2.04,1.96,2.03,1517025600,3707.92,7470.12,ZRX/USD
1.99,2.01,1.97,1.98,1517029200,2669.34,5294.0,ZRX/USD
2.07,2.09,1.95,2.0,1517032800,8677.79,17738.1,ZRX/USD
2.03,2.07,2.0,2.07,1517036400,3684.21,7497.66,ZRX/USD
2.07,2.09,2.01,2.02,1517040000,10454.63,21419.22,ZRX/USD
2.11,2.14,2.06,2.07,1517043600,8080.74,16983.02,ZRX/USD
2.12,2.14,2.09,2.11,1517047200,3938.78,8319.58,ZRX/USD
2.08,2.15,2.05,2.13,1517050800,8929.67,18650.08,ZRX/USD
2.04,2.09,2.02,2.08,1517054400,9249.82,18982.22,ZRX/USD
2.04,2.09,2.01,2.04,1517058000,5170.95,10589.39,ZRX/USD
2.05,2.07,2.01,2.04,1517061600,5347.15,10950.51,ZRX/USD
2.05,2.08,2.02,2.05,1517065200,8354.88,17097.82,ZRX/USD
1.99,2.07,1.97,2.05,1517068800,10293.8,20794.74,ZRX/USD
2.03,2.07,1.97,1.99,1517072400,6625.11,13271.09,ZRX/USD
2.05,2.05,2.0,2.03,1517076000,5598.53,11314.89,ZRX/USD
2.03,2.05,1.99,2.04,1517079600,5371.17,10865.27,ZRX/USD
2.04,2.08,2.02,2.03,1517083200,3581.53,7355.17,ZRX/USD
2.05,2.06,2.0,2.03,1517086800,4751.98,9584.42,ZRX/USD
2.06,2.09,2.0,2.05,1517090400,5249.28,10690.67,ZRX/USD
2.09,2.11,2.05,2.07,1517094000,10215.08,21279.48,ZRX/USD
2.13,2.15,2.06,2.09,1517097600,4665.48,9840.71,ZRX/USD
2.08,2.13,2.07,2.13,1517101200,3936.73,8250.14,ZRX/USD
2.03,2.1,2.02,2.09,1517104800,6038.51,12284.53,ZRX/USD
2.03,2.07,2.01,2.03,1517108400,4596.71,9364.01,ZRX/USD
2.07,2.07,2.03,2.03,1517112000,2959.19,6079.51,ZRX/USD
2.06,2.1,2.05,2.07,1517115600,13791.9,28664.25,ZRX/USD
2.04,2.07,2.02,2.06,1517119200,7924.8,16217.0,ZRX/USD
2.0,2.05,2.0,2.05,1517122800,2716.58,5520.84,ZRX/USD
2.05,2.05,2.0,2.0,1517126400,2259.17,4571.37,ZRX/USD
2.03,2.07,2.02,2.05,1517130000,6415.89,13115.11,ZRX/USD
2.01,2.05,2.0,2.04,1517133600,6679.45,13456.81,ZRX/USD
2.02,2.04,1.99,2.02,1517137200,3688.42,7445.88,ZRX/USD
1.98,2.04,1.97,2.02,1517140800,6270.62,12589.81,ZRX/USD
2.0,2.02,1.97,1.99,1517144400,7742.17,15473.63,ZRX/USD
2.01,2.02,1.99,2.01,1517148000,2856.7,5745.02,ZRX/USD
2.01,2.04,2.0,2.02,1517151600,3853.75,7795.13,ZRX/USD
2.05,2.05,2.01,2.01,1517155200,3515.0,7151.86,ZRX/USD
2.04,2.09,2.02,2.05,1517158800,7394.83,15215.28,ZRX/USD
2.03,2.06,2.01,2.03,1517162400,4076.41,8269.88,ZRX/USD
2.02,2.04,2.01,2.03,1517166000,2070.54,4205.24,ZRX/USD
2.04,2.04,2.02,2.04,1517169600,1936.79,3933.81,ZRX/USD
2.02,2.04,2.02,2.02,1517173200,2012.66,4083.55,ZRX/USD
2.03,2.03,2.02,2.03,1517176800,4493.69,9109.87,ZRX/USD
2.02,2.03,2.0,2.03,1517180400,7343.14,14827.26,ZRX/USD
2.0,2.03,2.0,2.02,1517184000,5329.85,10753.7,ZRX/USD
1.92,2.01,1.9,2.0,1517187600,12656.86,24626.24,ZRX/USD
1.93,1.96,1.89,1.92,1517191200,7524.93,14440.32,ZRX/USD
1.92,1.95,1.9,1.93,1517194800,3527.08,6775.77,ZRX/USD
1.97,1.97,1.92,1.92,1517198400,2643.31,5136.41,ZRX/USD
1.94,1.97,1.92,1.95,1517202000,5179.74,10096.09,ZRX/USD
1.93,1.96,1.9,1.94,1517205600,9256.92,17786.24,ZRX/USD
1.92,1.94,1.9,1.93,1517209200,7160.98,13755.22,ZRX/USD
1.92,1.94,1.89,1.92,1517212800,7717.52,14802.75,ZRX/USD
1.89,1.92,1.88,1.92,1517216400,8040.42,15230.02,ZRX/USD
1.89,1.9,1.88,1.89,1517220000,1582.62,2991.77,ZRX/USD
1.86,1.89,1.85,1.89,1517223600,2506.42,4673.02,ZRX/USD
1.84,1.86,1.82,1.86,1517227200,5413.12,9928.57,ZRX/USD
1.85,1.85,1.82,1.84,1517230800,3005.87,5537.27,ZRX/USD
1.86,1.88,1.85,1.85,1517234400,7423.94,13869.15,ZRX/USD
1.86,1.87,1.84,1.86,1517238000,2979.71,5530.91,ZRX/USD
1.86,1.88,1.84,1.86,1517241600,7242.04,13443.62,ZRX/USD
1.86,1.87,1.84,1.86,1517245200,2619.13,4940.51,ZRX/USD
1.85,1.87,1.84,1.85,1517248800,5686.53,10534.87,ZRX/USD
1.84,1.87,1.84,1.85,1517252400,4419.79,8163.97,ZRX/USD
1.87,1.88,1.84,1.85,1517256000,5977.79,11136.04,ZRX/USD
1.87,1.88,1.86,1.86,1517259600,2220.14,4163.62,ZRX/USD
1.85,1.88,1.84,1.87,1517263200,5027.75,9409.45,ZRX/USD
1.85,1.86,1.84,1.85,1517266800,1752.97,3242.81,ZRX/USD
1.84,1.89,1.84,1.85,1517270400,9193.43,17039.94,ZRX/USD
1.77,1.85,1.76,1.84,1517274000,8338.8,15059.21,ZRX/USD
1.75,1.8,1.75,1.79,1517277600,7442.86,13264.7,ZRX/USD
1.72,1.77,1.7,1.75,1517281200,13302.44,22991.21,ZRX/USD
1.75,1.77,1.72,1.72,1517284800,4241.5,7383.36,ZRX/USD
1.76,1.78,1.74,1.75,1517288400,5634.9,9919.55,ZRX/USD
1.77,1.79,1.73,1.76,1517292000,11204.92,19811.05,ZRX/USD
1.79,1.8,1.75,1.77,1517295600,6132.63,10910.97,ZRX/USD
1.79,1.79,1.77,1.79,1517299200,1348.59,2406.91,ZRX/USD
1.76,1.79,1.74,1.79,1517302800,6217.68,10950.51,ZRX/USD
1.75,1.76,1.73,1.76,1517306400,3891.04,6785.09,ZRX/USD
1.76,1.76,1.73,1.75,1517310000,2842.07,4975.36,ZRX/USD
1.75,1.76,1.73,1.76,1517313600,4766.58,8516.24,ZRX/USD
1.7,1.75,1.7,1.75,1517317200,8165.17,14017.21,ZRX/USD
1.71,1.74,1.7,1.7,1517320800,4634.22,7932.18,ZRX/USD
1.62,1.72,1.62,1.71,1517324400,10479.68,17510.18,ZRX/USD
1.64,1.67,1.63,1.64,1517328000,7280.99,12020.17,ZRX/USD
1.62,1.65,1.62,1.64,1517331600,2197.95,3592.62,ZRX/USD
1.51,1.62,1.48,1.62,1517335200,16418.52,25650.1,ZRX/USD
1.63,1.64,1.51,1.52,1517338800,15128.96,23938.57,ZRX/USD
1.63,1.65,1.62,1.63,1517342400,4585.22,7445.16,ZRX/USD
1.62,1.65,1.62,1.63,1517346000,2145.04,3479.79,ZRX/USD
1.68,1.72,1.62,1.63,1517349600,9317.41,15575.43,ZRX/USD
1.66,1.71,1.62,1.71,1517353200,7874.62,13063.73,ZRX/USD
1.55,1.67,1.51,1.65,1517356800,11468.88,18444.37,ZRX/USD
1.57,1.6,1.49,1.57,1517360400,11569.66,17826.72,ZRX/USD
1.61,1.61,1.5,1.55,1517364000,15877.36,24542.33,ZRX/USD
1.61,1.62,1.58,1.61,1517367600,3952.75,6337.19,ZRX/USD
1.65,1.65,1.58,1.6,1517371200,3866.76,6247.12,ZRX/USD
1.7,1.72,1.63,1.65,1517374800,8728.24,14542.63,ZRX/USD
1.72,1.75,1.69,1.7,1517378400,4051.47,6946.52,ZRX/USD
1.71,1.72,1.69,1.72,1517382000,840.04,1436.28,ZRX/USD
1.72,1.73,1.7,1.7,1517385600,2719.55,4679.87,ZRX/USD
1.69,1.74,1.68,1.72,1517389200,4027.47,6865.57,ZRX/USD
1.73,1.74,1.7,1.71,1517392800,3192.62,5500.76,ZRX/USD
1.72,1.75,1.7,1.73,1517396400,7256.9,12490.8,ZRX/USD
1.75,1.75,1.71,1.72,1517400000,2799.56,4840.29,ZRX/USD
1.73,1.75,1.71,1.75,1517403600,6218.0,10769.97,ZRX/USD
1.72,1.8,1.71,1.72,1517407200,10222.27,17918.78,ZRX/USD
1.74,1.75,1.7,1.72,1517410800,4861.58,8400.35,ZRX/USD
1.74,1.75,1.7,1.74,1517414400,5287.14,9114.11,ZRX/USD
1.74,1.78,1.73,1.74,1517418000,12317.64,21635.29,ZRX/USD
1.77,1.81,1.74,1.74,1517421600,12433.92,21973.56,ZRX/USD
1.81,1.82,1.75,1.77,1517425200,5505.11,9853.1,ZRX/USD
1.78,1.81,1.75,1.81,1517428800,9569.53,16975.07,ZRX/USD
1.75,1.83,1.75,1.75,1517432400,4196.04,7450.77,ZRX/USD
1.8,1.84,1.75,1.75,1517436000,6247.85,11258.6,ZRX/USD
1.89,1.89,1.78,1.81,1517439600,2706.26,4972.19,ZRX/USD
1.86,1.9,1.84,1.89,1517443200,5096.36,9531.96,ZRX/USD
1.91,1.91,1.83,1.86,1517446800,7657.62,14413.36,ZRX/USD
1.87,1.91,1.87,1.91,1517450400,69263.75,132219.99,ZRX/USD
1.83,1.88,1.8,1.86,1517454000,6053.92,11102.09,ZRX/USD
1.85,1.89,1.81,1.83,1517457600,8498.79,15794.83,ZRX/USD
1.8,1.86,1.79,1.85,1517461200,4539.64,8236.33,ZRX/USD
1.71,1.81,1.71,1.8,1517464800,3938.5,6916.04,ZRX/USD
1.75,1.75,1.7,1.72,1517468400,3772.68,6528.63,ZRX/USD
1.65,1.75,1.62,1.75,1517472000,12395.51,20949.66,ZRX/USD
1.69,1.74,1.65,1.65,1517475600,2768.81,4701.34,ZRX/USD
1.56,1.73,1.55,1.69,1517479200,11119.63,18103.93,ZRX/USD
1.6,1.71,1.55,1.59,1517482800,12130.36,19325.33,ZRX/USD
1.59,1.63,1.56,1.6,1517486400,7348.42,11657.62,ZRX/USD
1.49,1.59,1.47,1.58,1517490000,8171.28,12432.13,ZRX/USD
1.57,1.59,1.42,1.48,1517493600,12948.25,19641.45,ZRX/USD
1.59,1.63,1.56,1.57,1517497200,3641.93,5819.58,ZRX/USD
1.5,1.61,1.48,1.6,1517500800,7470.94,11504.8,ZRX/USD
1.51,1.52,1.48,1.5,1517504400,3310.93,4973.27,ZRX/USD
1.53,1.57,1.5,1.51,1517508000,2928.97,4516.09,ZRX/USD
1.52,1.59,1.51,1.53,1517511600,9739.91,15140.49,ZRX/USD
1.57,1.58,1.47,1.52,1517515200,13306.83,20376.86,ZRX/USD
1.64,1.66,1.55,1.58,1517518800,6304.48,10077.22,ZRX/USD
1.59,1.65,1.58,1.63,1517522400,3732.08,6053.45,ZRX/USD
1.62,1.65,1.57,1.59,1517526000,6358.19,10194.8,ZRX/USD
1.5,1.64,1.5,1.63,1517529600,15461.65,24178.91,ZRX/USD
1.45,1.52,1.34,1.5,1517533200,12218.13,17817.09,ZRX/USD
1.44,1.48,1.33,1.45,1517536800,10418.31,14920.08,ZRX/USD
1.44,1.49,1.42,1.44,1517540400,7757.77,11293.56,ZRX/USD
1.35,1.44,1.35,1.44,1517544000,2363.56,3286.88,ZRX/USD
1.34,1.39,1.34,1.35,1517547600,3974.13,5406.82,ZRX/USD
1.29,1.36,1.27,1.35,1517551200,11734.6,15196.99,ZRX/USD
1.3,1.33,1.27,1.27,1517554800,10139.16,13133.61,ZRX/USD
1.24,1.3,1.24,1.28,1517558400,5443.11,6878.0,ZRX/USD
1.3,1.31,1.19,1.25,1517562000,14508.57,17772.01,ZRX/USD
1.24,1.3,1.22,1.3,1517565600,7750.25,9526.87,ZRX/USD
1.2,1.25,1.19,1.24,1517569200,3640.1,4448.72,ZRX/USD
1.17,1.2,1.09,1.19,1517572800,13138.41,15065.35,ZRX/USD
1.4,1.4,1.17,1.17,1517576400,17455.38,22416.08,ZRX/USD
1.35,1.44,1.32,1.4,1517580000,9954.41,13779.31,ZRX/USD
1.42,1.46,1.33,1.35,1517583600,7575.67,10533.71,ZRX/USD
1.35,1.46,1.35,1.42,1517587200,7829.03,11025.92,ZRX/USD
1.29,1.4,1.26,1.38,1517590800,12581.66,16657.98,ZRX/USD
1.25,1.31,1.25,1.29,1517594400,2365.41,3029.89,ZRX/USD
1.29,1.31,1.22,1.25,1517598000,5035.93,6423.37,ZRX/USD
1.28,1.32,1.28,1.29,1517601600,2977.88,3869.45,ZRX/USD
1.25,1.28,1.23,1.27,1517605200,6336.8,7918.68,ZRX/USD
1.28,1.31,1.25,1.25,1517608800,3158.26,4018.9,ZRX/USD
1.32,1.35,1.28,1.28,1517612400,7488.67,9948.15,ZRX/USD
1.31,1.33,1.28,1.32,1517616000,3253.95,4237.85,ZRX/USD
1.25,1.31,1.25,1.31,1517619600,1613.42,2079.82,ZRX/USD
1.25,1.28,1.25,1.25,1517623200,2570.82,3254.78,ZRX/USD
1.19,1.25,1.18,1.25,1517626800,10667.27,12924.45,ZRX/USD
1.2,1.23,1.17,1.19,1517630400,5111.83,6115.49,ZRX/USD
1.19,1.2,1.17,1.2,1517634000,7436.86,8808.82,ZRX/USD
1.24,1.27,1.18,1.19,1517637600,9569.23,11669.83,ZRX/USD
1.29,1.29,1.23,1.25,1517641200,9640.75,12169.9,ZRX/USD
1.31,1.33,1.25,1.29,1517644800,5146.75,6634.65,ZRX/USD
1.32,1.35,1.31,1.33,1517648400,10632.68,13983.63,ZRX/USD
1.31,1.33,1.3,1.32,1517652000,4650.92,6080.5,ZRX/USD
1.34,1.35,1.31,1.31,1517655600,7134.81,9464.52,ZRX/USD
1.36,1.37,1.33,1.34,1517659200,4591.69,6204.73,ZRX/USD
1.43,1.43,1.34,1.36,1517662800,12501.68,17363.3,ZRX/USD
1.44,1.44,1.39,1.39,1517666400,4909.41,6964.53,ZRX/USD
1.46,1.48,1.43,1.44,1517670000,17629.54,25560.66,ZRX/USD
1.48,1.48,1.41,1.46,1517673600,8477.65,12321.07,ZRX/USD
1.44,1.49,1.44,1.48,1517677200,2959.61,4367.85,ZRX/USD
1.45,1.47,1.42,1.44,1517680800,4162.13,6010.54,ZRX/USD
1.43,1.46,1.42,1.45,1517684400,6008.85,8648.18,ZRX/USD
1.42,1.45,1.41,1.43,1517688000,7294.58,10484.16,ZRX/USD
1.42,1.45,1.38,1.42,1517691600,10333.64,14721.61,ZRX/USD
1.4,1.43,1.38,1.42,1517695200,9302.28,13031.33,ZRX/USD
1.38,1.41,1.35,1.4,1517698800,4794.2,6625.74,ZRX/USD
1.35,1.4,1.33,1.39,1517702400,5455.13,7462.47,ZRX/USD
1.33,1.36,1.31,1.34,1517706000,5406.32,7251.6,ZRX/USD
1.35,1.36,1.31,1.33,1517709600,4019.56,5395.1,ZRX/USD
1.39,1.4,1.34,1.35,1517713200,3877.69,5338.91,ZRX/USD
1.37,1.41,1.36,1.39,1517716800,9312.94,12799.16,ZRX/USD
1.37,1.4,1.36,1.37,1517720400,5040.14,6891.8,ZRX/USD
1.38,1.42,1.36,1.37,1517724000,8231.56,11447.58,ZRX/USD
1.37,1.4,1.36,1.37,1517727600,4696.75,6474.93,ZRX/USD
1.35,1.38,1.32,1.37,1517731200,10324.95,13910.97,ZRX/USD
1.26,1.35,1.24,1.35,1517734800,14351.69,18205.01,ZRX/USD
1.26,1.26,1.24,1.26,1517738400,6303.82,7906.88,ZRX/USD
1.26,1.31,1.25,1.26,1517742000,10198.0,13043.82,ZRX/USD
1.24,1.26,1.21,1.26,1517745600,6788.18,8337.9,ZRX/USD
1.21,1.25,1.21,1.24,1517749200,5284.12,6497.62,ZRX/USD
1.21,1.26,1.21,1.21,1517752800,8041.75,9920.16,ZRX/USD
1.17,1.24,1.16,1.21,1517756400,8974.13,10672.64,ZRX/USD
1.19,1.2,1.16,1.17,1517760000,10288.48,12160.87,ZRX/USD
1.21,1.22,1.18,1.19,1517763600,7123.61,8554.28,ZRX/USD
1.18,1.23,1.18,1.21,1517767200,4599.83,5517.55,ZRX/USD
1.16,1.19,1.16,1.18,1517770800,4053.6,4736.2,ZRX/USD
1.1,1.16,1.06,1.16,1517774400,21747.03,23970.35,ZRX/USD
1.1,1.14,1.07,1.1,1517778000,10595.69,11694.51,ZRX/USD
1.19,1.2,1.1,1.1,1517781600,9259.63,10666.36,ZRX/USD
1.15,1.2,1.14,1.19,1517785200,8258.74,9724.62,ZRX/USD
1.15,1.18,1.14,1.15,1517788800,3639.81,4218.12,ZRX/USD
1.11,1.15,1.09,1.15,1517792400,4640.44,5168.14,ZRX/USD
1.09,1.13,1.07,1.13,1517796000,7546.93,8285.12,ZRX/USD
1.12,1.15,1.09,1.09,1517799600,7036.9,7859.26,ZRX/USD
1.13,1.14,1.1,1.12,1517803200,6257.46,7018.62,ZRX/USD
1.14,1.16,1.12,1.16,1517806800,7706.18,8770.78,ZRX/USD
1.13,1.16,1.1,1.14,1517810400,4440.72,5049.48,ZRX/USD
1.09,1.13,1.07,1.13,1517814000,10104.44,11121.46,ZRX/USD
1.04,1.09,1.03,1.08,1517817600,5246.35,5592.08,ZRX/USD
1.05,1.07,1.0,1.04,1517821200,17543.69,18190.27,ZRX/USD
1.0,1.06,1.0,1.05,1517824800,12419.95,12781.34,ZRX/USD
0.9647,1.01,0.9586,1.0,1517828400,12804.43,12661.47,ZRX/USD
0.9556,0.9811,0.9278,0.9647,1517832000,47984.46,45872.29,ZRX/USD
0.9494,1.0,0.9323,0.9556,1517835600,62576.53,59601.26,ZRX/USD
0.8925,0.9565,0.89,0.9494,1517839200,114272.17,103238.76,ZRX/USD
0.8914,0.907,0.8594,0.89,1517842800,146632.53,128675.35,ZRX/USD
0.8521,0.9007,0.8516,0.8914,1517846400,77212.23,66694.33,ZRX/USD
0.8082,0.8644,0.8068,0.8515,1517850000,140721.14,115703.34,ZRX/USD
0.7875,0.824,0.7842,0.8082,1517853600,153263.15,123165.72,ZRX/USD
0.7518,0.7959,0.7428,0.7885,1517857200,96948.07,73763.14,ZRX/USD
0.8564,0.8922,0.7392,0.7518,1517860800,234529.96,192636.08,ZRX/USD
0.8542,0.8787,0.8094,0.8564,1517864400,92983.94,78769.24,ZRX/USD
0.8208,0.8837,0.8118,0.8542,1517868000,88061.03,74742.42,ZRX/USD
0.824,0.8274,0.8009,0.8208,1517871600,46821.68,38247.5,ZRX/USD
0.8242,0.8492,0.8144,0.8237,1517875200,53093.57,44175.08,ZRX/USD
0.7321,0.8252,0.7321,0.8238,1517878800,39632.12,30914.25,ZRX/USD
0.7368,0.7666,0.7113,0.7321,1517882400,87131.47,63668.25,ZRX/USD
0.7201,0.7388,0.6897,0.7368,1517886000,239590.38,170255.6,ZRX/USD
0.6804,0.7201,0.6792,0.7201,1517889600,88063.8,61045.47,ZRX/USD
0.7208,0.7376,0.6628,0.6804,1517893200,195611.43,138444.92,ZRX/USD
0.6896,0.7208,0.662,0.7208,1517896800,74759.51,51813.49,ZRX/USD
0.6511,0.7032,0.6511,0.6896,1517900400,57564.49,39491.61,ZRX/USD
0.6601,0.6862,0.6509,0.6511,1517904000,114036.16,76184.4,ZRX/USD
0.7411,0.7813,0.6601,0.6601,1517907600,121196.49,88399.19,ZRX/USD
0.7227,0.7591,0.7147,0.7411,1517911200,43546.58,32292.95,ZRX/USD
0.7193,0.7403,0.7051,0.7227,1517914800,25238.26,18179.21,ZRX/USD
0.7601,0.7652,0.7079,0.7188,1517918400,31829.26,23703.23,ZRX/USD
0.8198,0.8198,0.755,0.7601,1517922000,53656.04,42477.05,ZRX/USD
0.8298,0.8571,0.7837,0.8191,1517925600,73857.62,60399.49,ZRX/USD
0.8831,1.42,0.8293,0.8298,1517929200,190093.63,202403.49,ZRX/USD
0.8664,0.916,0.8534,0.8831,1517932800,166596.8,148940.29,ZRX/USD
0.8581,0.869,0.8296,0.8664,1517936400,39293.94,33231.82,ZRX/USD
0.8998,0.9038,0.8563,0.8599,1517940000,57170.12,50392.28,ZRX/USD
0.984,0.9953,0.8916,0.8998,1517943600,270887.45,246628.46,ZRX/USD
0.972,1.02,0.972,0.984,1517947200,128859.15,128965.7,ZRX/USD
0.994,1.03,0.9738,0.9738,1517950800,134404.0,135647.47,ZRX/USD
0.9782,1.0,0.9518,0.994,1517954400,77805.13,75693.26,ZRX/USD
1.01,1.02,0.9779,0.9782,1517958000,18017.16,18167.09,ZRX/USD
0.9864,1.02,0.9671,1.01,1517961600,38837.7,38387.53,ZRX/USD
0.9981,1.02,0.9733,0.986,1517965200,24946.96,24812.78,ZRX/USD
0.9511,1.02,0.9253,0.9981,1517968800,48321.52,46332.41,ZRX/USD
0.9158,0.9517,0.8973,0.9511,1517972400,45308.48,41819.7,ZRX/USD
0.9543,0.9627,0.8964,0.9161,1517976000,31739.42,29200.35,ZRX/USD
0.9548,0.9696,0.9455,0.9543,1517979600,22684.95,21723.67,ZRX/USD
0.9636,0.9636,0.9251,0.9548,1517983200,22094.69,20964.23,ZRX/USD
0.9676,1.0,0.9434,0.9625,1517986800,73677.7,72292.29,ZRX/USD
0.9854,1.02,0.965,0.965,1517990400,59510.07,58660.52,ZRX/USD
1.02,1.05,0.9854,0.9854,1517994000,184926.28,188048.67,ZRX/USD
1.06,1.08,1.02,1.02,1517997600,93252.56,96498.98,ZRX/USD
1.08,1.08,1.05,1.06,1518001200,81918.57,87614.35,ZRX/USD
1.11,1.12,1.06,1.08,1518004800,43919.22,47742.35,ZRX/USD
1.08,1.14,1.08,1.12,1518008400,119579.62,133352.89,ZRX/USD
1.07,1.12,1.06,1.08,1518012000,131856.26,142018.38,ZRX/USD
1.09,1.1,1.07,1.07,1518015600,89080.11,96081.33,ZRX/USD
1.06,1.1,1.06,1.09,1518019200,37211.23,40406.19,ZRX/USD
1.12,1.13,1.06,1.06,1518022800,56509.63,61823.78,ZRX/USD
1.15,1.15,1.12,1.12,1518026400,35776.5,40819.91,ZRX/USD
1.13,1.15,1.12,1.15,1518030000,47976.87,54159.68,ZRX/USD
1.14,1.15,1.1,1.13,1518033600,28146.07,31447.33,ZRX/USD
1.13,1.16,1.12,1.14,1518037200,51010.74,58386.83,ZRX/USD
1.05,1.13,1.04,1.13,1518040800,83445.03,90579.33,ZRX/USD
1.0,1.05,0.967,1.05,1518044400,87267.35,88402.36,ZRX/USD
1.02,1.03,0.9876,1.0,1518048000,47079.67,47452.31,ZRX/USD
1.04,1.06,0.9997,1.02,1518051600,12638.53,13092.87,ZRX/USD
1.07,1.08,1.02,1.04,1518055200,43982.42,46962.29,ZRX/USD
1.07,1.08,1.03,1.07,1518058800,25624.19,27008.26,ZRX/USD
1.09,1.09,1.05,1.07,1518062400,61663.07,66368.59,ZRX/USD
1.08,1.11,1.07,1.09,1518066000,10353.48,11225.95,ZRX/USD
1.06,1.08,1.03,1.08,1518069600,102007.64,107156.0,ZRX/USD
1.1,1.1,1.05,1.05,1518073200,62618.23,68337.46,ZRX/USD
1.11,1.12,1.08,1.1,1518076800,45427.99,50278.66,ZRX/USD
1.1,1.11,1.08,1.11,1518080400,56043.87,61593.25,ZRX/USD
1.1,1.14,1.1,1.1,1518084000,181537.5,202017.36,ZRX/USD
1.1,1.11,1.08,1.1,1518087600,62105.82,67993.9,ZRX/USD
1.12,1.14,1.08,1.1,1518091200,34573.12,38364.55,ZRX/USD
1.11,1.13,1.1,1.12,1518094800,26676.06,29566.06,ZRX/USD
1.09,1.11,1.08,1.11,1518098400,245586.83,266189.83,ZRX/USD
1.04,1.09,1.04,1.09,1518102000,67635.26,72241.29,ZRX/USD
1.07,1.07,1.04,1.04,1518105600,31950.26,33833.51,ZRX/USD
1.06,1.07,1.04,1.07,1518109200,86718.24,91253.2,ZRX/USD
1.05,1.06,1.03,1.06,1518112800,20403.75,21262.85,ZRX/USD
1.08,1.09,1.05,1.05,1518116400,25560.49,27482.58,ZRX/USD
1.04,1.11,1.04,1.08,1518120000,97599.3,107143.25,ZRX/USD
1.06,1.06,1.04,1.04,1518123600,31984.36,33689.09,ZRX/USD
1.07,1.08,1.05,1.06,1518127200,17832.1,18895.18,ZRX/USD
1.07,1.08,1.05,1.07,1518130800,41738.68,44339.12,ZRX/USD
1.02,1.07,0.9971,1.07,1518134400,36529.35,37932.17,ZRX/USD
1.02,1.03,0.9873,1.02,1518138000,41166.54,41476.56,ZRX/USD
1.04,1.05,1.02,1.02,1518141600,24376.63,25101.61,ZRX/USD
1.03,1.05,1.01,1.04,1518145200,14550.8,15041.65,ZRX/USD
1.02,1.05,1.01,1.03,1518148800,28090.83,28471.8,ZRX/USD
1.01,1.02,0.984,1.02,1518152400,32815.88,32960.26,ZRX/USD
1.02,1.02,0.9969,1.01,1518156000,5926.53,6050.48,ZRX/USD
1.04,1.04,0.9994,1.02,1518159600,21794.04,22249.47,ZRX/USD
1.07,1.08,1.03,1.04,1518163200,31227.97,32774.59,ZRX/USD
1.08,1.11,1.07,1.07,1518166800,27471.8,29950.07,ZRX/USD
1.1,1.1,1.07,1.08,1518170400,18340.78,20001.59,ZRX/USD
1.09,1.1,1.08,1.1,1518174000,30091.42,32859.09,ZRX/USD
1.08,1.09,1.07,1.09,1518177600,16670.06,18044.41,ZRX/USD
1.09,1.09,1.08,1.08,1518181200,18022.11,19584.55,ZRX/USD
1.13,1.14,1.09,1.09,1518184800,81353.34,91096.63,ZRX/USD
1.16,1.17,1.12,1.13,1518188400,55623.36,63392.68,ZRX/USD
1.12,1.17,1.11,1.16,1518192000,50337.83,57533.0,ZRX/USD
1.15,1.16,1.12,1.12,1518195600,224070.62,257493.88,ZRX/USD
1.15,1.15,1.13,1.15,1518199200,51793.8,59078.22,ZRX/USD
1.15,1.16,1.14,1.15,1518202800,58529.06,67062.66,ZRX/USD
1.11,1.16,1.11,1.15,1518206400,26677.29,30384.25,ZRX/USD
1.12,1.13,1.11,1.11,1518210000,15922.43,17875.88,ZRX/USD
1.13,1.13,1.12,1.12,1518213600,5650.55,6355.13,ZRX/USD
1.13,1.15,1.12,1.13,1518217200,16387.86,18592.21,ZRX/USD
1.16,1.17,1.13,1.13,1518220800,68783.68,79456.07,ZRX/USD
1.15,1.18,1.14,1.16,1518224400,74179.75,86099.07,ZRX/USD
1.19,1.19,1.15,1.15,1518228000,38138.11,44693.34,ZRX/USD
1.18,1.19,1.17,1.19,1518231600,19446.7,22992.23,ZRX/USD
1.17,1.18,1.15,1.18,1518235200,34279.46,39907.28,ZRX/USD
1.17,1.19,1.17,1.18,1518238800,10183.79,11942.05,ZRX/USD
1.19,1.19,1.15,1.17,1518242400,26474.82,30829.0,ZRX/USD
1.17,1.19,1.16,1.19,1518246000,19540.31,22898.36,ZRX/USD
1.11,1.17,1.11,1.17,1518249600,87518.82,99886.58,ZRX/USD
1.12,1.14,1.11,1.11,1518253200,21679.75,24312.32,ZRX/USD
1.1,1.12,1.09,1.12,1518256800,24908.5,27567.68,ZRX/USD
1.11,1.13,1.1,1.1,1518260400,11471.95,12725.44,ZRX/USD
1.11,1.13,1.1,1.11,1518264000,10919.11,12102.62,ZRX/USD
1.11,1.13,1.11,1.11,1518267600,8456.71,9447.25,ZRX/USD
1.1,1.13,1.09,1.11,1518271200,18730.54,20601.35,ZRX/USD
1.05,1.1,1.04,1.1,1518274800,57527.71,61083.24,ZRX/USD
1.01,1.06,1.0,1.05,1518278400,116962.02,121506.8,ZRX/USD
1.04,1.04,0.9967,1.01,1518282000,117367.92,118576.93,ZRX/USD
1.02,1.04,1.01,1.04,1518285600,36103.99,36917.7,ZRX/USD
1.03,1.03,1.01,1.02,1518289200,45179.02,46044.33,ZRX/USD
0.9781,1.03,0.9748,1.03,1518292800,22731.47,22571.5,ZRX/USD
1.01,1.01,0.9781,0.9781,1518296400,132693.57,132710.84,ZRX/USD
1.09,1.09,1.01,1.01,1518300000,75281.83,79897.0,ZRX/USD
1.09,1.1,1.08,1.09,1518303600,26583.65,28886.97,ZRX/USD
1.06,1.09,1.04,1.09,1518307200,15755.03,16815.91,ZRX/USD
1.03,1.06,1.02,1.06,1518310800,14305.64,14839.81,ZRX/USD
1.03,1.04,1.02,1.03,1518314400,11460.85,11766.5,ZRX/USD
0.9859,1.03,0.9846,1.03,1518318000,9840.94,9923.2,ZRX/USD
0.992,1.01,0.982,0.9845,1518321600,10221.94,10130.81,ZRX/USD
0.9722,0.992,0.9446,0.992,1518325200,49185.5,47399.35,ZRX/USD
0.9676,0.9737,0.9566,0.9722,1518328800,24492.53,23498.16,ZRX/USD
0.9504,0.9728,0.9449,0.9676,1518332400,16392.75,15501.41,ZRX/USD
0.9441,0.9516,0.9344,0.9504,1518336000,21826.42,20548.49,ZRX/USD
0.9636,0.9648,0.9404,0.9445,1518339600,34652.09,33020.62,ZRX/USD
0.9691,0.9873,0.9592,0.9636,1518343200,27772.06,27140.81,ZRX/USD
0.9789,0.9864,0.9528,0.968,1518346800,17107.67,16614.21,ZRX/USD
0.9993,1.01,0.9788,0.9788,1518350400,18842.41,18744.51,ZRX/USD
1.01,1.01,0.9935,0.9999,1518354000,21716.96,21815.81,ZRX/USD
1.02,1.03,0.9962,1.01,1518357600,18149.39,18426.35,ZRX/USD
1.03,1.03,1.02,1.02,1518361200,9557.88,9808.57,ZRX/USD
1.0,1.04,1.0,1.03,1518364800,17692.08,17975.11,ZRX/USD
0.9891,1.02,0.9891,1.0,1518368400,6921.77,6903.79,ZRX/USD
1.01,1.01,0.9891,0.9891,1518372000,28566.15,28767.99,ZRX/USD
1.01,1.03,1.0,1.01,1518375600,11102.21,11227.7,ZRX/USD
1.01,1.02,0.9903,1.01,1518379200,12567.74,12663.98,ZRX/USD
1.03,1.03,1.0,1.01,1518382800,13222.25,13508.06,ZRX/USD
1.03,1.03,1.02,1.03,1518386400,4521.68,4623.03,ZRX/USD
0.9819,1.03,0.9776,1.03,1518390000,30061.89,30002.87,ZRX/USD
0.9946,1.0,0.9793,0.9819,1518393600,18633.88,18577.79,ZRX/USD
1.03,1.04,0.9908,0.9966,1518397200,11586.09,11787.67,ZRX/USD
1.05,1.05,1.02,1.03,1518400800,17287.81,17953.87,ZRX/USD
1.05,1.05,1.04,1.05,1518404400,12459.27,13094.67,ZRX/USD
1.05,1.05,1.04,1.05,1518408000,15268.06,16028.42,ZRX/USD
1.04,1.05,1.03,1.05,1518411600,14210.47,14730.81,ZRX/USD
1.04,1.05,1.04,1.04,1518415200,14575.55,15311.41,ZRX/USD
1.05,1.06,1.04,1.04,1518418800,11214.71,11749.68,ZRX/USD
1.08,1.09,1.05,1.05,1518422400,26207.9,28148.36,ZRX/USD
1.08,1.09,1.07,1.08,1518426000,15552.03,16833.78,ZRX/USD
1.09,1.09,1.07,1.08,1518429600,24339.35,26270.69,ZRX/USD
1.06,1.09,1.05,1.08,1518433200,39870.56,42270.83,ZRX/USD
1.07,1.08,1.05,1.06,1518436800,11282.16,12038.63,ZRX/USD
1.07,1.09,1.06,1.07,1518440400,8471.56,9097.08,ZRX/USD
1.05,1.07,1.04,1.06,1518444000,12944.08,13658.84,ZRX/USD
1.05,1.05,1.04,1.05,1518447600,204040.05,212457.07,ZRX/USD
1.05,1.05,1.04,1.05,1518451200,6821.03,7157.12,ZRX/USD
1.05,1.05,1.03,1.05,1518454800,67706.42,70401.0,ZRX/USD
1.03,1.05,1.03,1.05,1518458400,18304.94,19060.92,ZRX/USD
1.03,1.04,1.02,1.03,1518462000,11094.83,11439.62,ZRX/USD
1.05,1.06,1.03,1.03,1518465600,20037.59,20911.14,ZRX/USD
1.05,1.06,1.04,1.05,1518469200,22885.84,23930.93,ZRX/USD
1.03,1.05,1.02,1.05,1518472800,18566.07,19139.92,ZRX/USD
1.03,1.05,1.03,1.03,1518476400,39197.4,40890.57,ZRX/USD
1.03,1.04,1.02,1.03,1518480000,13092.27,13470.97,ZRX/USD
1.03,1.04,1.02,1.03,1518483600,15811.67,16250.68,ZRX/USD
1.03,1.03,1.02,1.03,1518487200,21551.68,22144.55,ZRX/USD
1.02,1.05,1.02,1.03,1518490800,17135.81,17559.8,ZRX/USD
1.01,1.03,1.01,1.02,1518494400,8803.63,8966.33,ZRX/USD
1.01,1.03,1.0,1.01,1518498000,11534.47,11668.99,ZRX/USD
1.02,1.02,0.9873,1.01,1518501600,20694.76,20727.95,ZRX/USD
1.0,1.03,0.9937,1.02,1518505200,51555.09,52488.11,ZRX/USD
0.9922,1.01,0.9847,1.0,1518508800,15614.7,15556.09,ZRX/USD
0.965,0.994,0.9628,0.9922,1518512400,25044.38,24441.0,ZRX/USD
0.9547,0.9765,0.9546,0.965,1518516000,66882.03,64247.61,ZRX/USD
0.9704,0.973,0.9544,0.9547,1518519600,22962.21,22151.24,ZRX/USD
0.9637,0.9718,0.9452,0.9705,1518523200,33810.75,32323.94,ZRX/USD
0.9637,0.9776,0.9441,0.9635,1518526800,60596.33,57833.24,ZRX/USD
0.9584,0.9693,0.9476,0.9637,1518530400,119305.52,114487.8,ZRX/USD
0.9634,0.9812,0.9477,0.9584,1518534000,34854.66,33576.81,ZRX/USD
0.9683,0.9728,0.9503,0.9634,1518537600,44013.56,42409.28,ZRX/USD
0.9664,0.9715,0.9619,0.9671,1518541200,132078.5,127524.04,ZRX/USD
0.9831,0.985,0.9624,0.9664,1518544800,122740.23,118887.75,ZRX/USD
0.9735,0.9846,0.9654,0.9831,1518548400,56867.27,55813.09,ZRX/USD
0.9872,0.9872,0.9706,0.978,1518552000,68440.94,67052.2,ZRX/USD
0.9643,0.9873,0.9643,0.9873,1518555600,36815.63,35834.39,ZRX/USD
0.9841,0.985,0.9636,0.9643,1518559200,31529.69,30712.21,ZRX/USD
0.9662,0.9865,0.9651,0.9841,1518562800,29687.47,28870.65,ZRX/USD
0.9691,0.973,0.957,0.9662,1518566400,36112.98,34909.09,ZRX/USD
0.9682,0.9708,0.9537,0.9691,1518570000,20263.15,19529.66,ZRX/USD
0.9728,0.9731,0.9539,0.9682,1518573600,10606.74,10207.14,ZRX/USD
0.9699,0.9729,0.9644,0.9728,1518577200,8009.75,7763.47,ZRX/USD
0.9802,0.9897,0.9672,0.9699,1518580800,29166.75,28529.75,ZRX/USD
0.9957,1.0,0.9768,0.9809,1518584400,23739.04,23651.48,ZRX/USD
0.9928,1.0,0.9791,0.9956,1518588000,26291.85,26186.46,ZRX/USD
1.01,1.01,0.9925,0.9928,1518591600,18376.62,18436.7,ZRX/USD
0.9979,1.01,0.993,1.01,1518595200,21103.95,21125.73,ZRX/USD
0.9635,1.0,0.9635,0.9979,1518598800,43265.04,42080.87,ZRX/USD
0.9884,0.9886,0.9631,0.9635,1518602400,11040.48,10789.87,ZRX/USD
1.01,1.01,0.9731,0.9884,1518606000,22137.33,22160.82,ZRX/USD
1.01,1.04,0.9958,1.01,1518609600,657021.68,665841.16,ZRX/USD
1.03,1.03,1.0,1.01,1518613200,68005.51,69268.6,ZRX/USD
1.02,1.03,1.01,1.03,1518616800,105520.25,109357.97,ZRX/USD
1.09,1.09,1.01,1.02,1518620400,411507.14,436756.77,ZRX/USD
1.12,1.12,1.07,1.09,1518624000,139534.52,153809.77,ZRX/USD
1.14,1.16,1.08,1.12,1518627600,120645.1,137130.56,ZRX/USD
1.14,1.19,1.14,1.14,1518631200,90828.84,111048.92,ZRX/USD
1.11,1.15,1.1,1.14,1518634800,34576.66,38787.24,ZRX/USD
1.09,1.13,1.08,1.11,1518638400,42764.79,46315.07,ZRX/USD
1.06,1.1,1.05,1.09,1518642000,31647.54,34105.65,ZRX/USD
1.07,1.07,1.04,1.06,1518645600,21838.95,23096.88,ZRX/USD
1.08,1.08,1.07,1.07,1518649200,13334.52,14284.17,ZRX/USD
1.06,1.09,1.05,1.07,1518652800,14365.8,15352.53,ZRX/USD
1.06,1.09,1.06,1.06,1518656400,9406.82,9965.21,ZRX/USD
1.07,1.08,1.05,1.06,1518660000,41222.37,43741.37,ZRX/USD
1.06,1.07,1.05,1.07,1518663600,47167.85,49922.23,ZRX/USD
1.07,1.08,1.05,1.06,1518667200,48955.16,52281.68,ZRX/USD
1.07,1.08,1.06,1.07,1518670800,21563.65,23066.5,ZRX/USD
1.06,1.07,1.06,1.07,1518674400,18274.12,19523.39,ZRX/USD
1.07,1.07,1.06,1.07,1518678000,45261.67,47967.0,ZRX/USD
1.08,1.08,1.06,1.07,1518681600,33202.97,35557.9,ZRX/USD
1.06,1.09,1.06,1.08,1518685200,134077.5,144069.96,ZRX/USD
1.04,1.07,1.02,1.06,1518688800,136258.77,141478.48,ZRX/USD
1.03,1.06,1.03,1.05,1518692400,57651.97,59972.58,ZRX/USD
1.06,1.06,1.03,1.03,1518696000,8557.6,8970.23,ZRX/USD
1.05,1.06,1.04,1.06,1518699600,28599.77,29911.0,ZRX/USD
1.07,1.07,1.04,1.05,1518703200,66501.6,70108.4,ZRX/USD
1.05,1.07,1.05,1.07,1518706800,35176.95,37108.54,ZRX/USD
1.07,1.07,1.03,1.05,1518710400,124796.88,130388.26,ZRX/USD
1.07,1.08,1.06,1.07,1518714000,32052.93,34366.29,ZRX/USD
1.06,1.08,1.06,1.07,1518717600,56619.97,60660.73,ZRX/USD
1.02,1.07,1.02,1.06,1518721200,59813.51,62395.24,ZRX/USD
1.04,1.04,1.0,1.02,1518724800,135329.79,137700.69,ZRX/USD
1.03,1.04,1.02,1.04,1518728400,18555.09,19169.43,ZRX/USD
1.03,1.03,1.02,1.02,1518732000,23669.22,24380.72,ZRX/USD
1.37,1.39,1.03,1.03,1518735600,681485.33,837248.09,ZRX/USD
1.21,1.41,1.21,1.37,1518739200,346532.33,450474.25,ZRX/USD
1.19,1.22,1.16,1.21,1518742800,122344.02,145350.72,ZRX/USD
1.18,1.22,1.16,1.18,1518746400,57277.0,68622.02,ZRX/USD
1.25,1.3,1.18,1.18,1518750000,168937.69,212446.89,ZRX/USD
1.2,1.25,1.18,1.24,1518753600,145274.49,173583.97,ZRX/USD
1.25,1.27,1.2,1.2,1518757200,118061.07,144618.88,ZRX/USD
1.2,1.27,1.2,1.25,1518760800,104962.09,130077.96,ZRX/USD
1.17,1.2,1.16,1.2,1518764400,31851.48,37487.39,ZRX/USD
1.21,1.21,1.14,1.17,1518768000,83966.01,98844.9,ZRX/USD
1.19,1.21,1.17,1.21,1518771600,18116.63,21576.09,ZRX/USD
1.16,1.19,1.16,1.19,1518775200,22262.48,26111.19,ZRX/USD
1.15,1.16,1.14,1.16,1518778800,39240.13,45010.72,ZRX/USD
1.17,1.18,1.15,1.15,1518782400,29223.39,33871.05,ZRX/USD
1.17,1.19,1.17,1.17,1518786000,51574.88,60840.24,ZRX/USD
1.21,1.22,1.16,1.17,1518789600,32404.24,38738.7,ZRX/USD
1.2,1.22,1.17,1.21,1518793200,72802.84,87670.14,ZRX/USD
1.22,1.25,1.19,1.2,1518796800,33656.82,40997.09,ZRX/USD
1.26,1.26,1.21,1.22,1518800400,35297.13,43811.48,ZRX/USD
1.23,1.26,1.21,1.26,1518804000,71401.73,87490.53,ZRX/USD
1.25,1.26,1.23,1.23,1518807600,43377.72,53860.75,ZRX/USD
1.29,1.29,1.24,1.25,1518811200,114300.39,144642.6,ZRX/USD
1.34,1.35,1.28,1.29,1518814800,95009.09,125261.64,ZRX/USD
1.29,1.34,1.26,1.34,1518818400,71161.26,92842.3,ZRX/USD
1.29,1.32,1.28,1.29,1518822000,36533.47,47407.36,ZRX/USD
1.25,1.29,1.25,1.29,1518825600,50534.73,64106.47,ZRX/USD
1.27,1.27,1.24,1.25,1518829200,26372.65,33060.97,ZRX/USD
1.26,1.27,1.25,1.27,1518832800,57532.8,72408.32,ZRX/USD
1.26,1.28,1.25,1.26,1518836400,41354.82,52418.55,ZRX/USD
1.26,1.27,1.26,1.26,1518840000,9586.7,12137.18,ZRX/USD
1.26,1.26,1.25,1.26,1518843600,10254.33,12934.07,ZRX/USD
1.29,1.29,1.25,1.26,1518847200,12864.22,16446.03,ZRX/USD
1.27,1.29,1.26,1.28,1518850800,19508.02,24816.52,ZRX/USD
1.26,1.28,1.26,1.27,1518854400,36553.9,46298.24,ZRX/USD
1.25,1.26,1.25,1.26,1518858000,45863.34,57537.25,ZRX/USD
1.25,1.26,1.23,1.25,1518861600,46338.83,57794.27,ZRX/USD
1.24,1.25,1.24,1.25,1518865200,43694.07,54381.65,ZRX/USD
1.23,1.25,1.23,1.24,1518868800,97029.79,120154.74,ZRX/USD
1.22,1.24,1.22,1.23,1518872400,26101.48,31986.65,ZRX/USD
1.23,1.23,1.22,1.22,1518876000,36293.6,44448.27,ZRX/USD
1.26,1.26,1.22,1.23,1518879600,20542.79,25648.19,ZRX/USD
1.27,1.28,1.26,1.26,1518883200,67934.46,86532.57,ZRX/USD
1.27,1.28,1.26,1.27,1518886800,19037.97,24175.98,ZRX/USD
1.27,1.28,1.26,1.27,1518890400,11756.22,14846.32,ZRX/USD
1.26,1.28,1.25,1.27,1518894000,9583.35,12117.2,ZRX/USD
1.27,1.27,1.25,1.26,1518897600,7293.49,9195.01,ZRX/USD
1.27,1.28,1.27,1.27,1518901200,46981.88,59701.53,ZRX/USD
1.29,1.29,1.27,1.27,1518904800,28938.26,36984.38,ZRX/USD
1.28,1.3,1.27,1.29,1518908400,40823.49,52542.2,ZRX/USD
1.29,1.29,1.27,1.28,1518912000,16775.43,21367.65,ZRX/USD
1.28,1.29,1.28,1.28,1518915600,8248.22,10651.62,ZRX/USD
1.26,1.28,1.26,1.28,1518919200,11138.77,14267.48,ZRX/USD
1.24,1.26,1.24,1.26,1518922800,17127.57,21587.95,ZRX/USD
1.26,1.26,1.24,1.24,1518926400,18372.31,22997.87,ZRX/USD
1.2,1.26,1.2,1.26,1518930000,104978.55,128485.37,ZRX/USD
1.18,1.21,1.18,1.2,1518933600,37993.18,45278.13,ZRX/USD
1.19,1.19,1.17,1.18,1518937200,77469.44,91497.86,ZRX/USD
1.15,1.19,1.15,1.19,1518940800,47636.6,55816.27,ZRX/USD
1.13,1.17,1.13,1.15,1518944400,40969.74,47153.66,ZRX/USD
1.17,1.18,1.13,1.13,1518948000,28864.41,33615.78,ZRX/USD
1.17,1.18,1.16,1.17,1518951600,13136.92,15431.27,ZRX/USD
1.17,1.18,1.16,1.17,1518955200,9550.52,11093.86,ZRX/USD
1.22,1.22,1.16,1.17,1518958800,31216.59,37188.88,ZRX/USD
1.23,1.25,1.22,1.22,1518962400,45162.07,55970.82,ZRX/USD
1.21,1.23,1.2,1.23,1518966000,45155.59,54795.28,ZRX/USD
1.18,1.22,1.18,1.2,1518969600,36197.27,43293.8,ZRX/USD
1.2,1.2,1.18,1.18,1518973200,11728.52,14012.99,ZRX/USD
1.21,1.22,1.2,1.2,1518976800,10423.46,12582.13,ZRX/USD
1.2,1.22,1.19,1.21,1518980400,61050.19,73369.11,ZRX/USD
1.19,1.21,1.19,1.2,1518984000,12320.21,14846.16,ZRX/USD
1.18,1.2,1.17,1.19,1518987600,27089.76,31987.84,ZRX/USD
1.17,1.18,1.17,1.18,1518991200,15659.86,18399.87,ZRX/USD
1.16,1.18,1.15,1.17,1518994800,28260.14,32855.16,ZRX/USD
1.17,1.17,1.14,1.16,1518998400,28265.81,32863.89,ZRX/USD
1.19,1.19,1.16,1.17,1519002000,40266.05,47580.72,ZRX/USD
1.18,1.19,1.18,1.19,1519005600,37452.11,44279.4,ZRX/USD
1.19,1.19,1.18,1.18,1519009200,20663.84,24513.31,ZRX/USD
1.18,1.19,1.18,1.19,1519012800,19269.71,22850.01,ZRX/USD
1.17,1.18,1.17,1.18,1519016400,20049.52,23604.35,ZRX/USD
1.18,1.19,1.17,1.17,1519020000,11586.89,13699.34,ZRX/USD
1.22,1.23,1.18,1.18,1519023600,54286.24,65861.93,ZRX/USD
1.21,1.22,1.21,1.22,1519027200,57265.14,69416.54,ZRX/USD
1.21,1.22,1.21,1.21,1519030800,141122.08,170844.84,ZRX/USD
1.21,1.23,1.21,1.21,1519034400,39765.19,48487.11,ZRX/USD
1.21,1.22,1.2,1.21,1519038000,26732.62,32514.86,ZRX/USD
1.2,1.21,1.2,1.21,1519041600,22769.46,27420.8,ZRX/USD
1.2,1.2,1.2,1.2,1519045200,42950.13,51601.91,ZRX/USD
1.19,1.2,1.19,1.2,1519048800,119715.93,142637.38,ZRX/USD
1.19,1.19,1.18,1.19,1519052400,146317.82,174082.28,ZRX/USD
1.18,1.19,1.18,1.19,1519056000,57490.08,68339.75,ZRX/USD
1.16,1.18,1.16,1.18,1519059600,16860.3,19732.05,ZRX/USD
1.18,1.18,1.16,1.16,1519063200,22156.48,26064.27,ZRX/USD
1.18,1.19,1.17,1.18,1519066800,21832.02,25840.42,ZRX/USD
1.18,1.18,1.17,1.18,1519070400,5615.64,6618.39,ZRX/USD
1.17,1.18,1.16,1.18,1519074000,49646.43,58138.44,ZRX/USD
1.18,1.18,1.16,1.17,1519077600,20400.67,24012.12,ZRX/USD
1.18,1.19,1.18,1.18,1519081200,18561.23,21887.96,ZRX/USD
1.19,1.19,1.18,1.18,1519084800,17433.55,20704.54,ZRX/USD
1.19,1.19,1.18,1.19,1519088400,90443.62,107612.76,ZRX/USD
1.18,1.19,1.18,1.19,1519092000,21758.15,25826.04,ZRX/USD
1.19,1.19,1.17,1.18,1519095600,10115.82,12009.1,ZRX/USD
1.21,1.21,1.19,1.19,1519099200,27970.28,33583.34,ZRX/USD
1.2,1.21,1.19,1.21,1519102800,17564.58,21110.13,ZRX/USD
1.19,1.2,1.18,1.19,1519106400,30084.46,35676.06,ZRX/USD
1.19,1.2,1.19,1.19,1519110000,8809.99,10552.66,ZRX/USD
1.17,1.2,1.17,1.19,1519113600,39117.68,46058.87,ZRX/USD
1.15,1.17,1.14,1.17,1519117200,50842.81,58907.29,ZRX/USD
1.16,1.16,1.14,1.15,1519120800,32059.44,36919.34,ZRX/USD
1.15,1.16,1.15,1.16,1519124400,17270.1,19932.48,ZRX/USD
1.16,1.16,1.15,1.15,1519128000,14071.94,16316.58,ZRX/USD
1.16,1.17,1.15,1.16,1519131600,26237.18,30578.36,ZRX/USD
1.15,1.17,1.14,1.16,1519135200,34375.79,39654.15,ZRX/USD
1.14,1.15,1.12,1.15,1519138800,38241.51,43379.6,ZRX/USD
1.13,1.15,1.13,1.14,1519142400,113010.28,128065.13,ZRX/USD
1.11,1.13,1.09,1.13,1519146000,62856.9,69590.41,ZRX/USD
1.09,1.12,1.08,1.11,1519149600,97740.44,107610.22,ZRX/USD
1.1,1.1,1.06,1.09,1519153200,45951.42,50102.48,ZRX/USD
1.09,1.11,1.09,1.1,1519156800,62850.07,69437.15,ZRX/USD
1.05,1.09,1.05,1.09,1519160400,49767.64,53291.59,ZRX/USD
1.04,1.08,1.03,1.05,1519164000,69479.9,73002.38,ZRX/USD
1.02,1.12,1.01,1.04,1519167600,123041.31,128836.75,ZRX/USD
0.9921,1.02,0.978,1.02,1519171200,67562.39,67253.0,ZRX/USD
1.01,1.03,0.9918,0.9921,1519174800,95399.81,95846.29,ZRX/USD
1.0,1.02,0.9955,1.01,1519178400,17531.95,17769.37,ZRX/USD
0.9983,1.02,0.9961,1.0,1519182000,41362.15,41720.98,ZRX/USD
0.9779,0.9997,0.9669,0.9983,1519185600,28654.89,28181.88,ZRX/USD
0.9996,0.9998,0.974,0.9779,1519189200,19545.39,19397.3,ZRX/USD
1.03,1.03,0.9849,0.9996,1519192800,35987.75,36446.86,ZRX/USD
1.04,1.04,1.02,1.03,1519196400,37698.73,38648.37,ZRX/USD
1.04,1.04,1.02,1.04,1519200000,17841.05,18407.33,ZRX/USD
1.04,1.05,1.03,1.04,1519203600,44261.66,46144.74,ZRX/USD
1.03,1.05,1.02,1.04,1519207200,68905.48,70680.69,ZRX/USD
1.03,1.04,1.02,1.03,1519210800,26798.46,27711.87,ZRX/USD
1.03,1.07,1.03,1.03,1519214400,7199.04,7458.93,ZRX/USD
1.01,1.04,0.9983,1.03,1519218000,40193.53,41013.83,ZRX/USD
0.9768,1.02,0.9716,1.01,1519221600,33169.83,33090.89,ZRX/USD
0.9566,0.9884,0.9544,0.9768,1519225200,336984.56,323501.28,ZRX/USD
0.9148,0.9575,0.907,0.9566,1519228800,171732.15,159403.81,ZRX/USD
0.93,0.9949,0.9145,0.9148,1519232400,92476.6,85461.77,ZRX/USD
0.9443,0.9865,0.9297,0.93,1519236000,53338.36,50856.93,ZRX/USD
0.9409,0.9554,0.934,0.9443,1519239600,49387.07,46453.92,ZRX/USD
0.9255,0.9441,0.9157,0.9409,1519243200,30744.13,28807.92,ZRX/USD
0.9294,0.942,0.9196,0.9255,1519246800,15064.47,14163.86,ZRX/USD
0.9473,0.9505,0.9256,0.9289,1519250400,14305.73,13959.53,ZRX/USD
0.9461,0.9584,0.9364,0.9473,1519254000,40631.83,38747.96,ZRX/USD
0.9488,0.9495,0.9285,0.9461,1519257600,44849.67,41764.8,ZRX/USD
0.9655,0.9696,0.9472,0.9491,1519261200,26056.6,24920.36,ZRX/USD
0.9765,0.9876,0.9599,0.9655,1519264800,22341.22,21711.76,ZRX/USD
0.9806,0.9836,0.9528,0.9765,1519268400,90260.89,86611.46,ZRX/USD
0.9809,1.02,0.9515,0.9815,1519272000,7122.35,6913.18,ZRX/USD
0.9981,0.9983,0.9787,0.9809,1519275600,18194.55,18399.95,ZRX/USD
0.9995,1.01,0.9913,0.9981,1519279200,50591.83,50730.04,ZRX/USD
0.9688,1.01,0.9687,0.9993,1519282800,14343.03,14528.88,ZRX/USD
0.9467,0.9756,0.9445,0.9705,1519286400,17486.38,16908.68,ZRX/USD
0.916,0.9467,0.9149,0.9467,1519290000,29599.63,27459.5,ZRX/USD
0.9102,0.9268,0.9027,0.9143,1519293600,34360.58,31434.04,ZRX/USD
0.9331,0.939,0.9073,0.9102,1519297200,38745.82,35967.34,ZRX/USD
0.8896,0.9371,0.8808,0.9329,1519300800,66540.68,60486.5,ZRX/USD
0.8742,0.9002,0.8481,0.8896,1519304400,57357.49,49462.99,ZRX/USD
0.8774,0.8925,0.8574,0.8731,1519308000,16827.77,14903.56,ZRX/USD
0.901,0.901,0.8723,0.8774,1519311600,28121.39,24908.68,ZRX/USD
0.886,0.9245,0.8766,0.901,1519315200,11284.87,10193.79,ZRX/USD
0.8689,0.8962,0.8654,0.8816,1519318800,53822.28,46658.06,ZRX/USD
0.8791,0.8897,0.868,0.8689,1519322400,5373.02,4763.15,ZRX/USD
0.8894,0.897,0.8736,0.8818,1519326000,28472.58,25411.38,ZRX/USD
0.9009,0.9033,0.8889,0.8894,1519329600,15830.91,14169.95,ZRX/USD
0.8889,0.9137,0.8799,0.9009,1519333200,24033.39,22102.11,ZRX/USD
0.909,0.9408,0.8842,0.8887,1519336800,8974.06,8213.84,ZRX/USD
0.9135,0.9248,0.9069,0.9088,1519340400,11434.32,10630.54,ZRX/USD
0.8767,0.9173,0.8725,0.9135,1519344000,26758.1,23810.16,ZRX/USD
0.8842,0.8876,0.8615,0.8767,1519347600,20527.49,17892.19,ZRX/USD
0.8874,0.8896,0.8652,0.8842,1519351200,112708.01,97003.87,ZRX/USD
0.8917,0.896,0.8787,0.8874,1519354800,66004.91,58368.66,ZRX/USD
0.8892,0.9059,0.885,0.8917,1519358400,21991.14,19551.03,ZRX/USD
0.8961,0.906,0.8851,0.8892,1519362000,19244.4,17183.45,ZRX/USD
0.9012,0.9034,0.8876,0.8953,1519365600,10201.81,9202.67,ZRX/USD
0.9084,0.9119,0.8926,0.9009,1519369200,22588.48,20404.75,ZRX/USD
0.9194,0.9408,0.9019,0.9084,1519372800,11831.18,10849.95,ZRX/USD
0.9384,0.9473,0.9124,0.9194,1519376400,33645.63,31735.3,ZRX/USD
0.9251,0.945,0.9237,0.9411,1519380000,12124.61,11497.91,ZRX/USD
0.9447,0.9591,0.9207,0.924,1519383600,10902.63,10327.75,ZRX/USD
0.9478,0.9552,0.9328,0.9447,1519387200,14566.85,13752.12,ZRX/USD
0.9477,0.9587,0.9402,0.9478,1519390800,9663.59,9235.67,ZRX/USD
0.9571,0.9688,0.9457,0.9477,1519394400,76454.16,73064.25,ZRX/USD
0.9852,0.9854,0.9571,0.9571,1519398000,17828.57,17412.24,ZRX/USD
0.9571,0.9862,0.9565,0.9852,1519401600,58237.87,56669.99,ZRX/USD
0.9477,0.9657,0.9339,0.9582,1519405200,11535.81,10970.62,ZRX/USD
0.9515,0.9708,0.9445,0.9473,1519408800,4495.85,4317.25,ZRX/USD
0.9476,0.9676,0.9372,0.9515,1519412400,7141.79,6824.49,ZRX/USD
0.9539,0.9701,0.9346,0.9511,1519416000,17385.44,16547.19,ZRX/USD
0.9533,0.9676,0.9419,0.9539,1519419600,7557.68,7248.99,ZRX/USD
0.9772,0.9841,0.9512,0.9521,1519423200,8034.69,7815.57,ZRX/USD
0.9853,0.9926,0.9772,0.9772,1519426800,35175.05,34575.95,ZRX/USD
0.9985,1.01,0.9594,0.9853,1519430400,21036.92,20863.06,ZRX/USD
0.9948,1.01,0.9851,0.9985,1519434000,11877.43,11845.27,ZRX/USD
1.02,1.02,0.9946,0.9982,1519437600,181732.94,181807.09,ZRX/USD
1.04,1.06,1.01,1.02,1519441200,83134.75,86324.29,ZRX/USD
1.01,1.04,1.01,1.04,1519444800,23319.93,24089.18,ZRX/USD
1.0,1.02,0.9907,1.01,1519448400,36006.62,35800.9,ZRX/USD
0.9783,1.0,0.9739,1.0,1519452000,18518.51,18309.37,ZRX/USD
0.9464,0.9781,0.9449,0.9772,1519455600,45280.69,43338.85,ZRX/USD
0.9377,0.9681,0.9322,0.9456,1519459200,6841.85,6394.03,ZRX/USD
0.9441,0.9719,0.9377,0.9378,1519462800,1059.08,1026.15,ZRX/USD
0.9038,0.9445,0.8986,0.9441,1519466400,33235.32,30784.86,ZRX/USD
0.9174,0.922,0.8998,0.9038,1519470000,10338.51,9492.98,ZRX/USD
0.9511,0.9511,0.909,0.9174,1519473600,15643.07,14692.43,ZRX/USD
0.9251,0.9511,0.9147,0.9511,1519477200,6537.62,6221.7,ZRX/USD
0.9279,0.9364,0.9065,0.9193,1519480800,23849.38,22135.87,ZRX/USD
0.9315,0.9577,0.922,0.9279,1519484400,25554.5,23661.38,ZRX/USD
0.9556,0.9604,0.918,0.9315,1519488000,16376.0,15177.56,ZRX/USD
0.9142,0.9581,0.9121,0.9556,1519491600,17770.41,16306.3,ZRX/USD
0.9129,0.9234,0.9067,0.9142,1519495200,6110.35,5698.01,ZRX/USD
0.9051,0.9312,0.9049,0.9129,1519498800,9564.62,8780.39,ZRX/USD
0.8858,0.9068,0.8851,0.9068,1519502400,29916.65,26588.2,ZRX/USD
0.8963,0.9,0.8858,0.8858,1519506000,1845.83,1665.85,ZRX/USD
0.9067,0.9144,0.8919,0.8973,1519509600,27893.1,25382.54,ZRX/USD
0.9194,0.9254,0.906,0.9067,1519513200,11108.12,10289.3,ZRX/USD
0.9169,0.9277,0.9087,0.9194,1519516800,17773.6,16433.38,ZRX/USD
0.9459,0.9482,0.9161,0.9169,1519520400,53418.1,50121.72,ZRX/USD
0.9318,0.9596,0.921,0.9459,1519524000,19716.4,18621.71,ZRX/USD
0.9293,0.9356,0.9153,0.9318,1519527600,6636.22,6211.27,ZRX/USD
0.9425,0.9465,0.9264,0.9279,1519531200,9675.03,9100.69,ZRX/USD
0.9374,0.962,0.9303,0.9425,1519534800,2176.53,2076.74,ZRX/USD
0.9536,0.9641,0.9346,0.9374,1519538400,47536.89,45352.52,ZRX/USD
0.9561,0.9659,0.9531,0.9536,1519542000,11747.78,11303.38,ZRX/USD
0.9461,0.9648,0.9461,0.9572,1519545600,19794.54,18891.74,ZRX/USD
0.9467,0.9561,0.9402,0.9461,1519549200,47299.39,44329.8,ZRX/USD
0.9513,0.9583,0.941,0.9467,1519552800,18741.18,17717.4,ZRX/USD
0.965,0.965,0.9496,0.9513,1519556400,15388.89,14816.18,ZRX/USD
0.968,0.9848,0.9588,0.965,1519560000,37382.0,36579.22,ZRX/USD
0.9633,0.9836,0.9484,0.968,1519563600,17182.76,16640.6,ZRX/USD
0.9744,1.01,0.9634,0.9634,1519567200,85942.01,85186.75,ZRX/USD
0.9489,0.9744,0.9405,0.9744,1519570800,28166.84,26889.35,ZRX/USD
0.9329,0.9578,0.928,0.9489,1519574400,5628.39,5304.45,ZRX/USD
0.9903,1.01,0.9257,0.9331,1519578000,119193.69,116932.27,ZRX/USD
1.0,1.0,0.9628,0.9903,1519581600,92615.8,90869.99,ZRX/USD
0.9942,1.0,0.9681,1.0,1519585200,60371.14,59420.52,ZRX/USD
0.9928,1.0,0.9859,0.9942,1519588800,12799.38,12709.82,ZRX/USD
0.996,0.9994,0.9851,0.9903,1519592400,8168.92,8097.26,ZRX/USD
0.9892,0.9994,0.9773,0.996,1519596000,54650.26,53866.04,ZRX/USD
0.9771,0.9952,0.9727,0.9892,1519599600,53411.45,52133.13,ZRX/USD
0.9822,0.9878,0.9744,0.9771,1519603200,6549.6,6548.24,ZRX/USD
0.9814,1.0,0.9755,0.9822,1519606800,7362.47,7268.92,ZRX/USD
0.9817,0.9974,0.9768,0.9814,1519610400,6153.98,6177.25,ZRX/USD
0.9813,1.01,0.9761,0.9817,1519614000,7260.5,7186.68,ZRX/USD
0.9734,0.9987,0.9691,0.9913,1519617600,8066.53,7967.57,ZRX/USD
0.9681,0.9784,0.965,0.9734,1519621200,11213.18,10988.15,ZRX/USD
0.9485,0.9676,0.948,0.9669,1519624800,35964.63,34506.78,ZRX/USD
0.9585,0.9598,0.9481,0.9505,1519628400,36245.84,34511.51,ZRX/USD
0.9752,0.9769,0.9475,0.9585,1519632000,7828.22,7595.56,ZRX/USD
0.9554,0.9795,0.9523,0.9752,1519635600,10170.19,9749.0,ZRX/USD
0.9743,0.9874,0.9554,0.9554,1519639200,5832.88,5726.17,ZRX/USD
0.9751,0.9864,0.9674,0.9743,1519642800,25094.47,24448.8,ZRX/USD
0.9778,0.978,0.9632,0.9751,1519646400,6669.03,6499.13,ZRX/USD
0.9934,1.0,0.9775,0.9778,1519650000,155393.39,154639.76,ZRX/USD
1.04,1.04,0.9895,0.9934,1519653600,92201.79,93364.85,ZRX/USD
1.08,1.08,1.03,1.04,1519657200,99469.32,104548.36,ZRX/USD
1.04,1.09,1.04,1.08,1519660800,138563.3,148197.01,ZRX/USD
1.03,1.04,1.0,1.04,1519664400,207668.12,209794.73,ZRX/USD
1.03,1.03,1.02,1.03,1519668000,7455.4,7655.56,ZRX/USD
1.03,1.03,1.02,1.03,1519671600,2951.1,3042.97,ZRX/USD
1.03,1.04,1.01,1.03,1519675200,22384.46,22710.8,ZRX/USD
1.02,1.03,1.02,1.03,1519678800,51519.74,52755.75,ZRX/USD
1.03,1.03,1.01,1.02,1519682400,15728.01,16009.14,ZRX/USD
1.03,1.04,1.02,1.03,1519686000,7547.47,7795.34,ZRX/USD
1.04,1.05,1.03,1.03,1519689600,13783.8,14392.87,ZRX/USD
1.01,1.04,1.01,1.04,1519693200,15870.11,16246.74,ZRX/USD
1.01,1.02,0.9886,1.01,1519696800,26582.46,26702.68,ZRX/USD
1.03,1.03,0.9956,1.01,1519700400,13996.03,14278.01,ZRX/USD
1.04,1.04,1.03,1.03,1519704000,28254.85,29183.6,ZRX/USD
1.03,1.04,1.03,1.04,1519707600,21219.49,21930.7,ZRX/USD
1.04,1.04,1.03,1.03,1519711200,25548.65,26586.01,ZRX/USD
1.05,1.05,1.04,1.04,1519714800,21077.03,22018.14,ZRX/USD
1.06,1.07,1.05,1.05,1519718400,41529.5,43953.16,ZRX/USD
1.06,1.06,1.05,1.06,1519722000,10428.5,11073.57,ZRX/USD
1.05,1.07,1.05,1.06,1519725600,137320.39,144706.51,ZRX/USD
1.05,1.06,1.05,1.05,1519729200,114850.79,120657.4,ZRX/USD
1.07,1.07,1.05,1.05,1519732800,50354.35,53418.71,ZRX/USD
1.09,1.09,1.07,1.07,1519736400,281136.94,301379.01,ZRX/USD
1.14,1.14,1.09,1.09,1519740000,197642.34,221492.95,ZRX/USD
1.04,1.15,1.02,1.14,1519743600,173723.72,188138.82,ZRX/USD
1.02,1.04,1.02,1.04,1519747200,52269.18,53626.77,ZRX/USD
1.0,1.02,1.0,1.02,1519750800,71899.1,72224.38,ZRX/USD
1.01,1.01,0.9986,1.0,1519754400,58007.62,58225.95,ZRX/USD
1.01,1.02,1.0,1.01,1519758000,49434.79,49927.76,ZRX/USD
1.01,1.02,1.01,1.01,1519761600,20590.41,20803.67,ZRX/USD
1.02,1.03,1.0,1.01,1519765200,28135.43,28478.63,ZRX/USD
0.9985,1.02,0.991,1.02,1519768800,29669.1,29826.98,ZRX/USD
0.9934,0.9994,0.9831,0.9985,1519772400,47496.88,47354.22,ZRX/USD
0.9922,0.9936,0.9833,0.9934,1519776000,22734.2,22525.31,ZRX/USD
0.9949,1.0,0.9865,0.9925,1519779600,18071.56,17936.3,ZRX/USD
0.9879,1.01,0.9821,0.9949,1519783200,18778.73,18576.07,ZRX/USD
1.01,1.02,0.9826,0.9876,1519786800,36497.95,36757.97,ZRX/USD
1.01,1.01,1.0,1.01,1519790400,13793.96,14002.77,ZRX/USD
1.0,1.01,1.0,1.01,1519794000,20632.03,20754.24,ZRX/USD
0.9918,1.01,0.9888,1.0,1519797600,40363.56,40567.57,ZRX/USD
0.982,0.9911,0.98,0.9911,1519801200,29887.18,29453.57,ZRX/USD
0.9627,0.9852,0.9619,0.982,1519804800,29947.48,29052.09,ZRX/USD
0.9582,0.9634,0.9464,0.9627,1519808400,53303.78,50925.86,ZRX/USD
0.9576,0.9639,0.9513,0.9584,1519812000,20235.26,19387.52,ZRX/USD
0.9632,0.9706,0.9569,0.9576,1519815600,5034.48,4856.72,ZRX/USD
0.9392,0.9633,0.9383,0.9632,1519819200,20408.52,19460.71,ZRX/USD
0.9411,0.9601,0.9293,0.9386,1519822800,14331.26,13580.88,ZRX/USD
0.9473,0.953,0.9302,0.9428,1519826400,33091.05,31276.44,ZRX/USD
0.9631,0.9676,0.9472,0.9473,1519830000,17067.0,16448.07,ZRX/USD
0.9493,0.9697,0.947,0.9638,1519833600,8172.79,7832.67,ZRX/USD
0.9591,0.9636,0.9484,0.9494,1519837200,9125.0,8764.19,ZRX/USD
0.9645,0.9665,0.9575,0.9591,1519840800,11937.12,11482.74,ZRX/USD
0.9462,0.969,0.9366,0.9645,1519844400,23179.38,22136.02,ZRX/USD
0.9513,0.9641,0.9462,0.9462,1519848000,18235.97,17466.22,ZRX/USD
0.9452,0.9589,0.9452,0.9513,1519851600,23709.65,22625.18,ZRX/USD
0.9347,0.952,0.9346,0.9452,1519855200,18339.88,17195.57,ZRX/USD
0.9154,0.9383,0.9147,0.9345,1519858800,42288.94,38860.08,ZRX/USD
0.9104,0.9218,0.9049,0.9154,1519862400,69975.01,63497.23,ZRX/USD
0.8919,0.9349,0.8794,0.909,1519866000,19877.23,17776.46,ZRX/USD
0.8913,0.9373,0.8807,0.8919,1519869600,11977.77,10795.05,ZRX/USD
0.9054,0.9088,0.8904,0.8913,1519873200,52414.83,47051.51,ZRX/USD
0.9246,0.9328,0.9049,0.9054,1519876800,19819.03,18273.08,ZRX/USD
0.9153,0.9267,0.9153,0.9246,1519880400,7629.07,7004.34,ZRX/USD
0.8996,0.9187,0.8987,0.9153,1519884000,28799.53,26104.48,ZRX/USD
0.9168,0.931,0.8992,0.8996,1519887600,7375.55,6785.93,ZRX/USD
0.9286,0.9381,0.9168,0.9173,1519891200,15239.67,14236.7,ZRX/USD
0.9347,0.9472,0.926,0.9286,1519894800,7804.82,7299.35,ZRX/USD
0.9391,0.9498,0.9338,0.9338,1519898400,23163.85,21881.42,ZRX/USD
0.9402,0.9486,0.9368,0.9426,1519902000,61983.23,58318.59,ZRX/USD
0.9401,0.9447,0.9363,0.9402,1519905600,51400.34,48316.77,ZRX/USD
0.9707,0.9722,0.9388,0.9401,1519909200,32211.04,30773.39,ZRX/USD
0.9633,0.9785,0.9548,0.9719,1519912800,71336.29,68809.88,ZRX/USD
0.9492,0.9687,0.9421,0.9642,1519916400,27795.23,26412.47,ZRX/USD
0.9489,0.9596,0.9439,0.9492,1519920000,14763.29,14047.64,ZRX/USD
0.9629,0.9631,0.9432,0.9489,1519923600,39788.42,37877.34,ZRX/USD
0.973,0.9775,0.9606,0.9629,1519927200,23703.34,22961.76,ZRX/USD
0.9483,0.9762,0.9448,0.9726,1519930800,41207.51,39641.94,ZRX/USD
0.966,0.9673,0.9473,0.9483,1519934400,17137.85,16394.99,ZRX/USD
0.9505,0.9663,0.9471,0.966,1519938000,24922.41,23913.76,ZRX/USD
0.9594,0.9611,0.9445,0.9505,1519941600,281415.08,268850.0,ZRX/USD
0.9659,0.9717,0.9584,0.9591,1519945200,9406.81,9095.62,ZRX/USD
0.9712,0.973,0.9607,0.9652,1519948800,8162.05,7914.2,ZRX/USD
0.9987,0.999,0.971,0.9712,1519952400,38854.75,38247.43,ZRX/USD
1.0,1.01,0.9961,0.9987,1519956000,44262.77,44457.39,ZRX/USD
0.9935,1.01,0.9924,1.0,1519959600,20697.68,20914.44,ZRX/USD
0.9803,0.9948,0.9752,0.9935,1519963200,18901.08,18647.25,ZRX/USD
0.9872,0.9938,0.973,0.9803,1519966800,10926.86,10833.58,ZRX/USD
1.0,1.0,0.9863,0.9872,1519970400,13629.21,13577.54,ZRX/USD
0.9752,1.0,0.9746,0.9999,1519974000,22368.84,22078.85,ZRX/USD
0.9689,0.9779,0.966,0.9752,1519977600,19999.09,19468.17,ZRX/USD
0.9447,0.9715,0.9418,0.9689,1519981200,40113.05,38465.07,ZRX/USD
0.9484,0.9541,0.9334,0.9447,1519984800,16310.9,15354.13,ZRX/USD
0.9796,0.983,0.9463,0.9484,1519988400,56784.56,55223.98,ZRX/USD
0.9667,0.9869,0.9617,0.9796,1519992000,113919.97,110837.72,ZRX/USD
0.958,0.9716,0.9535,0.9665,1519995600,83818.43,80289.88,ZRX/USD
0.9421,0.9585,0.9348,0.9583,1519999200,35659.77,33790.42,ZRX/USD
0.9427,0.9521,0.9421,0.9421,1520002800,11409.15,10758.88,ZRX/USD
0.9358,0.9496,0.9321,0.9427,1520006400,8843.57,8357.69,ZRX/USD
0.9412,0.9461,0.9344,0.9358,1520010000,33181.84,31177.16,ZRX/USD
0.9413,0.9483,0.94,0.9412,1520013600,6387.73,6045.59,ZRX/USD
0.9394,0.965,0.939,0.9413,1520017200,7630.67,7193.15,ZRX/USD
0.9381,0.9495,0.9356,0.9399,1520020800,27897.01,26329.11,ZRX/USD
0.9411,0.9637,0.9369,0.9374,1520024400,2772.67,2660.08,ZRX/USD
0.9499,0.965,0.94,0.9411,1520028000,30630.45,28823.93,ZRX/USD
0.9425,0.9539,0.9399,0.9493,1520031600,10282.18,9767.1,ZRX/USD
0.9466,0.953,0.938,0.9434,1520035200,31774.36,29882.13,ZRX/USD
0.9505,0.9659,0.9434,0.9466,1520038800,47893.81,45705.2,ZRX/USD
0.9702,0.9718,0.9494,0.9505,1520042400,17927.74,17240.76,ZRX/USD
0.969,0.9788,0.9669,0.9702,1520046000,19924.56,19315.66,ZRX/USD
0.9665,0.9805,0.9521,0.969,1520049600,45372.42,43544.9,ZRX/USD
0.9563,0.9677,0.9542,0.9665,1520053200,24652.43,23844.52,ZRX/USD
0.9507,0.9649,0.9494,0.9563,1520056800,11714.47,11236.21,ZRX/USD
0.9484,0.9557,0.9471,0.9507,1520060400,28983.14,27517.67,ZRX/USD
0.9505,0.9658,0.9403,0.9484,1520064000,18365.81,17415.6,ZRX/USD
0.9471,0.9653,0.9422,0.9505,1520067600,11710.65,11112.64,ZRX/USD
0.946,0.9477,0.9404,0.9471,1520071200,14192.62,13406.0,ZRX/USD
0.9496,0.9523,0.9422,0.9454,1520074800,1861.91,1774.81,ZRX/USD
0.9494,0.9529,0.9414,0.9496,1520078400,6750.91,6401.45,ZRX/USD
0.9497,0.956,0.9426,0.9497,1520082000,2744.72,2604.53,ZRX/USD
0.9458,0.9519,0.9457,0.9497,1520085600,52225.36,49462.61,ZRX/USD
0.9347,0.949,0.9337,0.9458,1520089200,31483.75,29523.73,ZRX/USD
0.9321,0.9365,0.9311,0.9347,1520092800,37257.01,34641.14,ZRX/USD
0.935,0.936,0.9275,0.9321,1520096400,31862.48,29597.18,ZRX/USD
0.9189,0.9354,0.9149,0.935,1520100000,73983.17,67974.33,ZRX/USD
0.9293,0.9311,0.916,0.9189,1520103600,13695.42,12671.11,ZRX/USD
0.9197,0.9315,0.9108,0.9302,1520107200,34832.21,31986.2,ZRX/USD
0.9132,0.9237,0.9132,0.9197,1520110800,15189.16,13940.42,ZRX/USD
0.9203,0.9246,0.9096,0.9132,1520114400,9984.41,9112.23,ZRX/USD
0.925,0.9398,0.9174,0.9203,1520118000,12998.44,12073.07,ZRX/USD
0.919,0.9278,0.9172,0.925,1520121600,16969.77,15720.02,ZRX/USD
0.9263,0.9263,0.9117,0.918,1520125200,12530.15,11585.22,ZRX/USD
0.9233,0.9388,0.9114,0.9219,1520128800,7017.14,6450.84,ZRX/USD
0.8987,0.9408,0.8942,0.9255,1520132400,22004.94,19921.23,ZRX/USD
0.8997,0.9048,0.891,0.8987,1520136000,70186.36,62361.3,ZRX/USD
0.9072,0.9222,0.899,0.8997,1520139600,7801.05,7118.22,ZRX/USD
0.9088,0.9235,0.9046,0.9082,1520143200,5751.42,5208.24,ZRX/USD
0.9055,0.9205,0.8975,0.9152,1520146800,5081.55,4589.07,ZRX/USD
0.9017,0.919,0.8929,0.9026,1520150400,6159.16,5580.92,ZRX/USD
0.9094,0.913,0.9,0.901,1520154000,1878.8,1711.63,ZRX/USD
0.8999,0.9183,0.8999,0.9094,1520157600,16031.68,14556.88,ZRX/USD
0.9052,0.9127,0.8968,0.8998,1520161200,14969.99,13614.62,ZRX/USD
0.9148,0.9176,0.8972,0.9052,1520164800,5134.96,4687.38,ZRX/USD
0.915,0.9301,0.9085,0.915,1520168400,8138.36,7505.13,ZRX/USD
0.9154,0.9264,0.9088,0.9144,1520172000,14053.98,12886.6,ZRX/USD
0.9075,0.9303,0.9074,0.9154,1520175600,33365.4,30409.07,ZRX/USD
0.8988,0.908,0.8929,0.9062,1520179200,19746.61,17804.25,ZRX/USD
0.9107,0.9214,0.899,0.8999,1520182800,30151.73,27301.29,ZRX/USD
0.9253,0.9274,0.9107,0.9107,1520186400,7874.32,7236.5,ZRX/USD
0.9212,0.9281,0.9193,0.9253,1520190000,12047.04,11115.8,ZRX/USD
0.9304,0.9305,0.9215,0.9242,1520193600,9097.26,8442.67,ZRX/USD
0.9273,0.9309,0.9216,0.9258,1520197200,18726.6,17240.89,ZRX/USD
0.9217,0.9281,0.9153,0.9273,1520200800,23700.41,21648.0,ZRX/USD
0.9276,0.9315,0.9206,0.9217,1520204400,18519.87,17171.83,ZRX/USD
0.9252,0.93,0.9123,0.9276,1520208000,22201.28,20311.61,ZRX/USD
0.9278,0.9338,0.9252,0.9252,1520211600,4448.18,4137.34,ZRX/USD
0.9254,0.9331,0.9182,0.9278,1520215200,8512.62,7834.54,ZRX/USD
0.9394,0.9399,0.9254,0.9254,1520218800,10660.58,9971.93,ZRX/USD
0.9334,0.9462,0.9314,0.9359,1520222400,6577.39,6162.8,ZRX/USD
0.9282,0.9371,0.9225,0.9334,1520226000,12721.92,11852.81,ZRX/USD
0.924,0.9426,0.9193,0.9325,1520229600,20859.3,19289.58,ZRX/USD
0.9214,0.928,0.9171,0.9195,1520233200,6780.43,6236.86,ZRX/USD
0.906,0.9202,0.906,0.9176,1520236800,21625.89,19742.97,ZRX/USD
0.9102,0.9213,0.906,0.906,1520240400,9966.04,9059.56,ZRX/USD
0.9096,0.915,0.906,0.9102,1520244000,5448.62,4984.85,ZRX/USD
0.9106,0.9202,0.9078,0.9105,1520247600,5718.84,5252.83,ZRX/USD
0.9143,0.92,0.9106,0.9106,1520251200,13018.94,11978.17,ZRX/USD
0.913,0.9284,0.9096,0.9143,1520254800,62873.16,57662.1,ZRX/USD
0.911,0.9222,0.9104,0.913,1520258400,11277.31,10338.59,ZRX/USD
0.9103,0.9156,0.9089,0.911,1520262000,12180.78,11080.47,ZRX/USD
0.9058,0.9151,0.9042,0.9103,1520265600,24713.01,22397.6,ZRX/USD
0.9123,0.9159,0.9043,0.9058,1520269200,6058.48,5538.84,ZRX/USD
0.9139,0.9188,0.9058,0.9123,1520272800,8818.69,8075.61,ZRX/USD
0.9174,0.9221,0.9123,0.9178,1520276400,21510.87,19697.26,ZRX/USD
0.8931,0.9208,0.8918,0.9174,1520280000,33179.79,29942.17,ZRX/USD
0.8964,0.9067,0.8917,0.8952,1520283600,14413.13,12922.67,ZRX/USD
0.9002,0.9057,0.8947,0.8999,1520287200,19447.97,17535.61,ZRX/USD
0.8897,0.9063,0.8897,0.8999,1520290800,26631.3,23815.47,ZRX/USD
0.886,0.8903,0.8734,0.8897,1520294400,59521.57,52354.64,ZRX/USD
0.8736,0.8934,0.8732,0.886,1520298000,18836.08,16459.7,ZRX/USD
0.8675,0.8767,0.8665,0.8736,1520301600,12642.99,10940.08,ZRX/USD
0.8684,0.8712,0.8628,0.8675,1520305200,16404.73,14129.9,ZRX/USD
0.8716,0.8986,0.8673,0.8703,1520308800,9621.11,8537.31,ZRX/USD
0.894,0.8967,0.8689,0.872,1520312400,8921.98,7959.58,ZRX/USD
0.8818,0.8986,0.8711,0.8919,1520316000,7715.01,6780.57,ZRX/USD
0.8749,0.8944,0.8742,0.8812,1520319600,35632.56,31250.95,ZRX/USD
0.8739,0.9,0.8739,0.8749,1520323200,4924.77,4384.03,ZRX/USD
0.8863,0.8958,0.8733,0.8741,1520326800,6925.86,6100.84,ZRX/USD
0.8573,0.8861,0.8533,0.8839,1520330400,42008.36,36367.46,ZRX/USD
0.8483,0.8607,0.8447,0.8573,1520334000,20691.6,17653.91,ZRX/USD
0.8466,0.8529,0.8435,0.8483,1520337600,4417.94,3773.15,ZRX/USD
0.8338,0.8517,0.8331,0.8466,1520341200,14069.17,11810.81,ZRX/USD
0.8383,0.8482,0.8328,0.8333,1520344800,22495.37,19165.89,ZRX/USD
0.836,0.8532,0.8322,0.8385,1520348400,5592.28,4720.78,ZRX/USD
0.8372,0.8445,0.8339,0.836,1520352000,1814.55,1519.51,ZRX/USD
0.825,0.8419,0.821,0.8405,1520355600,29927.09,24715.35,ZRX/USD
0.7994,0.8296,0.7991,0.8256,1520359200,43357.87,35282.48,ZRX/USD
0.7867,0.8006,0.7739,0.7994,1520362800,264720.72,205873.69,ZRX/USD
0.7866,0.7951,0.7828,0.7866,1520366400,23965.39,18964.44,ZRX/USD
0.8008,0.8008,0.786,0.7866,1520370000,16006.35,12743.46,ZRX/USD
0.7972,0.8011,0.7911,0.8001,1520373600,7629.59,6071.29,ZRX/USD
0.7835,0.7976,0.7804,0.7972,1520377200,18761.29,14770.3,ZRX/USD
0.7937,0.8021,0.783,0.7836,1520380800,33927.89,26832.41,ZRX/USD
0.7951,0.798,0.7888,0.7937,1520384400,5012.63,3977.52,ZRX/USD
0.7953,0.8092,0.7876,0.7951,1520388000,14729.51,11742.01,ZRX/USD
0.7939,0.8071,0.7884,0.7953,1520391600,13299.56,10528.24,ZRX/USD
0.7953,0.803,0.7886,0.7939,1520395200,4762.45,3788.02,ZRX/USD
0.7883,0.8083,0.7876,0.7939,1520398800,28134.67,22286.09,ZRX/USD
0.7883,0.798,0.7876,0.7876,1520402400,77667.06,61167.43,ZRX/USD
0.7815,0.7893,0.775,0.7878,1520406000,77352.84,60696.07,ZRX/USD
0.7727,0.7864,0.7691,0.7815,1520409600,17111.52,13389.85,ZRX/USD
0.7609,0.7735,0.7592,0.7727,1520413200,13438.67,10327.11,ZRX/USD
0.7643,0.7699,0.7587,0.7609,1520416800,11048.45,8487.34,ZRX/USD
0.7717,0.7753,0.7631,0.7649,1520420400,10805.16,8357.88,ZRX/USD
0.7718,0.7838,0.7709,0.7709,1520424000,8996.06,6969.53,ZRX/USD
0.7664,0.7744,0.7627,0.7718,1520427600,11553.21,8968.27,ZRX/USD
0.7527,0.7701,0.7515,0.7675,1520431200,88321.02,66465.19,ZRX/USD
0.7531,0.7599,0.7516,0.7527,1520434800,31117.12,23355.23,ZRX/USD
0.703,0.7564,0.7016,0.7526,1520438400,136781.24,98876.25,ZRX/USD
0.6798,0.712,0.6707,0.703,1520442000,200902.54,137531.31,ZRX/USD
0.7061,0.7101,0.6786,0.6798,1520445600,132069.58,91411.57,ZRX/USD
0.7075,0.7088,0.697,0.7061,1520449200,48153.73,33651.18,ZRX/USD
0.6907,0.7087,0.6895,0.7078,1520452800,34409.3,23884.31,ZRX/USD
0.7086,0.7086,0.6875,0.6907,1520456400,57368.82,40100.99,ZRX/USD
0.7066,0.7165,0.6932,0.7086,1520460000,57017.74,39803.58,ZRX/USD
0.6983,0.7273,0.6954,0.7061,1520463600,21085.2,14803.67,ZRX/USD
0.7045,0.7182,0.6982,0.6987,1520467200,7836.64,5649.87,ZRX/USD
0.6889,0.7315,0.688,0.7045,1520470800,45402.98,31342.81,ZRX/USD
0.6724,0.689,0.672,0.6889,1520474400,20218.24,13835.82,ZRX/USD
0.6832,0.6932,0.6721,0.6724,1520478000,16433.47,11474.65,ZRX/USD
0.6934,0.6943,0.6736,0.6842,1520481600,8452.85,5912.12,ZRX/USD
0.6883,0.7076,0.6878,0.6934,1520485200,12935.9,8958.06,ZRX/USD
0.6791,0.6896,0.6768,0.6875,1520488800,30667.22,20905.04,ZRX/USD
0.6933,0.6984,0.6763,0.6791,1520492400,65261.49,45003.94,ZRX/USD
0.6941,0.7103,0.6911,0.6933,1520496000,8157.96,5702.1,ZRX/USD
0.7092,0.7147,0.6898,0.6941,1520499600,64706.45,45277.3,ZRX/USD
0.7175,0.7208,0.7082,0.7082,1520503200,13839.43,9980.03,ZRX/USD
0.7342,0.744,0.7171,0.7173,1520506800,22123.45,16365.07,ZRX/USD
0.7179,0.7455,0.707,0.7342,1520510400,36083.63,25857.71,ZRX/USD
0.7109,0.7367,0.7087,0.7183,1520514000,14447.8,10347.88,ZRX/USD
0.6925,0.7302,0.6922,0.7109,1520517600,18582.73,13166.57,ZRX/USD
0.7184,0.7184,0.6922,0.6925,1520521200,12964.56,9298.53,ZRX/USD
0.6751,0.733,0.6735,0.7184,1520524800,14031.1,9804.01,ZRX/USD
0.6793,0.7179,0.6432,0.6751,1520528400,556781.56,376510.96,ZRX/USD
0.6507,0.6802,0.646,0.6793,1520532000,26502.36,17860.39,ZRX/USD
0.6622,0.6722,0.6467,0.6506,1520535600,23696.15,15446.11,ZRX/USD
0.6614,0.6637,0.653,0.6621,1520539200,38787.46,25491.17,ZRX/USD
0.6537,0.6767,0.6537,0.6614,1520542800,34560.27,22861.65,ZRX/USD
0.6423,0.6588,0.6423,0.6537,1520546400,36836.7,23819.14,ZRX/USD
0.6428,0.6491,0.6397,0.6423,1520550000,14631.21,9409.59,ZRX/USD
0.6438,0.667,0.6423,0.6423,1520553600,15460.01,10071.96,ZRX/USD
0.6252,0.6522,0.6123,0.6438,1520557200,73756.36,46280.74,ZRX/USD
0.6136,0.6275,0.6101,0.6252,1520560800,57882.82,35739.43,ZRX/USD
0.6158,0.6165,0.6078,0.6135,1520564400,50556.35,31442.22,ZRX/USD
0.5949,0.6161,0.5947,0.6158,1520568000,81514.31,49007.99,ZRX/USD
0.5791,0.6005,0.5775,0.5948,1520571600,26446.94,15657.78,ZRX/USD
0.5894,0.5897,0.5687,0.5791,1520575200,39928.07,23405.19,ZRX/USD
0.5849,0.5901,0.5762,0.5894,1520578800,16912.88,10125.58,ZRX/USD
0.5888,0.5927,0.5737,0.5849,1520582400,23452.0,13923.33,ZRX/USD
0.6004,0.6245,0.5752,0.5888,1520586000,50198.81,29227.28,ZRX/USD
0.5801,0.6014,0.5784,0.6003,1520589600,16761.51,10258.48,ZRX/USD
0.6139,0.6151,0.5806,0.5806,1520593200,35354.28,21265.51,ZRX/USD
0.6116,0.6252,0.6012,0.6138,1520596800,9700.63,6061.34,ZRX/USD
0.5818,0.6124,0.5814,0.6124,1520600400,80816.14,47630.35,ZRX/USD
0.6244,0.6244,0.5815,0.5818,1520604000,16675.38,10397.51,ZRX/USD
0.616,0.6279,0.6083,0.6244,1520607600,8317.41,5212.44,ZRX/USD
0.5947,0.6368,0.5876,0.6202,1520611200,32384.36,19579.36,ZRX/USD
0.5947,0.6104,0.5921,0.5947,1520614800,9824.39,5980.6,ZRX/USD
0.5982,0.6249,0.5921,0.5947,1520618400,17954.4,10932.17,ZRX/USD
0.5892,0.6201,0.5855,0.5982,1520622000,11083.43,6661.96,ZRX/USD
0.6074,0.6158,0.5877,0.5892,1520625600,18506.29,11189.18,ZRX/USD
0.6192,0.6273,0.6074,0.6074,1520629200,41067.2,25340.61,ZRX/USD
0.6323,0.6329,0.6105,0.6192,1520632800,31490.43,19635.43,ZRX/USD
0.6528,0.6546,0.6285,0.6323,1520636400,20128.48,13084.43,ZRX/USD
0.6544,0.6602,0.6479,0.6528,1520640000,8924.81,5966.39,ZRX/USD
0.6648,0.6706,0.6515,0.6515,1520643600,11406.66,7555.8,ZRX/USD
0.6671,0.6718,0.6581,0.6648,1520647200,21195.52,13990.3,ZRX/USD
0.6659,0.6828,0.658,0.6671,1520650800,10788.91,7258.07,ZRX/USD
0.6807,0.6897,0.6658,0.668,1520654400,11292.72,7680.65,ZRX/USD
0.6821,0.6872,0.6698,0.6807,1520658000,9877.52,6747.88,ZRX/USD
0.693,0.6935,0.6821,0.6821,1520661600,32070.74,22071.1,ZRX/USD
0.6842,0.6939,0.6825,0.693,1520665200,15031.4,10381.45,ZRX/USD
0.6816,0.6957,0.6816,0.6842,1520668800,11702.93,8072.59,ZRX/USD
0.6665,0.6881,0.6665,0.6836,1520672400,40896.12,27300.63,ZRX/USD
0.6683,0.676,0.6588,0.6678,1520676000,17444.07,11684.26,ZRX/USD
0.6694,0.6848,0.664,0.6695,1520679600,4008.99,2683.63,ZRX/USD
0.6674,0.6777,0.6599,0.671,1520683200,10318.08,6906.31,ZRX/USD
0.682,0.6861,0.6606,0.6665,1520686800,62540.81,42382.6,ZRX/USD
0.7089,0.709,0.6791,0.6816,1520690400,74060.74,51324.17,ZRX/USD
0.7225,0.7387,0.7073,0.7089,1520694000,135464.67,97928.86,ZRX/USD
0.7087,0.7342,0.7064,0.7225,1520697600,44007.86,31838.53,ZRX/USD
0.6919,0.7103,0.6829,0.7087,1520701200,44011.2,30409.63,ZRX/USD
0.6758,0.6926,0.6692,0.6919,1520704800,54465.35,36808.06,ZRX/USD
0.6914,0.6925,0.6705,0.6758,1520708400,20761.83,14179.51,ZRX/USD
0.6544,0.6921,0.6544,0.6914,1520712000,82837.8,55135.65,ZRX/USD
0.6578,0.6578,0.6438,0.6544,1520715600,45398.96,29465.24,ZRX/USD
0.6519,0.6578,0.6394,0.6578,1520719200,24676.11,16032.99,ZRX/USD
0.639,0.6594,0.6338,0.6519,1520722800,18372.29,11723.21,ZRX/USD
0.6078,0.6395,0.6078,0.6395,1520726400,28565.37,17740.03,ZRX/USD
0.6246,0.6284,0.6079,0.6079,1520730000,8122.61,5180.51,ZRX/USD
0.6525,0.6527,0.6217,0.6256,1520733600,6246.49,4016.43,ZRX/USD
0.6267,0.6525,0.6175,0.6525,1520737200,15140.21,9524.6,ZRX/USD
0.6269,0.6464,0.6201,0.6267,1520740800,5498.03,3525.9,ZRX/USD
0.6432,0.6462,0.6259,0.6269,1520744400,9549.94,6147.16,ZRX/USD
0.6415,0.6462,0.6391,0.6432,1520748000,27457.92,17552.45,ZRX/USD
0.6276,0.6443,0.6253,0.6415,1520751600,21536.2,13619.36,ZRX/USD
0.6506,0.6526,0.6256,0.627,1520755200,18421.92,11705.48,ZRX/USD
0.6215,0.6566,0.6215,0.6524,1520758800,18387.43,11721.48,ZRX/USD
0.642,0.642,0.6185,0.6215,1520762400,19088.62,12074.2,ZRX/USD
0.6427,0.6439,0.6207,0.642,1520766000,12374.96,7914.67,ZRX/USD
0.6487,0.6559,0.6432,0.6437,1520769600,45298.47,29501.85,ZRX/USD
0.6491,0.6581,0.6467,0.6487,1520773200,10487.68,6867.62,ZRX/USD
0.6478,0.6569,0.6444,0.6491,1520776800,11011.84,7190.74,ZRX/USD
0.6473,0.6555,0.6414,0.6478,1520780400,11240.73,7275.31,ZRX/USD
0.6494,0.6566,0.6443,0.6473,1520784000,5952.38,3867.13,ZRX/USD
0.6716,0.6716,0.6478,0.6505,1520787600,35890.21,23722.92,ZRX/USD
0.671,0.6731,0.6644,0.6716,1520791200,23204.98,15512.92,ZRX/USD
0.6695,0.6754,0.6649,0.6707,1520794800,24776.6,16601.46,ZRX/USD
0.6668,0.6769,0.6568,0.6695,1520798400,9775.19,6495.34,ZRX/USD
0.6697,0.7084,0.6666,0.6668,1520802000,112298.04,77480.7,ZRX/USD
0.6855,0.6878,0.6655,0.6691,1520805600,53352.01,36276.62,ZRX/USD
0.6849,0.6863,0.6834,0.6853,1520809200,53150.21,36276.37,ZRX/USD
0.7074,0.7079,0.6841,0.6849,1520812800,8732.04,6133.25,ZRX/USD
0.7057,0.713,0.7019,0.7074,1520816400,21795.65,15434.6,ZRX/USD
0.6979,0.7092,0.6927,0.7057,1520820000,10971.48,7716.62,ZRX/USD
0.6847,0.7055,0.6833,0.6979,1520823600,70464.59,48255.4,ZRX/USD
0.6896,0.6946,0.6832,0.6847,1520827200,12613.02,8666.88,ZRX/USD
0.6928,0.702,0.6889,0.6896,1520830800,2853.42,1994.1,ZRX/USD
0.6878,0.6996,0.6853,0.6928,1520834400,9658.13,6678.21,ZRX/USD
0.6868,0.6987,0.6842,0.6874,1520838000,8096.4,5564.99,ZRX/USD
0.6859,0.6881,0.6839,0.6868,1520841600,31319.84,21436.25,ZRX/USD
0.7009,0.7016,0.684,0.6859,1520845200,31720.56,22132.49,ZRX/USD
0.6921,0.7033,0.6895,0.7009,1520848800,12388.36,8687.02,ZRX/USD
0.6992,0.7059,0.6853,0.692,1520852400,14560.13,10094.85,ZRX/USD
0.6891,0.7054,0.6823,0.7054,1520856000,20363.25,14018.25,ZRX/USD
0.6875,0.6895,0.6812,0.689,1520859600,6839.78,4695.46,ZRX/USD
0.6336,0.6882,0.6254,0.6875,1520863200,212914.19,136183.34,ZRX/USD
0.629,0.6413,0.6264,0.6336,1520866800,60185.25,38385.43,ZRX/USD
0.6393,0.6456,0.6233,0.629,1520870400,23698.73,15071.85,ZRX/USD
0.6388,0.6522,0.6343,0.6393,1520874000,15259.22,9766.18,ZRX/USD
0.6462,0.6462,0.6387,0.6396,1520877600,4492.65,2908.83,ZRX/USD
0.6187,0.647,0.6157,0.6444,1520881200,26142.81,16274.81,ZRX/USD
0.6245,0.6262,0.6174,0.6187,1520884800,10726.54,6776.1,ZRX/USD
0.6307,0.6404,0.6238,0.6265,1520888400,36896.78,23280.44,ZRX/USD
0.6273,0.6353,0.6232,0.6308,1520892000,19796.29,12530.39,ZRX/USD
0.6394,0.6511,0.6258,0.6273,1520895600,8181.04,5262.74,ZRX/USD
0.6418,0.6418,0.6271,0.6372,1520899200,7584.8,4889.65,ZRX/USD
0.6437,0.6662,0.6337,0.6418,1520902800,29740.0,19058.86,ZRX/USD
0.6387,0.649,0.6349,0.6435,1520906400,4560.4,2924.48,ZRX/USD
0.6351,0.6417,0.621,0.6346,1520910000,28216.51,17636.98,ZRX/USD
0.6557,0.6557,0.6297,0.6351,1520913600,12935.66,8380.85,ZRX/USD
0.6587,0.6642,0.6555,0.6557,1520917200,5484.18,3632.38,ZRX/USD
0.6509,0.6661,0.6505,0.6587,1520920800,2285.81,1510.74,ZRX/USD
0.6345,0.6521,0.631,0.6507,1520924400,25392.55,16311.36,ZRX/USD
0.6298,0.6395,0.6243,0.6361,1520928000,10204.63,6518.53,ZRX/USD
0.6349,0.6448,0.629,0.629,1520931600,13583.11,8653.81,ZRX/USD
0.6105,0.6366,0.6105,0.6338,1520935200,15766.77,9861.9,ZRX/USD
0.6179,0.6256,0.606,0.61,1520938800,5982.29,3678.68,ZRX/USD
0.604,0.62,0.6013,0.6179,1520942400,32258.45,19440.81,ZRX/USD
0.6156,0.6266,0.6029,0.6029,1520946000,14319.43,8903.51,ZRX/USD
0.6154,0.628,0.614,0.6156,1520949600,5266.23,3285.9,ZRX/USD
0.6167,0.625,0.6065,0.6167,1520953200,19577.84,12057.62,ZRX/USD
0.6289,0.6333,0.6084,0.6167,1520956800,64433.1,39792.79,ZRX/USD
0.6234,0.6327,0.6175,0.6289,1520960400,6490.46,4079.93,ZRX/USD
0.6133,0.6272,0.6132,0.6239,1520964000,213560.5,131387.54,ZRX/USD
0.5942,0.6149,0.5895,0.6133,1520967600,90018.24,54178.58,ZRX/USD
0.5883,0.5957,0.5836,0.5942,1520971200,50689.99,29741.66,ZRX/USD
0.5883,0.5903,0.5822,0.5883,1520974800,17719.39,10471.67,ZRX/USD
0.5967,0.5997,0.5883,0.5883,1520978400,29104.98,17119.69,ZRX/USD
0.6016,0.6052,0.5942,0.5967,1520982000,1471.52,885.31,ZRX/USD
0.6085,0.6085,0.5934,0.6016,1520985600,13635.63,8112.18,ZRX/USD
0.6072,0.6127,0.6052,0.607,1520989200,2869.99,1750.42,ZRX/USD
0.61,0.6126,0.605,0.6072,1520992800,12248.97,7480.54,ZRX/USD
0.6192,0.6233,0.61,0.61,1520996400,6770.48,4174.17,ZRX/USD
0.6102,0.6192,0.6083,0.6192,1521000000,5736.8,3506.81,ZRX/USD
0.6186,0.619,0.6087,0.6102,1521003600,6495.95,4009.33,ZRX/USD
0.6223,0.6256,0.6158,0.619,1521007200,4698.9,2927.79,ZRX/USD
0.617,0.6223,0.6135,0.6213,1521010800,5363.35,3320.13,ZRX/USD
0.6098,0.6195,0.6086,0.6167,1521014400,14815.14,9085.92,ZRX/USD
0.5929,0.6182,0.5922,0.6092,1521018000,49801.3,29850.73,ZRX/USD
0.5782,0.5954,0.5758,0.5924,1521021600,39082.44,22671.65,ZRX/USD
0.573,0.5833,0.5715,0.5782,1521025200,38724.11,22177.52,ZRX/USD
0.5754,0.5764,0.5683,0.5728,1521028800,13287.54,7634.02,ZRX/USD
0.5634,0.5788,0.5608,0.5754,1521032400,48406.51,27357.56,ZRX/USD
0.5695,0.5695,0.5627,0.5634,1521036000,11280.28,6416.06,ZRX/USD
0.5657,0.5791,0.5613,0.5695,1521039600,9700.67,5546.94,ZRX/USD
0.5454,0.5664,0.5433,0.5657,1521043200,86158.76,47388.91,ZRX/USD
0.5405,0.5494,0.534,0.5445,1521046800,60804.41,32788.79,ZRX/USD
0.5391,0.5407,0.5341,0.5405,1521050400,26261.46,13989.98,ZRX/USD
0.5414,0.5474,0.5378,0.5391,1521054000,82277.68,44307.84,ZRX/USD
0.5377,0.5489,0.5351,0.5412,1521057600,39851.35,21735.21,ZRX/USD
0.5211,0.5423,0.5166,0.5397,1521061200,78753.42,41218.26,ZRX/USD
0.5302,0.5359,0.5194,0.5211,1521064800,24484.44,12919.99,ZRX/USD
0.5243,0.5497,0.5214,0.5302,1521068400,13523.54,7303.22,ZRX/USD
0.5174,0.5413,0.5149,0.5243,1521072000,8838.76,4743.24,ZRX/USD
0.5166,0.5241,0.5145,0.5174,1521075600,24490.14,12458.26,ZRX/USD
0.4873,0.5211,0.4853,0.5166,1521079200,52448.45,26331.22,ZRX/USD
0.4859,0.4963,0.4845,0.4873,1521082800,10953.35,5545.01,ZRX/USD
0.4749,0.4859,0.4711,0.4859,1521086400,20784.81,10034.14,ZRX/USD
0.4736,0.4988,0.4695,0.4749,1521090000,14967.51,7160.26,ZRX/USD
0.4715,0.4763,0.4638,0.4736,1521093600,36232.21,16905.55,ZRX/USD
0.4806,0.4833,0.473,0.4753,1521097200,9314.72,4473.24,ZRX/USD
0.494,0.4954,0.4756,0.4821,1521100800,36447.29,17672.18,ZRX/USD
0.5083,0.5092,0.4921,0.494,1521104400,49140.4,24752.72,ZRX/USD
0.5071,0.5179,0.4961,0.5083,1521108000,63664.69,32069.26,ZRX/USD
0.506,0.5113,0.5018,0.5042,1521111600,23006.98,11802.55,ZRX/USD
0.5022,0.5082,0.4971,0.5071,1521115200,30304.12,15078.77,ZRX/USD
0.5148,0.5156,0.4976,0.5022,1521118800,13685.13,7003.97,ZRX/USD
0.5088,0.5172,0.5025,0.5146,1521122400,14704.93,7602.43,ZRX/USD
0.4946,0.5115,0.4862,0.5093,1521126000,40947.88,20124.38,ZRX/USD
0.4942,0.5027,0.4902,0.4946,1521129600,5047.98,2538.66,ZRX/USD
0.492,0.4962,0.4912,0.4937,1521133200,10444.34,5195.32,ZRX/USD
0.4882,0.4975,0.487,0.492,1521136800,27097.82,13321.8,ZRX/USD
0.4899,0.4997,0.488,0.4882,1521140400,14287.42,7071.32,ZRX/USD
0.4923,0.5011,0.4892,0.4899,1521144000,12411.37,6087.42,ZRX/USD
0.4897,0.4986,0.4887,0.4923,1521147600,6473.57,3183.2,ZRX/USD
0.4953,0.4981,0.4892,0.4897,1521151200,34707.75,17089.4,ZRX/USD
0.4899,0.4969,0.4856,0.4953,1521154800,14646.11,7154.96,ZRX/USD
0.4758,0.4934,0.4746,0.4899,1521158400,19964.02,9635.15,ZRX/USD
0.4751,0.4806,0.4678,0.4758,1521162000,10618.29,5071.83,ZRX/USD
0.4754,0.4843,0.4742,0.475,1521165600,16886.21,8107.64,ZRX/USD
0.4811,0.4882,0.4746,0.4765,1521169200,8549.63,4121.04,ZRX/USD
0.4836,0.49,0.4771,0.4811,1521172800,35985.51,17314.33,ZRX/USD
0.4796,0.4842,0.475,0.4836,1521176400,41736.52,19907.66,ZRX/USD
0.4924,0.502,0.479,0.4796,1521180000,25199.25,12339.78,ZRX/USD
0.4912,0.5062,0.4884,0.4923,1521183600,14792.56,7270.36,ZRX/USD
0.4909,0.4942,0.4845,0.4902,1521187200,11016.71,5442.91,ZRX/USD
0.4977,0.4987,0.4844,0.4909,1521190800,19663.86,9650.35,ZRX/USD
0.4897,0.4993,0.4884,0.4977,1521194400,41764.93,20437.65,ZRX/USD
0.4921,0.5022,0.4815,0.4902,1521198000,10556.06,5153.87,ZRX/USD
0.4837,0.4944,0.4833,0.4883,1521201600,39350.57,19144.15,ZRX/USD
0.5013,0.5013,0.4837,0.4837,1521205200,37985.4,18800.18,ZRX/USD
0.503,0.5071,0.4942,0.4993,1521208800,47590.25,23748.74,ZRX/USD
0.5061,0.5096,0.5006,0.503,1521212400,16823.27,8549.48,ZRX/USD
0.515,0.5181,0.5052,0.5052,1521216000,39996.71,20360.65,ZRX/USD
0.5222,0.5222,0.5054,0.515,1521219600,28127.29,14574.14,ZRX/USD
0.5261,0.5324,0.5201,0.5221,1521223200,15482.28,8145.55,ZRX/USD
0.5249,0.5285,0.5201,0.5261,1521226800,26706.94,14057.93,ZRX/USD
0.5273,0.529,0.5191,0.5248,1521230400,44531.63,23070.96,ZRX/USD
0.5329,0.5351,0.5237,0.5273,1521234000,14213.1,7529.7,ZRX/USD
0.5329,0.5436,0.5304,0.5329,1521237600,8564.41,4612.56,ZRX/USD
0.5095,0.5412,0.5054,0.5329,1521241200,15295.17,7890.48,ZRX/USD
0.505,0.518,0.5006,0.5095,1521244800,8362.07,4207.89,ZRX/USD
0.4894,0.5067,0.4875,0.505,1521248400,15806.05,7822.63,ZRX/USD
0.4921,0.503,0.4869,0.4894,1521252000,4181.3,2090.08,ZRX/USD
0.5026,0.5066,0.4877,0.4921,1521255600,3369.37,1696.42,ZRX/USD
0.4956,0.504,0.4875,0.5024,1521259200,32921.57,16212.7,ZRX/USD
0.4917,0.4989,0.4904,0.4956,1521262800,55430.14,27264.03,ZRX/USD
0.4942,0.4977,0.485,0.4917,1521266400,49462.13,24170.44,ZRX/USD
0.4958,0.5043,0.4879,0.4942,1521270000,10384.19,5186.91,ZRX/USD
0.4968,0.5041,0.4884,0.5025,1521273600,7728.83,3867.49,ZRX/USD
0.499,0.5083,0.4921,0.4949,1521277200,10976.74,5469.95,ZRX/USD
0.4971,0.5098,0.4943,0.4987,1521280800,1892.99,948.14,ZRX/USD
0.4968,0.5004,0.4887,0.4971,1521284400,21288.18,10515.89,ZRX/USD
0.502,0.513,0.4839,0.4968,1521288000,87918.39,43674.67,ZRX/USD
0.4992,0.502,0.4849,0.502,1521291600,41222.23,20123.26,ZRX/USD
0.4765,0.4992,0.4765,0.4992,1521295200,13502.08,6435.57,ZRX/USD
0.4738,0.4817,0.4697,0.4765,1521298800,34440.62,16242.92,ZRX/USD
0.4731,0.479,0.4682,0.4747,1521302400,12530.14,5947.21,ZRX/USD
0.4621,0.484,0.4621,0.4731,1521306000,5033.59,2341.9,ZRX/USD
0.4561,0.4734,0.4557,0.4621,1521309600,31564.25,14518.27,ZRX/USD
0.4549,0.4576,0.4533,0.4561,1521313200,36340.93,16433.52,ZRX/USD
0.4543,0.4614,0.4492,0.4549,1521316800,5403.26,2434.38,ZRX/USD
0.4604,0.4722,0.4537,0.4543,1521320400,31787.96,14775.35,ZRX/USD
0.4672,0.471,0.4527,0.4622,1521324000,15986.49,7446.23,ZRX/USD
0.464,0.4714,0.4464,0.4672,1521327600,12581.6,5778.69,ZRX/USD
0.4302,0.464,0.4298,0.464,1521331200,25077.82,11111.74,ZRX/USD
0.4259,0.4383,0.4258,0.4302,1521334800,17169.54,7424.49,ZRX/USD
0.4016,0.4259,0.4016,0.4259,1521338400,73938.85,30284.02,ZRX/USD
0.4001,0.4248,0.3941,0.4016,1521342000,31885.03,12793.47,ZRX/USD
0.3945,0.4027,0.3908,0.4027,1521345600,102958.35,39906.99,ZRX/USD
0.3991,0.4011,0.3915,0.3945,1521349200,19087.21,7486.18,ZRX/USD
0.4172,0.4194,0.396,0.3991,1521352800,6905.88,2854.76,ZRX/USD
0.4021,0.4191,0.399,0.4177,1521356400,6907.28,2865.34,ZRX/USD
0.41,0.4195,0.398,0.4021,1521360000,15565.07,6364.32,ZRX/USD
0.4012,0.4152,0.3983,0.4125,1521363600,23530.11,9542.94,ZRX/USD
0.396,0.4172,0.3941,0.4012,1521367200,24510.08,10051.21,ZRX/USD
0.4084,0.4191,0.3948,0.396,1521370800,49360.98,19773.41,ZRX/USD
0.403,0.4141,0.4019,0.4086,1521374400,10647.72,4336.4,ZRX/USD
0.3905,0.406,0.3886,0.403,1521378000,63049.4,24690.05,ZRX/USD
0.381,0.3954,0.3719,0.3905,1521381600,109971.77,41334.37,ZRX/USD
0.3703,0.3824,0.3703,0.381,1521385200,140370.0,52331.86,ZRX/USD
0.3599,0.3733,0.357,0.3704,1521388800,70875.67,25651.84,ZRX/USD
0.3704,0.3799,0.3591,0.3614,1521392400,75542.5,27323.29,ZRX/USD
0.3842,0.3945,0.3698,0.3716,1521396000,91778.83,35111.09,ZRX/USD
0.3806,0.3918,0.377,0.3842,1521399600,62113.24,23875.65,ZRX/USD
0.3975,0.4014,0.3784,0.3811,1521403200,21165.35,8321.81,ZRX/USD
0.4314,0.4316,0.3955,0.3975,1521406800,115179.31,47919.07,ZRX/USD
0.4333,0.4383,0.4251,0.4313,1521410400,59855.79,25740.03,ZRX/USD
0.4442,0.4442,0.4275,0.4333,1521414000,51797.01,22717.87,ZRX/USD
0.4555,0.4596,0.4439,0.4442,1521417600,51550.13,23494.17,ZRX/USD
0.443,0.4574,0.4371,0.4555,1521421200,22791.66,10126.01,ZRX/USD
0.4436,0.4504,0.4385,0.4421,1521424800,12289.98,5494.08,ZRX/USD
0.4554,0.4554,0.4389,0.4448,1521428400,5267.58,2365.86,ZRX/USD
0.4373,0.4554,0.4326,0.4554,1521432000,18683.92,8224.47,ZRX/USD
0.4437,0.451,0.4365,0.4373,1521435600,20886.71,9401.71,ZRX/USD
0.4435,0.4545,0.4412,0.4437,1521439200,15549.5,6997.4,ZRX/USD
0.4444,0.45,0.4376,0.4429,1521442800,13203.2,5920.17,ZRX/USD
0.4519,0.4573,0.4444,0.4444,1521446400,15474.18,7116.41,ZRX/USD
0.4445,0.453,0.4388,0.4519,1521450000,19993.52,8925.88,ZRX/USD
0.4431,0.4453,0.4358,0.4445,1521453600,21962.78,9687.61,ZRX/USD
0.448,0.4527,0.4431,0.4435,1521457200,10854.06,4919.65,ZRX/USD
0.4533,0.4548,0.4475,0.448,1521460800,14454.19,6589.99,ZRX/USD
0.461,0.4633,0.4409,0.4533,1521464400,81181.28,36964.85,ZRX/USD
0.4623,0.4714,0.457,0.4615,1521468000,94357.27,44355.54,ZRX/USD
0.4599,0.4651,0.4596,0.4623,1521471600,62969.02,28903.64,ZRX/USD
0.4543,0.4671,0.4539,0.4592,1521475200,58393.18,26482.44,ZRX/USD
0.4492,0.4536,0.4428,0.4536,1521478800,65291.03,29265.8,ZRX/USD
0.4487,0.4581,0.4477,0.4492,1521482400,35620.23,15961.76,ZRX/USD
0.4471,0.4558,0.4459,0.4487,1521486000,34943.47,15684.77,ZRX/USD
0.4506,0.4529,0.4467,0.4489,1521489600,61957.36,27838.5,ZRX/USD
0.4567,0.4603,0.4494,0.4506,1521493200,37456.37,16934.1,ZRX/USD
0.4661,0.4665,0.4555,0.4567,1521496800,33504.9,15471.05,ZRX/USD
0.4709,0.4714,0.4602,0.4661,1521500400,36339.01,16979.98,ZRX/USD
0.4843,0.4889,0.4684,0.4709,1521504000,25007.78,12045.08,ZRX/USD
0.4879,0.5024,0.4842,0.4846,1521507600,16325.25,8163.67,ZRX/USD
0.5086,0.5086,0.4866,0.4879,1521511200,23623.53,11755.28,ZRX/USD
0.5003,0.5098,0.4945,0.5086,1521514800,14471.28,7297.34,ZRX/USD
0.4842,0.5053,0.482,0.5003,1521518400,32172.58,15966.21,ZRX/USD
0.4904,0.4904,0.4788,0.4834,1521522000,11314.9,5521.06,ZRX/USD
0.4902,0.4984,0.4843,0.4904,1521525600,9395.88,4615.78,ZRX/USD
0.4785,0.491,0.4777,0.4902,1521529200,12871.94,6226.0,ZRX/USD
0.4727,0.4812,0.4698,0.4785,1521532800,13359.89,6379.0,ZRX/USD
0.4672,0.4781,0.4605,0.4738,1521536400,43188.44,20019.16,ZRX/USD
0.477,0.4787,0.4657,0.4672,1521540000,5804.19,2768.89,ZRX/USD
0.4828,0.4922,0.4707,0.477,1521543600,49395.11,23308.66,ZRX/USD
0.4919,0.5127,0.4803,0.4815,1521547200,50082.66,24739.3,ZRX/USD
0.4901,0.5039,0.4844,0.4919,1521550800,24632.36,12211.6,ZRX/USD
0.4887,0.4948,0.4851,0.4889,1521554400,39791.46,19449.9,ZRX/USD
0.488,0.4916,0.4834,0.4887,1521558000,11630.48,5690.64,ZRX/USD
0.5204,0.522,0.4877,0.488,1521561600,75264.01,38283.55,ZRX/USD
0.5342,0.5342,0.5182,0.5194,1521565200,72013.87,37537.13,ZRX/USD
0.559,0.5595,0.5232,0.5323,1521568800,107276.2,58181.79,ZRX/USD
0.5532,0.5635,0.5456,0.559,1521572400,87465.24,48384.68,ZRX/USD
0.5388,0.5644,0.5362,0.5539,1521576000,107890.9,59356.97,ZRX/USD
0.5465,0.5502,0.5318,0.5388,1521579600,105510.9,56323.76,ZRX/USD
0.5523,0.5523,0.5444,0.5465,1521583200,6650.39,3650.11,ZRX/USD
0.5413,0.5593,0.5377,0.5543,1521586800,6439.91,3505.63,ZRX/USD
0.5479,0.552,0.5409,0.5409,1521590400,7102.61,3874.08,ZRX/USD
0.5522,0.5527,0.5422,0.5479,1521594000,6121.19,3370.77,ZRX/USD
0.564,0.5696,0.5524,0.5527,1521597600,16994.62,9531.59,ZRX/USD
0.5604,0.5686,0.5523,0.564,1521601200,24173.84,13456.82,ZRX/USD
0.5673,0.569,0.5604,0.561,1521604800,33649.48,19093.12,ZRX/USD
0.564,0.5674,0.5588,0.5673,1521608400,19131.85,10794.81,ZRX/USD
0.565,0.574,0.5571,0.5638,1521612000,7474.87,4262.66,ZRX/USD
0.5515,0.565,0.5379,0.565,1521615600,58552.28,32471.87,ZRX/USD
0.5483,0.5517,0.536,0.5515,1521619200,24293.39,13234.23,ZRX/USD
0.566,0.568,0.5467,0.5483,1521622800,10056.6,5606.14,ZRX/USD
0.5709,0.578,0.561,0.5632,1521626400,4287.52,2455.53,ZRX/USD
0.5817,0.5834,0.5692,0.5709,1521630000,6104.37,3548.48,ZRX/USD
0.5983,0.613,0.5629,0.5824,1521633600,54656.09,31587.45,ZRX/USD
0.5961,0.6131,0.592,0.5974,1521637200,57761.39,34764.12,ZRX/USD
0.6047,0.6051,0.5918,0.5961,1521640800,12485.28,7516.94,ZRX/USD
0.6079,0.6219,0.605,0.6059,1521644400,50167.53,30856.38,ZRX/USD
0.5849,0.6102,0.5745,0.6079,1521648000,80002.47,47141.2,ZRX/USD
0.6077,0.6252,0.5636,0.5841,1521651600,76226.13,44835.42,ZRX/USD
0.5918,0.6085,0.5716,0.6066,1521655200,47889.45,28359.74,ZRX/USD
0.5937,0.6,0.5915,0.5918,1521658800,11908.71,7133.75,ZRX/USD
0.5963,0.6003,0.5916,0.5937,1521662400,8273.75,4960.25,ZRX/USD
0.601,0.6105,0.597,0.597,1521666000,7375.87,4475.81,ZRX/USD
0.5964,0.6103,0.5895,0.6023,1521669600,10751.67,6463.62,ZRX/USD
0.5916,0.5974,0.5806,0.5964,1521673200,58325.92,34024.28,ZRX/USD
0.6001,0.6063,0.5861,0.589,1521676800,12482.36,7441.91,ZRX/USD
0.6056,0.6176,0.5998,0.6012,1521680400,5307.01,3254.61,ZRX/USD
0.6064,0.6175,0.6037,0.6056,1521684000,6487.84,3959.54,ZRX/USD
0.6146,0.6177,0.6059,0.6064,1521687600,7465.26,4608.12,ZRX/USD
0.6224,0.6239,0.5986,0.6146,1521691200,38237.83,23297.8,ZRX/USD
0.6264,0.6299,0.6223,0.6232,1521694800,20226.21,12821.57,ZRX/USD
0.6243,0.6338,0.6216,0.6264,1521698400,40418.34,25222.36,ZRX/USD
0.6248,0.6321,0.6171,0.6255,1521702000,27537.3,17227.04,ZRX/USD
0.6292,0.6341,0.6223,0.6248,1521705600,2746.8,1722.72,ZRX/USD
0.6245,0.6357,0.6152,0.6292,1521709200,36910.06,23009.21,ZRX/USD
0.6317,0.6317,0.6136,0.6245,1521712800,34301.67,21307.87,ZRX/USD
0.6271,0.6376,0.622,0.6307,1521716400,30098.66,19021.71,ZRX/USD
0.6169,0.629,0.6152,0.6265,1521720000,23809.38,14885.95,ZRX/USD
0.5838,0.6223,0.5827,0.6158,1521723600,42800.53,25905.05,ZRX/USD
0.5667,0.5871,0.5597,0.5838,1521727200,40033.44,23072.43,ZRX/USD
0.5616,0.5713,0.5555,0.5656,1521730800,37769.65,21348.24,ZRX/USD
0.5607,0.578,0.5535,0.5616,1521734400,41981.67,23477.71,ZRX/USD
0.5726,0.5741,0.5555,0.5607,1521738000,21989.95,12453.08,ZRX/USD
0.58,0.584,0.5726,0.5726,1521741600,54325.9,31440.89,ZRX/USD
0.5757,0.5812,0.5725,0.5799,1521745200,17891.39,10304.52,ZRX/USD
0.5701,0.584,0.5596,0.5757,1521748800,82767.56,46343.26,ZRX/USD
0.5699,0.5731,0.558,0.5701,1521752400,12162.99,6984.72,ZRX/USD
0.5716,0.5738,0.558,0.5709,1521756000,16123.62,9247.8,ZRX/USD
0.5799,0.5921,0.5716,0.5716,1521759600,8341.55,4867.37,ZRX/USD
0.5856,0.5953,0.5789,0.5799,1521763200,3344.4,1984.44,ZRX/USD
0.5629,0.5856,0.5614,0.5854,1521766800,15769.4,9117.32,ZRX/USD
0.5334,0.568,0.5326,0.563,1521770400,71783.01,39019.05,ZRX/USD
0.5423,0.5423,0.5283,0.5334,1521774000,6800.07,3654.78,ZRX/USD
0.5292,0.5441,0.5281,0.5423,1521777600,5789.08,3101.74,ZRX/USD
0.5233,0.5302,0.5231,0.5292,1521781200,19425.49,10315.85,ZRX/USD
0.537,0.5393,0.5228,0.5233,1521784800,5439.04,2915.59,ZRX/USD
0.5157,0.5393,0.514,0.5382,1521788400,21817.04,11453.84,ZRX/USD
0.5201,0.5364,0.5129,0.5157,1521792000,28127.62,14716.66,ZRX/USD
0.5398,0.5409,0.5198,0.5209,1521795600,22687.04,12081.97,ZRX/USD
0.5398,0.5487,0.5347,0.5395,1521799200,5250.15,2863.38,ZRX/USD
0.5531,0.554,0.5392,0.5398,1521802800,10954.12,6015.63,ZRX/USD
0.5359,0.5581,0.5358,0.5531,1521806400,20434.62,11304.57,ZRX/USD
0.5297,0.5397,0.5232,0.5356,1521810000,14318.3,7716.53,ZRX/USD
0.5509,0.5532,0.5296,0.5299,1521813600,37156.39,20384.54,ZRX/USD
0.556,0.5578,0.5496,0.551,1521817200,39072.23,21636.47,ZRX/USD
0.5603,0.5623,0.5516,0.556,1521820800,29951.64,16792.75,ZRX/USD
0.549,0.5629,0.5486,0.5603,1521824400,35860.26,19721.22,ZRX/USD
0.551,0.5524,0.5445,0.549,1521828000,22462.74,12192.38,ZRX/USD
0.5568,0.5582,0.5505,0.551,1521831600,20763.4,11493.25,ZRX/USD
0.5479,0.5579,0.5435,0.5568,1521835200,11611.02,6413.84,ZRX/USD
0.5549,0.5622,0.5467,0.5479,1521838800,4520.14,2506.94,ZRX/USD
0.5615,0.5616,0.5507,0.5549,1521842400,26955.77,14934.32,ZRX/USD
0.5649,0.5702,0.5579,0.5615,1521846000,13714.65,7808.44,ZRX/USD
0.5614,0.5707,0.5605,0.5649,1521849600,18825.78,10710.85,ZRX/USD
0.5679,0.5721,0.5591,0.5614,1521853200,6989.98,3983.76,ZRX/USD
0.5677,0.5724,0.564,0.5679,1521856800,10678.86,6099.02,ZRX/USD
0.5734,0.5781,0.566,0.5677,1521860400,8652.44,4955.95,ZRX/USD
0.5729,0.5814,0.5687,0.574,1521864000,11016.19,6331.39,ZRX/USD
0.5695,0.5812,0.5694,0.5731,1521867600,20963.11,12136.48,ZRX/USD
0.5633,0.5745,0.5627,0.5695,1521871200,7959.49,4491.49,ZRX/USD
0.5696,0.5721,0.5562,0.5634,1521874800,19942.7,11130.67,ZRX/USD
0.5744,0.5744,0.5576,0.5694,1521878400,11232.39,6346.45,ZRX/USD
0.5695,0.5744,0.5647,0.5744,1521882000,5718.66,3272.14,ZRX/USD
0.5636,0.5706,0.5542,0.5695,1521885600,27427.94,15335.89,ZRX/USD
0.5637,0.5661,0.5573,0.5636,1521889200,5185.44,2890.54,ZRX/USD
0.5756,0.5756,0.562,0.5637,1521892800,39722.32,22529.33,ZRX/USD
0.58,0.5874,0.5703,0.5756,1521896400,30733.95,17865.02,ZRX/USD
0.5913,0.5917,0.5752,0.58,1521900000,11868.24,6971.13,ZRX/USD
0.5952,0.5985,0.5904,0.5923,1521903600,22239.78,13274.35,ZRX/USD
0.6036,0.6052,0.5882,0.5957,1521907200,43235.55,25598.61,ZRX/USD
0.6085,0.6219,0.5952,0.6036,1521910800,47534.71,28677.74,ZRX/USD
0.6117,0.6205,0.6009,0.6085,1521914400,32336.9,19675.66,ZRX/USD
0.6059,0.6155,0.6036,0.6117,1521918000,10597.45,6405.79,ZRX/USD
0.6193,0.6215,0.6041,0.6055,1521921600,28831.52,17752.88,ZRX/USD
0.5943,0.6258,0.5908,0.6193,1521925200,32961.16,19615.82,ZRX/USD
0.6062,0.6064,0.5901,0.5943,1521928800,9668.18,5725.41,ZRX/USD
0.5978,0.6062,0.5872,0.6062,1521932400,25446.86,15083.83,ZRX/USD
0.6064,0.6109,0.5911,0.5965,1521936000,16718.79,9875.1,ZRX/USD
0.582,0.6114,0.5783,0.6064,1521939600,20594.78,12087.27,ZRX/USD
0.5774,0.5911,0.5724,0.582,1521943200,27324.19,15522.91,ZRX/USD
0.5729,0.5804,0.569,0.5774,1521946800,7999.67,4604.11,ZRX/USD
0.5852,0.5856,0.5726,0.5742,1521950400,8251.87,4797.37,ZRX/USD
0.5856,0.5875,0.5689,0.5852,1521954000,8006.21,4662.39,ZRX/USD
0.5873,0.5908,0.5813,0.5856,1521957600,11112.27,6487.26,ZRX/USD
0.575,0.5888,0.5645,0.586,1521961200,12331.14,7035.04,ZRX/USD
0.5893,0.5923,0.5749,0.575,1521964800,15505.69,9082.12,ZRX/USD
0.5767,0.5895,0.5743,0.5893,1521968400,5409.04,3147.35,ZRX/USD
0.5764,0.5828,0.5717,0.5774,1521972000,6109.18,3497.28,ZRX/USD
0.5688,0.5853,0.5647,0.5758,1521975600,5228.14,2999.71,ZRX/USD
0.5768,0.5845,0.5659,0.5688,1521979200,11751.55,6760.38,ZRX/USD
0.5924,0.5935,0.5756,0.5768,1521982800,12006.37,7089.27,ZRX/USD
0.5938,0.6021,0.5831,0.5929,1521986400,39898.64,23401.86,ZRX/USD
0.5906,0.5972,0.5831,0.5938,1521990000,7752.22,4556.46,ZRX/USD
0.5989,0.6019,0.5885,0.5906,1521993600,5874.17,3514.24,ZRX/USD
0.5908,0.6008,0.5864,0.5933,1521997200,3410.58,2022.9,ZRX/USD
0.6044,0.6166,0.5903,0.5908,1522000800,30486.63,18589.44,ZRX/USD
0.6119,0.6228,0.6,0.6044,1522004400,33759.86,20781.59,ZRX/USD
0.6138,0.625,0.6071,0.6117,1522008000,30199.55,18586.81,ZRX/USD
0.6196,0.6205,0.6088,0.6138,1522011600,21305.11,13125.06,ZRX/USD
0.6108,0.6277,0.6093,0.6196,1522015200,14818.77,9124.34,ZRX/USD
0.6097,0.6207,0.5978,0.6107,1522018800,27071.99,16336.13,ZRX/USD
0.6111,0.6166,0.6029,0.613,1522022400,8481.64,5160.89,ZRX/USD
0.6096,0.6149,0.6023,0.6111,1522026000,2602.18,1586.22,ZRX/USD
0.601,0.6129,0.601,0.6118,1522029600,1564.23,939.33,ZRX/USD
0.6064,0.6085,0.601,0.601,1522033200,5661.16,3446.58,ZRX/USD
0.6101,0.615,0.6059,0.6064,1522036800,5894.3,3606.88,ZRX/USD
0.6144,0.6147,0.6048,0.6101,1522040400,4306.28,2629.31,ZRX/USD
0.6107,0.6146,0.6058,0.6144,1522044000,22283.76,13466.66,ZRX/USD
0.6094,0.6133,0.5982,0.6113,1522047600,40581.93,24281.87,ZRX/USD
0.6095,0.6118,0.6065,0.6094,1522051200,4630.62,2817.62,ZRX/USD
0.5818,0.6095,0.5802,0.6095,1522054800,50468.17,29698.41,ZRX/USD
0.564,0.5844,0.564,0.5818,1522058400,43303.54,24545.91,ZRX/USD
0.5465,0.564,0.5375,0.564,1522062000,68531.73,37285.73,ZRX/USD
0.5445,0.5523,0.5379,0.5465,1522065600,23247.05,12642.64,ZRX/USD
0.5474,0.5605,0.5416,0.5426,1522069200,17156.81,9473.12,ZRX/USD
0.5441,0.554,0.542,0.5469,1522072800,10187.64,5620.94,ZRX/USD
0.5316,0.5498,0.5312,0.5441,1522076400,16263.85,8754.72,ZRX/USD
0.5321,0.535,0.5285,0.5316,1522080000,16168.76,8629.84,ZRX/USD
0.5156,0.5363,0.5135,0.5327,1522083600,55632.42,28608.74,ZRX/USD
0.5091,0.5189,0.5091,0.5159,1522087200,21993.78,11261.96,ZRX/USD
0.7107,0.7477,0.5057,0.5091,1522090800,637771.39,424402.32,ZRX/USD
0.6678,0.7124,0.6428,0.7107,1522094400,402060.08,272286.79,ZRX/USD
0.6495,0.6809,0.6246,0.6678,1522098000,167947.86,108361.83,ZRX/USD
0.6884,0.7207,0.6479,0.6492,1522101600,241394.75,166663.43,ZRX/USD
0.6528,0.6884,0.6501,0.6884,1522105200,235371.11,154376.74,ZRX/USD
0.6669,0.6691,0.6399,0.6523,1522108800,95171.55,62858.55,ZRX/USD
0.6492,0.6862,0.6492,0.6669,1522112400,19914.55,13424.2,ZRX/USD
0.6049,0.6492,0.6018,0.6492,1522116000,295088.09,184601.84,ZRX/USD
0.6138,0.6161,0.5866,0.6049,1522119600,111789.05,65967.3,ZRX/USD
0.5913,0.627,0.5909,0.6138,1522123200,45151.93,27525.14,ZRX/USD
0.5859,0.5931,0.5705,0.5913,1522126800,135298.08,79100.64,ZRX/USD
0.593,0.6036,0.5776,0.586,1522130400,81972.69,48670.74,ZRX/USD
0.5912,0.5935,0.5782,0.593,1522134000,11428.57,6715.7,ZRX/USD
0.5854,0.5979,0.5799,0.5913,1522137600,55822.22,33078.58,ZRX/USD
0.59,0.5908,0.5806,0.5852,1522141200,33714.43,19827.89,ZRX/USD
0.627,0.6355,0.5896,0.59,1522144800,83021.49,51643.01,ZRX/USD
0.6409,0.6616,0.6264,0.6267,1522148400,138210.66,89513.23,ZRX/USD
0.6272,0.6564,0.6264,0.6394,1522152000,76453.02,49158.25,ZRX/USD
0.6221,0.6425,0.613,0.6272,1522155600,75896.8,47379.21,ZRX/USD
0.6486,0.6486,0.6117,0.6225,1522159200,32884.94,20539.69,ZRX/USD
0.6336,0.665,0.6305,0.6489,1522162800,78951.91,51549.57,ZRX/USD
0.6874,0.7065,0.6304,0.6336,1522166400,157362.69,107744.68,ZRX/USD
0.6597,0.7729,0.6519,0.6871,1522170000,231115.76,159176.13,ZRX/USD
0.6825,0.6872,0.6511,0.6596,1522173600,96573.42,65041.22,ZRX/USD
0.6737,0.6963,0.6616,0.6824,1522177200,89579.41,61081.02,ZRX/USD
0.6815,0.6836,0.6628,0.6737,1522180800,21967.17,14827.34,ZRX/USD
0.6743,0.6809,0.6636,0.6808,1522184400,17284.56,11637.22,ZRX/USD
0.663,0.6789,0.6626,0.6744,1522188000,14592.8,9792.88,ZRX/USD
0.6382,0.6645,0.6379,0.6634,1522191600,45141.24,29539.38,ZRX/USD
0.6134,0.6395,0.5912,0.6382,1522195200,138569.74,83863.73,ZRX/USD
0.6116,0.6134,0.6021,0.6134,1522198800,36038.19,21807.82,ZRX/USD
0.6087,0.6133,0.5993,0.6116,1522202400,14636.71,8985.38,ZRX/USD
0.6139,0.6174,0.608,0.6085,1522206000,38022.7,23368.46,ZRX/USD
0.6047,0.6165,0.5996,0.613,1522209600,49493.95,29957.57,ZRX/USD
0.6133,0.6154,0.5988,0.6047,1522213200,35564.95,21599.58,ZRX/USD
0.6328,0.6468,0.6133,0.6133,1522216800,68438.81,43456.37,ZRX/USD
0.6205,0.6386,0.6149,0.633,1522220400,35089.35,21965.12,ZRX/USD
0.6366,0.6407,0.6186,0.6205,1522224000,14603.13,9322.51,ZRX/USD
0.656,0.6592,0.6363,0.6366,1522227600,78187.17,50566.43,ZRX/USD
0.6486,0.6578,0.6442,0.6562,1522231200,56907.34,36933.05,ZRX/USD
0.6523,0.6528,0.6433,0.6486,1522234800,19073.58,12318.18,ZRX/USD
0.6356,0.6589,0.6354,0.6519,1522238400,38750.74,24798.9,ZRX/USD
0.6423,0.6487,0.6356,0.636,1522242000,55476.47,35359.86,ZRX/USD
0.6149,0.6526,0.6149,0.6423,1522245600,74152.5,46386.24,ZRX/USD
0.6165,0.6217,0.6034,0.6148,1522249200,13611.52,8396.1,ZRX/USD
0.632,0.6326,0.6163,0.6165,1522252800,24833.14,15616.98,ZRX/USD
0.6319,0.6326,0.6178,0.632,1522256400,11515.03,7300.06,ZRX/USD
0.6439,0.6533,0.6306,0.6319,1522260000,15486.94,9995.1,ZRX/USD
0.6287,0.6457,0.6282,0.6439,1522263600,14806.4,9450.26,ZRX/USD
0.6336,0.6389,0.6281,0.6285,1522267200,4181.98,2685.07,ZRX/USD
0.6247,0.6373,0.622,0.6337,1522270800,4817.81,3036.69,ZRX/USD
0.6439,0.6514,0.6232,0.6247,1522274400,17184.25,10987.31,ZRX/USD
0.6397,0.6511,0.6352,0.6439,1522278000,11078.05,7103.89,ZRX/USD
0.6354,0.6481,0.6352,0.6397,1522281600,6716.38,4902.2,ZRX/USD
0.6348,0.6456,0.6327,0.6365,1522285200,20004.75,12780.18,ZRX/USD
0.6543,0.6618,0.6291,0.6348,1522288800,24948.58,16312.4,ZRX/USD
0.6514,0.6623,0.6384,0.6543,1522292400,25290.06,16408.72,ZRX/USD
0.6159,0.6538,0.6138,0.6514,1522296000,65571.98,40984.6,ZRX/USD
0.5948,0.6166,0.5948,0.6159,1522299600,90603.39,54658.09,ZRX/USD
0.6033,0.6037,0.5933,0.5948,1522303200,17753.29,10586.78,ZRX/USD
0.5806,0.6033,0.5789,0.6033,1522306800,41530.83,24400.93,ZRX/USD
0.5828,0.5828,0.577,0.5803,1522310400,41461.12,23916.92,ZRX/USD
0.5766,0.5863,0.5713,0.5824,1522314000,26549.54,15451.84,ZRX/USD
0.5665,0.5802,0.5664,0.5766,1522317600,42602.73,24080.55,ZRX/USD
0.553,0.5671,0.5495,0.5665,1522321200,92692.65,51440.37,ZRX/USD
0.5572,0.5606,0.5509,0.553,1522324800,28467.56,15749.87,ZRX/USD
0.5594,0.561,0.5527,0.5572,1522328400,56690.46,31535.34,ZRX/USD
0.5504,0.564,0.5383,0.5632,1522332000,56840.22,30945.33,ZRX/USD
0.5594,0.5617,0.5461,0.5504,1522335600,40644.27,22516.73,ZRX/USD
0.5686,0.5746,0.5594,0.5594,1522339200,88603.2,50522.58,ZRX/USD
0.5547,0.5696,0.554,0.5693,1522342800,47900.55,26943.78,ZRX/USD
0.5557,0.5599,0.5476,0.5547,1522346400,40061.37,22068.92,ZRX/USD
0.5479,0.5671,0.5473,0.556,1522350000,6689.09,3735.1,ZRX/USD
0.5263,0.549,0.5256,0.5479,1522353600,58175.96,31263.29,ZRX/USD
0.5161,0.5442,0.5094,0.5263,1522357200,52090.59,27165.12,ZRX/USD
0.5311,0.5499,0.5153,0.5155,1522360800,50495.99,26926.11,ZRX/USD
0.5349,0.561,0.5311,0.5328,1522364400,11664.93,6407.88,ZRX/USD
0.4973,0.5382,0.4896,0.5349,1522368000,35442.38,18076.8,ZRX/USD
0.498,0.5084,0.4781,0.4974,1522371600,74405.22,35730.57,ZRX/USD
0.4898,0.5088,0.4872,0.4975,1522375200,31584.35,15934.35,ZRX/USD
0.4919,0.4968,0.4898,0.4898,1522378800,54005.6,26638.15,ZRX/USD
0.4875,0.5065,0.4787,0.4919,1522382400,8985.15,4542.15,ZRX/USD
0.53,0.5453,0.4867,0.4875,1522386000,130826.04,65763.33,ZRX/USD
0.5181,0.5367,0.5143,0.53,1522389600,33946.72,17946.56,ZRX/USD
0.5296,0.5371,0.5115,0.5188,1522393200,25773.17,13719.16,ZRX/USD
0.5265,0.5441,0.5263,0.5297,1522396800,22798.82,12129.4,ZRX/USD
0.5265,0.5386,0.5259,0.5259,1522400400,10714.49,5776.18,ZRX/USD
0.5158,0.5351,0.5148,0.5265,1522404000,23122.35,12173.7,ZRX/USD
0.5237,0.5243,0.5138,0.5158,1522407600,16660.71,8761.55,ZRX/USD
0.5343,0.5372,0.5142,0.5237,1522411200,3469.99,1802.84,ZRX/USD
0.5089,0.5372,0.5057,0.5343,1522414800,16919.89,8758.76,ZRX/USD
0.5037,0.5289,0.4938,0.5092,1522418400,42443.75,21113.74,ZRX/USD
0.5071,0.5122,0.4959,0.5034,1522422000,13948.69,7140.08,ZRX/USD
0.4934,0.5215,0.4804,0.5191,1522425600,86847.75,43189.08,ZRX/USD
0.5165,0.5175,0.4886,0.4933,1522429200,33445.43,16540.0,ZRX/USD
0.5009,0.5187,0.4939,0.5187,1522432800,12338.08,6150.32,ZRX/USD
0.4954,0.516,0.4951,0.5009,1522436400,9529.55,4751.56,ZRX/USD
0.5175,0.5179,0.495,0.4964,1522440000,13029.57,6490.31,ZRX/USD
0.5243,0.5405,0.5028,0.5152,1522443600,126897.65,65005.11,ZRX/USD
0.5126,0.524,0.5114,0.524,1522447200,34309.25,17725.31,ZRX/USD
0.5307,0.5307,0.5107,0.5126,1522450800,9587.81,4993.34,ZRX/USD
0.5309,0.531,0.5214,0.5307,1522454400,26072.79,13880.78,ZRX/USD
0.5412,0.5459,0.5299,0.5309,1522458000,25514.19,13677.53,ZRX/USD
0.5519,0.5529,0.5342,0.5412,1522461600,8659.83,4729.63,ZRX/USD
0.5353,0.5533,0.529,0.5519,1522465200,8185.26,4359.97,ZRX/USD
0.5326,0.5503,0.531,0.5354,1522468800,2228.04,1203.09,ZRX/USD
0.5283,0.5387,0.5237,0.5326,1522472400,107614.05,56967.6,ZRX/USD
0.5171,0.5372,0.5161,0.5277,1522476000,16801.58,8938.31,ZRX/USD
0.513,0.5264,0.5114,0.5171,1522479600,20197.81,10604.05,ZRX/USD
0.5208,0.5244,0.5111,0.513,1522483200,14166.99,7441.12,ZRX/USD
0.5356,0.5365,0.5152,0.5208,1522486800,10548.88,5601.57,ZRX/USD
0.5372,0.5383,0.5198,0.5356,1522490400,18725.58,10013.26,ZRX/USD
0.5341,0.542,0.5304,0.5372,1522494000,14168.51,7590.94,ZRX/USD
0.5595,0.5613,0.531,0.5341,1522497600,94477.53,51342.9,ZRX/USD
0.5422,0.5601,0.5421,0.5575,1522501200,58068.14,31990.69,ZRX/USD
0.5496,0.5546,0.5379,0.5423,1522504800,6874.18,3773.38,ZRX/USD
0.5516,0.5633,0.546,0.5496,1522508400,14966.29,8303.87,ZRX/USD
0.5588,0.5617,0.5516,0.5516,1522512000,24061.15,13343.9,ZRX/USD
0.563,0.5741,0.556,0.5587,1522515600,42251.84,23509.1,ZRX/USD
0.5556,0.571,0.5547,0.563,1522519200,21464.16,12041.17,ZRX/USD
0.5572,0.56,0.5496,0.5556,1522522800,13054.13,7306.91,ZRX/USD
0.5427,0.5631,0.5387,0.5572,1522526400,69553.43,37928.08,ZRX/USD
0.5444,0.5513,0.5314,0.5425,1522530000,11005.34,6052.79,ZRX/USD
0.558,0.558,0.5437,0.5448,1522533600,16293.99,8990.2,ZRX/USD
0.5567,0.5657,0.5517,0.5581,1522537200,19837.1,11193.1,ZRX/USD
0.5674,0.5849,0.5546,0.5546,1522540800,20852.2,11964.9,ZRX/USD
0.5778,0.5832,0.5674,0.5674,1522544400,18607.6,10660.93,ZRX/USD
0.5658,0.5828,0.5635,0.5769,1522548000,10127.56,5865.88,ZRX/USD
0.5667,0.5816,0.5658,0.5661,1522551600,1504.73,867.53,ZRX/USD
0.5691,0.573,0.5612,0.5667,1522555200,8377.38,4809.9,ZRX/USD
0.5779,0.5805,0.5691,0.5691,1522558800,1342.64,777.55,ZRX/USD
0.5466,0.5794,0.5452,0.5779,1522562400,21546.88,11979.89,ZRX/USD
0.5279,0.5497,0.52,0.5466,1522566000,79909.58,42496.38,ZRX/USD
0.5307,0.5473,0.5235,0.529,1522569600,5061.98,2707.31,ZRX/USD
0.5248,0.5362,0.5126,0.5307,1522573200,46887.77,24286.32,ZRX/USD
0.5224,0.5396,0.515,0.5248,1522576800,3343.9,1753.86,ZRX/USD
0.5252,0.5393,0.5134,0.5224,1522580400,11172.11,5976.72,ZRX/USD
0.5093,0.5332,0.5083,0.5244,1522584000,22839.53,11711.94,ZRX/USD
0.4937,0.5108,0.4937,0.5091,1522587600,71213.41,35304.9,ZRX/USD
0.4834,0.4941,0.4781,0.4937,1522591200,49066.15,23529.37,ZRX/USD
0.4803,0.4942,0.4801,0.4834,1522594800,7976.9,3905.0,ZRX/USD
0.5194,0.526,0.4805,0.4806,1522598400,126588.02,64634.54,ZRX/USD
0.5218,0.5239,0.5142,0.5192,1522602000,29634.15,15445.74,ZRX/USD
0.5198,0.5363,0.51,0.5218,1522605600,41369.57,21206.12,ZRX/USD
0.5213,0.5328,0.5193,0.5193,1522609200,42311.27,22373.84,ZRX/USD
0.5256,0.526,0.5185,0.5219,1522612800,7968.0,4220.25,ZRX/USD
0.5248,0.5324,0.5149,0.5256,1522616400,29447.16,15168.17,ZRX/USD
0.5081,0.53,0.5013,0.5248,1522620000,18170.47,9193.8,ZRX/USD
0.5186,0.5233,0.5092,0.5094,1522623600,4249.4,2209.54,ZRX/USD
0.529,0.529,0.5084,0.5231,1522627200,13690.63,7210.6,ZRX/USD
0.519,0.5348,0.519,0.5278,1522630800,9829.95,5243.04,ZRX/USD
0.5444,0.5463,0.5163,0.5212,1522634400,14092.17,7434.24,ZRX/USD
0.5456,0.5463,0.5406,0.5444,1522638000,1413.53,770.43,ZRX/USD
0.5258,0.5462,0.5258,0.5456,1522641600,5147.09,2747.87,ZRX/USD
0.5432,0.5468,0.5257,0.5257,1522645200,3817.35,2054.08,ZRX/USD
0.5264,0.5462,0.5256,0.5432,1522648800,3867.23,2089.18,ZRX/USD
0.5453,0.5456,0.5264,0.5264,1522652400,59706.36,32302.53,ZRX/USD
0.5372,0.546,0.5342,0.546,1522656000,22969.93,12489.05,ZRX/USD
0.5561,0.5561,0.5377,0.5377,1522659600,11556.49,6363.36,ZRX/USD
0.5372,0.5559,0.5329,0.5559,1522663200,12765.02,6955.33,ZRX/USD
0.5472,0.5482,0.5329,0.5371,1522666800,12903.01,7070.97,ZRX/USD
0.5278,0.5474,0.5246,0.5468,1522670400,27482.62,14632.22,ZRX/USD
0.5442,0.5461,0.5262,0.5273,1522674000,10826.36,5920.03,ZRX/USD
0.5249,0.5533,0.5156,0.5442,1522677600,18953.7,9968.17,ZRX/USD
0.5252,0.5311,0.5169,0.5249,1522681200,14444.08,7600.0,ZRX/USD
0.553,0.553,0.5207,0.5252,1522684800,61855.78,33633.08,ZRX/USD
0.545,0.5536,0.5348,0.5523,1522688400,16144.06,8702.3,ZRX/USD
0.5485,0.5542,0.5436,0.545,1522692000,1167.92,643.58,ZRX/USD
0.5438,0.5541,0.5355,0.548,1522695600,28974.88,15469.96,ZRX/USD
0.5369,0.5558,0.5332,0.5438,1522699200,6104.09,3301.42,ZRX/USD
0.5442,0.5498,0.5353,0.5368,1522702800,7304.56,3979.34,ZRX/USD
0.542,0.5556,0.5395,0.546,1522706400,25690.34,13833.56,ZRX/USD
0.5407,0.5473,0.5355,0.542,1522710000,9214.27,4996.93,ZRX/USD
0.5427,0.5518,0.5368,0.5414,1522713600,6546.49,3599.95,ZRX/USD
0.5327,0.5526,0.5277,0.5427,1522717200,26500.62,14227.9,ZRX/USD
0.5403,0.5403,0.5272,0.5327,1522720800,9961.95,5350.86,ZRX/USD
0.5484,0.5484,0.5315,0.5403,1522724400,9940.16,5387.23,ZRX/USD
0.5592,0.5602,0.5487,0.5487,1522728000,12330.7,6872.74,ZRX/USD
0.5567,0.5624,0.5506,0.559,1522731600,8019.57,4476.98,ZRX/USD
0.5543,0.5596,0.5521,0.5567,1522735200,16790.2,9359.99,ZRX/USD
0.5589,0.5672,0.5529,0.5543,1522738800,28991.58,16203.04,ZRX/USD
0.5656,0.5721,0.5571,0.5589,1522742400,15634.92,8850.58,ZRX/USD
0.5884,0.5884,0.5586,0.5656,1522746000,32997.82,19025.56,ZRX/USD
0.5809,0.5993,0.5729,0.5884,1522749600,88260.84,51830.81,ZRX/USD
0.5981,0.5998,0.579,0.5822,1522753200,147218.15,86863.51,ZRX/USD
0.6025,0.6087,0.5978,0.5983,1522756800,51638.31,31183.99,ZRX/USD
0.5966,0.6082,0.587,0.6025,1522760400,51217.89,30514.62,ZRX/USD
0.5998,0.5998,0.5866,0.5966,1522764000,24279.06,14272.62,ZRX/USD
0.5961,0.6038,0.5871,0.5998,1522767600,22164.19,13017.27,ZRX/USD
0.6069,0.6077,0.595,0.5961,1522771200,17752.15,10705.2,ZRX/USD
0.6229,0.63,0.6064,0.6069,1522774800,68446.4,42114.2,ZRX/USD
0.6281,0.6386,0.6151,0.6241,1522778400,78239.82,49224.95,ZRX/USD
0.6177,0.6323,0.6114,0.6265,1522782000,81119.39,50126.5,ZRX/USD
0.6072,0.6237,0.6056,0.6177,1522785600,22555.79,13906.44,ZRX/USD
0.6086,0.6153,0.6072,0.6072,1522789200,11711.58,7153.13,ZRX/USD
0.6237,0.624,0.6075,0.6091,1522792800,3626.92,2217.35,ZRX/USD
0.5983,0.6258,0.5981,0.6237,1522796400,31029.19,18529.92,ZRX/USD
0.5956,0.6034,0.5909,0.5983,1522800000,20696.2,12346.41,ZRX/USD
0.5951,0.5985,0.5856,0.5959,1522803600,9094.27,5416.18,ZRX/USD
0.5787,0.6029,0.5735,0.5951,1522807200,29395.36,17130.92,ZRX/USD
0.5917,0.5921,0.5762,0.5787,1522810800,5000.94,2948.12,ZRX/USD
0.5739,0.5921,0.5714,0.5918,1522814400,23850.17,13746.99,ZRX/USD
0.583,0.5897,0.5753,0.5753,1522818000,20827.89,12103.88,ZRX/USD
0.5966,0.6062,0.5819,0.5821,1522821600,11188.17,6677.19,ZRX/USD
0.5862,0.5989,0.5842,0.5966,1522825200,12742.79,7522.48,ZRX/USD
0.5815,0.5879,0.5745,0.5861,1522828800,28249.71,16546.28,ZRX/USD
0.5397,0.5931,0.5354,0.5809,1522832400,148580.88,81538.03,ZRX/USD
0.539,0.5434,0.5359,0.5397,1522836000,15169.85,8198.68,ZRX/USD
0.5411,0.5537,0.5357,0.5383,1522839600,20326.32,10881.22,ZRX/USD
0.5308,0.5408,0.5262,0.54,1522843200,32440.83,17297.85,ZRX/USD
0.5484,0.5529,0.5295,0.5314,1522846800,17234.02,9550.87,ZRX/USD
0.5188,0.5494,0.5188,0.549,1522850400,38456.96,20196.47,ZRX/USD
0.5135,0.5256,0.5135,0.5188,1522854000,30469.7,15788.81,ZRX/USD
0.53,0.5316,0.5133,0.5135,1522857600,29318.26,15227.45,ZRX/USD
0.5329,0.5373,0.5242,0.5301,1522861200,17877.83,9465.41,ZRX/USD
0.5318,0.5411,0.5232,0.5329,1522864800,16556.56,8858.47,ZRX/USD
0.5366,0.5428,0.5259,0.5318,1522868400,16436.69,8782.9,ZRX/USD
0.5562,0.5567,0.5354,0.5366,1522872000,8530.25,4614.45,ZRX/USD
0.5344,0.5562,0.526,0.5562,1522875600,36748.85,19513.98,ZRX/USD
0.526,0.5489,0.5226,0.5344,1522879200,13819.38,7464.74,ZRX/USD
0.5391,0.5461,0.5233,0.5258,1522882800,8451.79,4568.31,ZRX/USD
0.5213,0.5465,0.516,0.5391,1522886400,11044.84,5723.23,ZRX/USD
0.5088,0.528,0.5074,0.5215,1522890000,27022.34,13954.95,ZRX/USD
0.5075,0.5314,0.5034,0.508,1522893600,67882.35,33969.46,ZRX/USD
0.5262,0.5371,0.5075,0.5075,1522897200,6267.41,3314.51,ZRX/USD
0.5232,0.5473,0.5213,0.5258,1522900800,11475.15,6194.9,ZRX/USD
0.5326,0.5406,0.5232,0.5232,1522904400,12619.62,6726.98,ZRX/USD
0.529,0.5498,0.5219,0.5326,1522908000,21301.77,11522.88,ZRX/USD
0.5248,0.5445,0.5228,0.529,1522911600,14031.4,7372.49,ZRX/USD
0.5328,0.5414,0.518,0.5248,1522915200,29419.91,15644.28,ZRX/USD
0.5341,0.5492,0.5312,0.5322,1522918800,18984.04,10138.31,ZRX/USD
0.5252,0.546,0.5234,0.5354,1522922400,20887.13,11057.89,ZRX/USD
0.5294,0.5357,0.5233,0.5233,1522926000,14684.44,7747.55,ZRX/USD
0.5185,0.5291,0.518,0.5291,1522929600,32874.15,17073.55,ZRX/USD
0.5308,0.5322,0.5172,0.5191,1522933200,41104.09,21344.75,ZRX/USD
0.5208,0.5372,0.5206,0.5304,1522936800,46124.27,24493.72,ZRX/USD
0.5257,0.5273,0.5204,0.5208,1522940400,95959.0,50048.38,ZRX/USD
0.5328,0.5344,0.5232,0.5258,1522944000,21822.26,11514.3,ZRX/USD
0.5558,0.5558,0.5288,0.533,1522947600,112510.55,61019.81,ZRX/USD
0.563,0.5783,0.5549,0.556,1522951200,78973.7,44574.66,ZRX/USD
0.6558,0.6563,0.5618,0.563,1522954800,379548.42,234007.46,ZRX/USD
0.5832,0.7012,0.5747,0.6558,1522958400,1066658.13,673054.06,ZRX/USD
0.5405,0.6198,0.5246,0.5832,1522962000,456291.18,252323.13,ZRX/USD
0.5436,0.548,0.5322,0.5405,1522965600,17221.93,9371.57,ZRX/USD
0.5511,0.5515,0.5379,0.5436,1522969200,10805.12,5882.8,ZRX/USD
0.5543,0.5699,0.5383,0.5511,1522972800,15229.23,8370.42,ZRX/USD
0.5543,0.5699,0.5383,0.5511,1522972800,15229.23,8370.42,ZRX/USD
0.5415,0.5557,0.5349,0.5543,1522976400,64167.51,34855.47,ZRX/USD
0.5571,0.558,0.5394,0.5417,1522980000,4774.32,2639.71,ZRX/USD
0.5507,0.5586,0.5418,0.5571,1522983600,2833.83,1568.31,ZRX/USD
0.54,0.5507,0.5371,0.5506,1522987200,20306.75,11200.31,ZRX/USD
0.5411,0.5433,0.5385,0.54,1522990800,13059.04,7201.6,ZRX/USD
0.5151,0.5411,0.5121,0.5411,1522994400,71777.2,37495.7,ZRX/USD
0.5185,0.5235,0.5094,0.5151,1522998000,20751.08,10745.44,ZRX/USD
0.5127,0.5188,0.5105,0.5185,1523001600,19861.58,10328.97,ZRX/USD
0.508,0.5166,0.5059,0.5125,1523005200,9268.45,4791.57,ZRX/USD
0.512,0.5166,0.5077,0.508,1523008800,14807.46,7772.88,ZRX/USD
0.5176,0.5252,0.5117,0.512,1523012400,21577.75,11486.57,ZRX/USD
0.5187,0.5232,0.5125,0.5176,1523016000,11867.6,6266.4,ZRX/USD
0.5203,0.5232,0.5126,0.5187,1523019600,40204.34,20767.92,ZRX/USD
0.5149,0.5204,0.5097,0.5204,1523023200,10372.49,5374.21,ZRX/USD
0.5192,0.5192,0.5118,0.5148,1523026800,16999.97,8931.33,ZRX/USD
0.5217,0.5225,0.5138,0.5188,1523030400,28608.11,14828.62,ZRX/USD
0.5159,0.5372,0.5148,0.5217,1523034000,4006.37,2098.01,ZRX/USD
0.5187,0.5358,0.5158,0.5159,1523037600,2463.38,1320.28,ZRX/USD
0.5223,0.5234,0.5179,0.5187,1523041200,6512.55,3458.6,ZRX/USD
0.5242,0.5244,0.5191,0.5223,1523044800,22896.85,12041.66,ZRX/USD
0.5251,0.5321,0.5131,0.5235,1523048400,130073.9,66851.76,ZRX/USD
0.5213,0.5409,0.5213,0.5253,1523052000,8904.52,4726.45,ZRX/USD
0.536,0.5382,0.5206,0.5212,1523055600,13034.03,6918.4,ZRX/USD
0.5388,0.5394,0.5236,0.536,1523059200,6494.66,3478.82,ZRX/USD
0.5397,0.543,0.5245,0.5375,1523062800,37505.56,20421.7,ZRX/USD
0.5377,0.5492,0.5348,0.5397,1523066400,11107.82,5990.24,ZRX/USD
0.5403,0.5432,0.5309,0.5387,1523070000,15786.01,8428.49,ZRX/USD
0.5399,0.5496,0.5341,0.5403,1523073600,6215.83,3310.8,ZRX/USD
0.5478,0.5486,0.5323,0.5399,1523077200,9741.71,5245.48,ZRX/USD
0.5434,0.5478,0.5333,0.5478,1523080800,10070.43,5425.55,ZRX/USD
0.5453,0.546,0.5258,0.5434,1523084400,26837.93,14308.0,ZRX/USD
0.5433,0.5479,0.533,0.5453,1523088000,11257.47,6135.87,ZRX/USD
0.5338,0.5471,0.5313,0.5433,1523091600,8778.62,4696.53,ZRX/USD
0.5345,0.5399,0.5279,0.5338,1523095200,7935.24,4278.06,ZRX/USD
0.5394,0.5455,0.5354,0.5354,1523098800,2652.17,1439.67,ZRX/USD
0.5409,0.5434,0.5315,0.5415,1523102400,4391.82,2354.57,ZRX/USD
0.5338,0.5428,0.5287,0.5417,1523106000,19968.42,10708.63,ZRX/USD
0.542,0.5439,0.5327,0.5338,1523109600,9365.15,5062.88,ZRX/USD
0.542,0.5476,0.5307,0.544,1523113200,24217.21,13085.69,ZRX/USD
0.5456,0.5497,0.5404,0.542,1523116800,81423.21,44124.61,ZRX/USD
0.5521,0.5528,0.5449,0.5456,1523120400,16319.15,8957.04,ZRX/USD
0.5643,0.5677,0.5513,0.5521,1523124000,23121.7,13014.91,ZRX/USD
0.5575,0.5761,0.5533,0.5643,1523127600,13587.89,7635.53,ZRX/USD
0.5506,0.5693,0.5504,0.5575,1523131200,45889.28,25347.16,ZRX/USD
0.5616,0.5648,0.5493,0.5493,1523134800,4391.62,2448.25,ZRX/USD
0.5618,0.5687,0.5526,0.5643,1523138400,9702.72,5273.73,ZRX/USD
0.5562,0.5643,0.5421,0.5618,1523142000,26142.74,14296.71,ZRX/USD
0.5605,0.5662,0.5523,0.5538,1523145600,13067.35,7306.52,ZRX/USD
0.5484,0.561,0.5461,0.5607,1523149200,2968.5,1653.11,ZRX/USD
0.5547,0.5668,0.5454,0.5494,1523152800,5408.83,3012.05,ZRX/USD
0.5546,0.5669,0.5513,0.5547,1523156400,8082.53,4437.4,ZRX/USD
0.5561,0.5634,0.5523,0.5531,1523160000,5516.6,3071.3,ZRX/USD
0.5635,0.5657,0.5551,0.5561,1523163600,12779.07,7055.97,ZRX/USD
0.5633,0.5659,0.5539,0.5635,1523167200,1824.27,1025.73,ZRX/USD
0.5572,0.5652,0.5504,0.5633,1523170800,12382.44,6914.92,ZRX/USD
0.5675,0.5687,0.554,0.5561,1523174400,26370.92,14797.32,ZRX/USD
0.5666,0.5763,0.5662,0.5675,1523178000,39571.84,22641.02,ZRX/USD
0.5761,0.5844,0.5645,0.5666,1523181600,25887.12,14883.67,ZRX/USD
0.5737,0.5764,0.5647,0.5761,1523185200,36843.77,20770.19,ZRX/USD
0.5763,0.5806,0.5705,0.5737,1523188800,29458.84,16833.77,ZRX/USD
0.5707,0.5815,0.5705,0.5763,1523192400,9974.76,5783.3,ZRX/USD
0.574,0.5767,0.569,0.5706,1523196000,2012.75,1152.19,ZRX/USD
0.5779,0.5812,0.5735,0.5737,1523199600,50084.02,28721.13,ZRX/USD
0.5897,0.5957,0.5742,0.5775,1523203200,106436.49,61602.01,ZRX/USD
0.5784,0.5902,0.5759,0.5881,1523206800,31240.4,18212.91,ZRX/USD
0.5818,0.5818,0.5731,0.5784,1523210400,12479.86,7272.67,ZRX/USD
0.5805,0.5977,0.5769,0.5818,1523214000,21327.81,12441.64,ZRX/USD
0.5917,0.5932,0.5779,0.5805,1523217600,6034.43,3499.16,ZRX/USD
0.5729,0.5919,0.5724,0.5919,1523221200,7436.48,4284.62,ZRX/USD
0.5907,0.5915,0.5725,0.5725,1523224800,16503.37,9637.1,ZRX/USD
0.5797,0.5917,0.5752,0.586,1523228400,20245.0,11691.41,ZRX/USD
0.5843,0.5913,0.5742,0.5797,1523232000,13650.48,7803.04,ZRX/USD
0.5989,0.5994,0.5798,0.5843,1523235600,8312.47,4880.88,ZRX/USD
0.5887,0.5992,0.5852,0.594,1523239200,69138.29,40363.06,ZRX/USD
0.5955,0.601,0.5883,0.5883,1523242800,13917.18,8252.5,ZRX/USD
0.5952,0.599,0.5902,0.5955,1523246400,17925.11,10633.21,ZRX/USD
0.6027,0.6076,0.5924,0.5952,1523250000,7509.78,4464.44,ZRX/USD
0.6002,0.6081,0.595,0.6027,1523253600,20978.36,12637.38,ZRX/USD
0.6051,0.6167,0.5967,0.6002,1523257200,52822.54,31751.91,ZRX/USD
0.5981,0.6171,0.5972,0.6051,1523260800,20554.26,12495.26,ZRX/USD
0.5874,0.6057,0.5854,0.5995,1523264400,26534.57,15869.75,ZRX/USD
0.5557,0.59,0.5479,0.5851,1523268000,56595.08,31543.59,ZRX/USD
0.5456,0.5872,0.5421,0.5557,1523271600,86116.14,47447.64,ZRX/USD
0.5426,0.5602,0.5353,0.5452,1523275200,50658.56,27185.23,ZRX/USD
0.5406,0.5474,0.536,0.5426,1523278800,25712.25,13892.13,ZRX/USD
0.533,0.5419,0.532,0.5395,1523282400,48055.3,25957.7,ZRX/USD
0.5509,0.5522,0.533,0.533,1523286000,7294.8,4005.84,ZRX/USD
0.5616,0.5616,0.545,0.5509,1523289600,5261.39,2888.93,ZRX/USD
0.5531,0.5659,0.5465,0.5616,1523293200,15129.99,8486.99,ZRX/USD
0.5512,0.5647,0.5478,0.5531,1523296800,14277.26,7884.71,ZRX/USD
0.5417,0.565,0.5369,0.5512,1523300400,34911.01,18850.06,ZRX/USD
0.5457,0.5475,0.5371,0.5415,1523304000,13946.23,7499.02,ZRX/USD
0.5589,0.5639,0.5445,0.5445,1523307600,11504.01,6406.98,ZRX/USD
0.5436,0.5627,0.5411,0.5625,1523311200,3254.29,1809.83,ZRX/USD
0.5586,0.5586,0.5392,0.5434,1523314800,3268.91,1813.38,ZRX/USD
0.5627,0.5627,0.5474,0.5581,1523318400,51739.55,28439.68,ZRX/USD
0.5622,0.5642,0.5588,0.5627,1523322000,1144.69,643.51,ZRX/USD
0.562,0.5657,0.5587,0.5622,1523325600,1308.1,735.74,ZRX/USD
0.571,0.5739,0.5513,0.562,1523329200,11796.99,6725.27,ZRX/USD
0.5567,0.5739,0.555,0.571,1523332800,7836.33,4417.02,ZRX/USD
0.5597,0.5597,0.5392,0.5567,1523336400,5446.13,2978.0,ZRX/USD
0.5469,0.5661,0.5418,0.5597,1523340000,19296.43,10574.75,ZRX/USD
0.5497,0.5646,0.5465,0.5482,1523343600,17177.81,9344.59,ZRX/USD
0.5489,0.5582,0.5398,0.5507,1523347200,23030.57,12511.5,ZRX/USD
0.5511,0.5661,0.5416,0.5498,1523350800,16760.78,9247.97,ZRX/USD
0.5506,0.5641,0.5481,0.5511,1523354400,3184.91,1753.04,ZRX/USD
0.5549,0.5639,0.5472,0.5506,1523358000,2029.48,1128.48,ZRX/USD
0.5541,0.5677,0.5531,0.5549,1523361600,19301.11,10743.83,ZRX/USD
0.5558,0.5566,0.5506,0.5544,1523365200,8890.49,4900.39,ZRX/USD
0.5622,0.5625,0.5551,0.5551,1523368800,4779.9,2661.99,ZRX/USD
0.5665,0.5787,0.5622,0.5622,1523372400,15704.28,8931.32,ZRX/USD
0.5698,0.5779,0.5647,0.5665,1523376000,5622.55,3161.27,ZRX/USD
0.5741,0.5752,0.5647,0.5695,1523379600,130662.32,73973.2,ZRX/USD
0.5767,0.5785,0.573,0.5738,1523383200,45797.56,26295.39,ZRX/USD
0.5672,0.5772,0.5641,0.5767,1523386800,33885.09,19258.34,ZRX/USD
0.5657,0.5721,0.5622,0.5672,1523390400,25479.21,14424.57,ZRX/USD
0.5784,0.5804,0.5593,0.5657,1523394000,2477.64,1406.1,ZRX/USD
0.5636,0.5867,0.5636,0.5784,1523397600,10212.07,5935.12,ZRX/USD
0.5665,0.5703,0.5605,0.5636,1523401200,9054.35,5172.56,ZRX/USD
0.575,0.5819,0.566,0.566,1523404800,22791.19,12953.62,ZRX/USD
0.5711,0.5809,0.5618,0.575,1523408400,23679.25,13357.64,ZRX/USD
0.5708,0.581,0.5656,0.5698,1523412000,23114.84,13123.9,ZRX/USD
0.5647,0.5868,0.5635,0.5718,1523415600,38852.72,21907.5,ZRX/USD
0.5878,0.5882,0.5634,0.5635,1523419200,31959.75,18593.54,ZRX/USD
0.5821,0.5926,0.5743,0.5878,1523422800,22255.43,13137.07,ZRX/USD
0.5855,0.5906,0.5785,0.582,1523426400,21588.28,12744.66,ZRX/USD
0.5859,0.5876,0.5763,0.5855,1523430000,21328.55,12339.88,ZRX/USD
0.5858,0.5981,0.5787,0.5859,1523433600,28952.43,16770.11,ZRX/USD
0.5866,0.5967,0.5811,0.5858,1523437200,10937.25,6440.07,ZRX/USD
0.5756,0.5944,0.5747,0.5852,1523440800,12388.3,7276.94,ZRX/USD
0.6035,0.6171,0.5743,0.5755,1523444400,257118.76,154554.54,ZRX/USD
0.6099,0.6182,0.602,0.6035,1523448000,77158.83,47125.26,ZRX/USD
0.6146,0.6184,0.6033,0.6101,1523451600,64395.33,39129.52,ZRX/USD
0.6169,0.6423,0.6147,0.6149,1523455200,131014.68,82319.15,ZRX/USD
0.6061,0.6169,0.6044,0.6169,1523458800,50097.79,30360.07,ZRX/USD
0.6158,0.6158,0.5998,0.6061,1523462400,73539.73,44551.78,ZRX/USD
0.611,0.6249,0.6048,0.6158,1523466000,52111.56,31806.94,ZRX/USD
0.6039,0.6169,0.5988,0.611,1523469600,31345.55,18918.23,ZRX/USD
0.609,0.617,0.6041,0.6052,1523473200,15936.01,9716.61,ZRX/USD
0.6091,0.6145,0.6035,0.6083,1523476800,63803.88,38561.82,ZRX/USD
0.6096,0.6103,0.6027,0.6096,1523480400,3069.24,1892.41,ZRX/USD
0.6135,0.6148,0.5951,0.6096,1523484000,33652.99,20257.03,ZRX/USD
0.5989,0.6147,0.5987,0.6135,1523487600,69235.6,41498.48,ZRX/USD
0.6084,0.6214,0.5986,0.5986,1523491200,51310.95,31477.85,ZRX/USD
0.622,0.6231,0.602,0.6084,1523494800,19165.99,11917.11,ZRX/USD
0.6272,0.6362,0.6214,0.622,1523498400,12847.91,8034.94,ZRX/USD
0.6294,0.6326,0.623,0.6267,1523502000,5295.91,3325.75,ZRX/USD
0.6309,0.6396,0.6282,0.6294,1523505600,12739.77,8054.18,ZRX/USD
0.6264,0.6316,0.6215,0.631,1523509200,45337.22,28390.73,ZRX/USD
0.5939,0.6277,0.5922,0.6264,1523512800,65193.06,39565.49,ZRX/USD
0.5889,0.5942,0.5825,0.5939,1523516400,12012.66,7056.4,ZRX/USD
0.5951,0.5984,0.5889,0.5889,1523520000,9974.48,6006.65,ZRX/USD
0.5944,0.5992,0.5888,0.5951,1523523600,12181.78,7261.5,ZRX/USD
0.6085,0.6087,0.5929,0.5944,1523527200,64692.08,38602.02,ZRX/USD
0.6473,0.6699,0.6035,0.6085,1523530800,305967.1,195413.41,ZRX/USD
0.6523,0.6558,0.6329,0.6466,1523534400,73192.28,47224.96,ZRX/USD
0.6422,0.6606,0.6366,0.6523,1523538000,32780.56,21259.76,ZRX/USD
0.6406,0.6495,0.6366,0.6423,1523541600,30069.3,19406.35,ZRX/USD
0.6426,0.6432,0.6322,0.6406,1523545200,40634.47,25960.65,ZRX/USD
0.6506,0.6518,0.6379,0.6426,1523548800,37541.96,24240.35,ZRX/USD
0.6376,0.6596,0.636,0.6505,1523552400,94469.39,60678.34,ZRX/USD
0.6393,0.6457,0.632,0.6376,1523556000,11601.07,7433.45,ZRX/USD
0.6435,0.6593,0.6398,0.6406,1523559600,6116.86,4001.46,ZRX/USD
0.6451,0.65,0.6405,0.6439,1523563200,10932.77,7090.97,ZRX/USD
0.6607,0.6611,0.6451,0.6451,1523566800,23441.49,15485.8,ZRX/USD
0.6713,0.6714,0.6505,0.6606,1523570400,42640.45,28317.0,ZRX/USD
0.6939,0.7025,0.6713,0.6713,1523574000,122547.6,84995.25,ZRX/USD
0.7002,0.706,0.6872,0.6939,1523577600,103381.05,72021.58,ZRX/USD
0.6769,0.7003,0.6752,0.7,1523581200,24914.97,17079.72,ZRX/USD
0.6772,0.6795,0.6645,0.6769,1523584800,60439.88,40522.87,ZRX/USD
0.6792,0.6982,0.6751,0.6775,1523588400,13503.21,9266.77,ZRX/USD
0.6806,0.6946,0.674,0.6801,1523592000,3076.7,2091.12,ZRX/USD
0.6686,0.6807,0.6677,0.6806,1523595600,23052.72,15601.38,ZRX/USD
0.6713,0.6752,0.6666,0.6686,1523599200,27873.35,18638.47,ZRX/USD
0.6924,0.6935,0.6707,0.6718,1523602800,50499.62,34547.09,ZRX/USD
0.702,0.7158,0.6821,0.6924,1523606400,95167.01,66412.84,ZRX/USD
0.7028,0.7097,0.6976,0.7027,1523610000,81082.47,56661.62,ZRX/USD
0.6992,0.7136,0.699,0.7026,1523613600,16380.42,11550.71,ZRX/USD
0.7244,0.7345,0.6992,0.7021,1523617200,108379.45,78014.08,ZRX/USD
0.7363,0.7364,0.7239,0.7241,1523620800,65251.46,47909.29,ZRX/USD
0.7092,0.738,0.6983,0.7363,1523624400,88570.91,64048.73,ZRX/USD
0.716,0.716,0.7071,0.7092,1523628000,11583.72,8267.4,ZRX/USD
0.7184,0.7292,0.7128,0.7164,1523631600,10926.36,7977.03,ZRX/USD
0.7294,0.7301,0.7123,0.7184,1523635200,46648.9,33765.45,ZRX/USD
0.7346,0.7351,0.7213,0.7294,1523638800,30763.34,22430.51,ZRX/USD
0.7284,0.7363,0.7281,0.7346,1523642400,17337.27,12680.78,ZRX/USD
0.7158,0.7308,0.7144,0.7284,1523646000,14416.51,10415.76,ZRX/USD
0.6919,0.7201,0.6877,0.716,1523649600,79784.69,56204.01,ZRX/USD
0.684,0.6931,0.684,0.6919,1523653200,34342.3,23516.56,ZRX/USD
0.6742,0.6855,0.6713,0.6843,1523656800,45139.45,30819.13,ZRX/USD
0.6911,0.735,0.6737,0.6737,1523660400,85409.38,58923.15,ZRX/USD
0.6806,0.6917,0.6745,0.6911,1523664000,32705.39,22205.98,ZRX/USD
0.7006,0.7007,0.68,0.681,1523667600,20822.69,14443.21,ZRX/USD
0.7124,0.7192,0.6957,0.7002,1523671200,31453.89,22380.06,ZRX/USD
0.7038,0.7146,0.7027,0.7124,1523674800,7603.14,5450.02,ZRX/USD
0.7003,0.7224,0.6991,0.705,1523678400,4001.76,2868.79,ZRX/USD
0.7015,0.7071,0.6993,0.7003,1523682000,3780.77,2683.06,ZRX/USD
0.7086,0.7238,0.7025,0.7039,1523685600,4620.38,3306.0,ZRX/USD
0.7348,0.7414,0.7094,0.7094,1523689200,34488.29,25337.19,ZRX/USD
0.7499,0.7508,0.7317,0.7359,1523692800,80700.17,60229.02,ZRX/USD
0.7313,0.7571,0.7294,0.7503,1523696400,50947.19,38031.72,ZRX/USD
0.7231,0.7441,0.7219,0.7325,1523700000,100752.79,73838.36,ZRX/USD
0.7309,0.7344,0.7199,0.7231,1523703600,10029.49,7403.77,ZRX/USD
0.6938,0.7341,0.6895,0.7306,1523707200,33487.6,23492.93,ZRX/USD
0.7079,0.7094,0.6937,0.6938,1523710800,17491.57,12286.36,ZRX/USD
0.7164,0.7176,0.7093,0.7115,1523714400,3874.1,2803.96,ZRX/USD
0.7081,0.719,0.707,0.7164,1523718000,13267.58,9475.73,ZRX/USD
0.7174,0.7185,0.7077,0.7081,1523721600,19848.63,14200.45,ZRX/USD
0.7276,0.7289,0.7163,0.7174,1523725200,12947.7,9478.3,ZRX/USD
0.7384,0.7399,0.7252,0.7293,1523728800,8988.31,6655.98,ZRX/USD
0.7385,0.7431,0.7285,0.7384,1523732400,6344.75,4723.47,ZRX/USD
0.7475,0.7544,0.7385,0.7385,1523736000,21085.23,15722.95,ZRX/USD
0.7456,0.7813,0.7393,0.7475,1523739600,76504.08,57378.86,ZRX/USD
0.7499,0.8104,0.7393,0.7462,1523743200,147733.38,110620.42,ZRX/USD
0.7425,0.7541,0.7419,0.7499,1523746800,33704.23,25012.09,ZRX/USD
0.7552,0.7563,0.7428,0.7428,1523750400,21870.68,16568.05,ZRX/USD
0.7644,0.7647,0.7536,0.7557,1523754000,36434.07,27512.33,ZRX/USD
0.7568,0.7673,0.7525,0.7644,1523757600,36868.82,27965.68,ZRX/USD
0.7572,0.7611,0.7532,0.7568,1523761200,82433.84,62257.97,ZRX/USD
0.7537,0.7762,0.7533,0.7601,1523764800,6106.56,4633.22,ZRX/USD
0.7542,0.7552,0.7451,0.7536,1523768400,14078.94,10626.37,ZRX/USD
0.7615,0.7639,0.7468,0.7554,1523772000,19462.44,14691.71,ZRX/USD
0.7587,0.7655,0.7499,0.7652,1523775600,10986.76,8313.42,ZRX/USD
0.7548,0.7602,0.7467,0.7602,1523779200,6371.01,4826.86,ZRX/USD
0.7661,0.7707,0.7514,0.7541,1523782800,9008.57,6877.54,ZRX/USD
0.7484,0.771,0.7457,0.767,1523786400,5441.13,4132.06,ZRX/USD
0.7685,0.7761,0.7452,0.7484,1523790000,91721.96,70434.61,ZRX/USD
0.769,0.7769,0.7602,0.7694,1523793600,67399.98,51789.3,ZRX/USD
0.7698,0.7723,0.7551,0.769,1523797200,38194.91,29052.6,ZRX/USD
0.762,0.773,0.762,0.7703,1523800800,36981.65,28283.38,ZRX/USD
0.7743,0.781,0.7614,0.7626,1523804400,27931.57,21728.0,ZRX/USD
0.7854,0.7908,0.7735,0.7743,1523808000,19761.24,15543.99,ZRX/USD
0.79,0.7942,0.7846,0.7858,1523811600,16958.37,13458.99,ZRX/USD
0.7922,0.7999,0.7871,0.79,1523815200,11169.07,8942.12,ZRX/USD
0.7909,0.7941,0.7832,0.7932,1523818800,16874.01,13264.0,ZRX/USD
0.7915,0.7945,0.7843,0.7905,1523822400,32892.06,25929.95,ZRX/USD
0.7871,0.7963,0.7851,0.7907,1523826000,3800.84,3013.37,ZRX/USD
0.7902,0.81,0.7789,0.7895,1523829600,105042.49,83206.21,ZRX/USD
0.7985,0.8053,0.7804,0.7909,1523833200,110986.79,86909.48,ZRX/USD
0.806,0.8076,0.7786,0.7984,1523836800,23913.81,19153.35,ZRX/USD
0.804,0.818,0.7976,0.806,1523840400,6474.36,5200.64,ZRX/USD
0.7676,0.8054,0.7671,0.8038,1523844000,163732.6,126131.39,ZRX/USD
0.7733,0.7758,0.7659,0.7664,1523847600,11728.17,9135.3,ZRX/USD
0.7732,0.776,0.7638,0.7748,1523851200,9417.8,7356.49,ZRX/USD
0.7533,0.7881,0.7459,0.7732,1523854800,84052.49,63406.12,ZRX/USD
0.7555,0.7573,0.745,0.7523,1523858400,61930.3,46724.01,ZRX/USD
0.7644,0.7644,0.7526,0.7557,1523862000,15469.95,11806.05,ZRX/USD
0.7663,0.77,0.7601,0.7644,1523865600,3672.73,2854.84,ZRX/USD
0.7854,0.7854,0.7665,0.7677,1523869200,12192.66,9521.29,ZRX/USD
0.7751,0.786,0.7722,0.7843,1523872800,9006.99,7083.2,ZRX/USD
0.7741,0.7964,0.7728,0.7751,1523876400,44589.77,34423.26,ZRX/USD
0.7421,0.7751,0.7288,0.7741,1523880000,151824.03,112531.14,ZRX/USD
0.729,0.7443,0.7232,0.743,1523883600,30085.85,21975.32,ZRX/USD
0.7274,0.7329,0.7235,0.729,1523887200,15450.34,11221.92,ZRX/USD
0.7334,0.741,0.7274,0.7274,1523890800,177425.91,130244.61,ZRX/USD
0.7348,0.7348,0.7291,0.7334,1523894400,24752.79,18152.55,ZRX/USD
0.7513,0.7513,0.7281,0.7348,1523898000,55550.17,41167.13,ZRX/USD
0.7512,0.7528,0.7413,0.7508,1523901600,15093.48,11420.08,ZRX/USD
0.7531,0.7534,0.7427,0.7514,1523905200,30589.26,22877.21,ZRX/USD
0.7464,0.7594,0.7396,0.7523,1523908800,6485.31,4920.81,ZRX/USD
0.7422,0.7669,0.7417,0.7464,1523912400,20733.67,15645.65,ZRX/USD
0.7455,0.7665,0.743,0.7444,1523916000,3789.78,2860.88,ZRX/USD
0.7482,0.7488,0.745,0.745,1523919600,2381.66,1786.9,ZRX/USD
0.7494,0.7503,0.743,0.7482,1523923200,708.98,530.41,ZRX/USD
0.7534,0.7548,0.7421,0.7494,1523926800,1940.67,1477.57,ZRX/USD
0.7456,0.7659,0.7436,0.7637,1523930400,5690.89,4309.01,ZRX/USD
0.7635,0.7658,0.7462,0.7473,1523934000,3576.35,2711.16,ZRX/USD
0.7425,0.7653,0.7347,0.7635,1523937600,39231.33,29225.6,ZRX/USD
0.7561,0.7666,0.7425,0.7425,1523941200,41005.84,30948.53,ZRX/USD
0.7645,0.7785,0.7553,0.7555,1523944800,1012.21,781.05,ZRX/USD
0.7717,0.7793,0.7645,0.7645,1523948400,14038.05,10953.64,ZRX/USD
0.7775,0.7779,0.7718,0.7718,1523952000,17405.95,13473.16,ZRX/USD
0.776,0.781,0.7745,0.776,1523955600,8397.89,6512.32,ZRX/USD
0.769,0.7771,0.7665,0.777,1523959200,15138.92,11846.73,ZRX/USD
0.7851,0.7851,0.7674,0.7699,1523962800,105277.36,81611.56,ZRX/USD
0.7849,0.8019,0.7847,0.785,1523966400,19610.1,15499.47,ZRX/USD
0.7931,0.794,0.779,0.7849,1523970000,10989.42,8733.21,ZRX/USD
0.8244,0.8258,0.793,0.7931,1523973600,71927.95,58144.93,ZRX/USD
0.8368,0.8894,0.8244,0.8244,1523977200,142570.64,121381.79,ZRX/USD
0.8364,0.8468,0.82,0.8379,1523980800,41367.7,34097.17,ZRX/USD
0.8454,0.8514,0.8334,0.8369,1523984400,68479.77,57592.51,ZRX/USD
0.8413,0.8824,0.8372,0.8454,1523988000,178800.64,151466.26,ZRX/USD
0.8194,0.8454,0.8163,0.8413,1523991600,123393.07,102495.1,ZRX/USD
0.8363,0.8366,0.8128,0.8194,1523995200,41544.11,34115.99,ZRX/USD
0.8525,0.8527,0.8255,0.8363,1523998800,11080.81,9337.67,ZRX/USD
0.8444,0.854,0.8385,0.8525,1524002400,25556.58,21895.31,ZRX/USD
0.8457,0.8466,0.8287,0.8439,1524006000,8666.04,7281.72,ZRX/USD
0.8466,0.8517,0.8349,0.8465,1524009600,4827.85,4075.93,ZRX/USD
0.8798,0.8805,0.8435,0.8458,1524013200,30813.86,26905.73,ZRX/USD
0.8745,0.8788,0.8445,0.8788,1524016800,11891.29,10267.79,ZRX/USD
0.8704,0.8818,0.8426,0.8737,1524020400,6931.13,6010.78,ZRX/USD
0.8571,0.8723,0.8353,0.8626,1524024000,24443.27,20745.17,ZRX/USD
0.8468,0.8579,0.839,0.8571,1524027600,4131.99,3535.31,ZRX/USD
0.9168,0.9329,0.846,0.846,1524031200,202683.27,182258.11,ZRX/USD
0.889,0.9186,0.8755,0.915,1524034800,41940.61,37681.94,ZRX/USD
0.89,0.8938,0.8742,0.889,1524038400,25978.03,22945.79,ZRX/USD
0.8856,0.908,0.8756,0.8893,1524042000,7396.74,6569.08,ZRX/USD
0.8824,0.8855,0.8747,0.8848,1524045600,9312.88,8173.7,ZRX/USD
0.9009,0.9009,0.8783,0.8826,1524049200,22200.56,20057.44,ZRX/USD
0.9092,0.9164,0.896,0.901,1524052800,41052.12,37342.34,ZRX/USD
0.9105,0.9328,0.9083,0.9178,1524056400,72020.38,66505.71,ZRX/USD
0.9023,0.9297,0.9023,0.9103,1524060000,52871.49,48177.35,ZRX/USD
0.9106,0.9106,0.893,0.9023,1524063600,39107.87,35131.71,ZRX/USD
0.922,0.9261,0.9026,0.9104,1524067200,24671.36,22694.07,ZRX/USD
0.9183,0.9234,0.9121,0.922,1524070800,13022.0,11959.78,ZRX/USD
0.9076,0.9232,0.9039,0.9183,1524074400,25058.4,22674.45,ZRX/USD
0.9145,0.9145,0.8975,0.9088,1524078000,8021.08,7341.97,ZRX/USD
0.9151,0.9303,0.914,0.914,1524081600,29578.69,27392.97,ZRX/USD
0.9252,0.9296,0.9148,0.9151,1524085200,7506.32,7015.33,ZRX/USD
0.9173,0.9302,0.9154,0.9239,1524088800,16214.03,14936.93,ZRX/USD
0.9332,0.9332,0.9187,0.9187,1524092400,12115.62,11265.21,ZRX/USD
0.9355,0.9431,0.9167,0.9339,1524096000,15983.36,14869.27,ZRX/USD
0.926,0.9406,0.9161,0.9354,1524099600,2715.01,2505.75,ZRX/USD
0.9197,0.939,0.9162,0.9251,1524103200,11698.24,10845.87,ZRX/USD
0.9184,0.9393,0.9146,0.9197,1524106800,4236.66,3930.59,ZRX/USD
0.9238,0.9391,0.908,0.9179,1524110400,10467.96,9663.16,ZRX/USD
0.9162,0.9312,0.9107,0.9236,1524114000,7727.84,7188.13,ZRX/USD
0.9185,0.9299,0.9102,0.9166,1524117600,12021.58,10996.4,ZRX/USD
0.904,0.9243,0.9017,0.917,1524121200,19107.57,17639.08,ZRX/USD
0.8972,0.9103,0.895,0.904,1524124800,22185.03,19940.27,ZRX/USD
0.8982,0.9037,0.8913,0.8984,1524128400,38408.16,34421.95,ZRX/USD
0.8946,0.9012,0.8925,0.8974,1524132000,6833.61,6114.17,ZRX/USD
0.9073,0.9185,0.895,0.8951,1524135600,98032.96,87957.5,ZRX/USD
0.9244,0.9244,0.9071,0.9072,1524139200,8481.75,7778.1,ZRX/USD
0.9197,0.9286,0.9156,0.924,1524142800,27910.36,25714.86,ZRX/USD
0.9187,0.9243,0.9092,0.9197,1524146400,10385.47,9465.26,ZRX/USD
0.9134,0.9325,0.9096,0.9168,1524150000,94606.71,85797.73,ZRX/USD
0.9219,0.9266,0.9103,0.9148,1524153600,39242.5,36109.58,ZRX/USD
0.9256,0.9304,0.9143,0.9206,1524157200,33728.42,31015.65,ZRX/USD
0.9305,0.9324,0.9207,0.9256,1524160800,9338.32,8664.26,ZRX/USD
0.9157,0.9326,0.9156,0.9298,1524164400,45404.55,41616.05,ZRX/USD
0.912,0.9269,0.9054,0.9157,1524168000,53336.58,48484.23,ZRX/USD
0.9177,0.9216,0.9062,0.912,1524171600,13540.5,12341.34,ZRX/USD
0.9167,0.9268,0.914,0.9177,1524175200,6479.32,6013.66,ZRX/USD
0.9125,0.937,0.9098,0.9167,1524178800,30020.02,27343.72,ZRX/USD
0.9234,0.9306,0.9111,0.9116,1524182400,61750.46,56562.23,ZRX/USD
0.9305,0.9463,0.9211,0.9241,1524186000,15935.84,14763.34,ZRX/USD
0.9387,0.9422,0.9298,0.9304,1524189600,14157.04,13275.68,ZRX/USD
0.946,0.9535,0.9349,0.9387,1524193200,23558.78,22189.73,ZRX/USD
0.9209,0.9465,0.9109,0.9446,1524196800,41449.3,38588.09,ZRX/USD
0.9216,0.9404,0.9078,0.9209,1524200400,10714.52,9945.69,ZRX/USD
0.9321,0.9413,0.9203,0.9224,1524204000,16172.15,15013.73,ZRX/USD
0.9304,0.934,0.9256,0.9318,1524207600,17962.91,16673.46,ZRX/USD
0.9234,0.9304,0.9227,0.9304,1524211200,24881.19,23037.65,ZRX/USD
0.9235,0.9366,0.9175,0.9235,1524214800,30469.63,28091.55,ZRX/USD
0.9366,0.9465,0.9189,0.9243,1524218400,49246.7,45823.72,ZRX/USD
0.942,0.9462,0.9351,0.9365,1524222000,42101.34,39530.02,ZRX/USD
0.9399,0.9478,0.9363,0.9421,1524225600,20228.43,19097.26,ZRX/USD
0.9409,0.9437,0.9359,0.9399,1524229200,23366.79,21992.17,ZRX/USD
0.9495,0.95,0.9387,0.9409,1524232800,16687.63,15794.81,ZRX/USD
0.9313,0.9607,0.9311,0.9495,1524236400,54655.42,51611.51,ZRX/USD
0.9382,0.9434,0.9305,0.9316,1524240000,5027.28,4740.63,ZRX/USD
0.9306,0.938,0.9299,0.9372,1524243600,11774.04,11045.05,ZRX/USD
0.9394,0.9426,0.9196,0.933,1524247200,42513.3,39514.36,ZRX/USD
0.9426,0.9453,0.9309,0.9451,1524250800,27188.39,25467.38,ZRX/USD
0.9497,0.9497,0.9378,0.9424,1524254400,46384.25,43581.78,ZRX/USD
0.9605,0.9605,0.9414,0.9495,1524258000,63614.27,60225.63,ZRX/USD
0.9885,0.9885,0.9577,0.9598,1524261600,73785.83,71652.89,ZRX/USD
0.9941,0.9992,0.9813,0.9885,1524265200,65265.72,64668.27,ZRX/USD
0.9845,0.9968,0.9795,0.9941,1524268800,13763.09,13641.52,ZRX/USD
0.9464,1.0,0.946,0.9874,1524272400,79762.52,76267.09,ZRX/USD
0.9512,0.9528,0.9398,0.9461,1524276000,16594.66,15724.06,ZRX/USD
0.9323,0.9519,0.9281,0.9512,1524279600,64994.11,60862.65,ZRX/USD
0.9437,0.9446,0.9312,0.9329,1524283200,29760.03,27910.31,ZRX/USD
0.9432,0.9519,0.9378,0.9442,1524286800,26081.08,24582.4,ZRX/USD
0.9468,0.9578,0.9388,0.9432,1524290400,7971.21,7552.57,ZRX/USD
0.9305,0.952,0.9305,0.9468,1524294000,36583.99,34277.27,ZRX/USD
0.9048,0.9335,0.9038,0.9305,1524297600,59193.69,54124.44,ZRX/USD
0.8841,0.9101,0.8762,0.9038,1524301200,133630.44,119269.46,ZRX/USD
0.8776,0.8883,0.8729,0.8841,1524304800,20731.46,18373.97,ZRX/USD
0.8778,0.8781,0.8484,0.8781,1524308400,44404.5,38057.06,ZRX/USD
0.914,0.9165,0.8761,0.8783,1524312000,49673.42,44344.97,ZRX/USD
0.9083,0.914,0.8963,0.914,1524315600,68638.12,62132.13,ZRX/USD
0.9019,0.9111,0.9019,0.9083,1524319200,27308.42,24758.36,ZRX/USD
0.9278,0.9283,0.9018,0.9018,1524322800,25902.69,23819.03,ZRX/USD
0.9316,0.9357,0.924,0.9269,1524326400,15730.25,14651.54,ZRX/USD
0.9348,0.9361,0.9245,0.9323,1524330000,19891.12,18622.12,ZRX/USD
0.9426,0.9437,0.9325,0.9347,1524333600,9907.26,9306.53,ZRX/USD
0.9485,0.9523,0.9416,0.9426,1524337200,12452.39,11853.04,ZRX/USD
0.9511,0.9531,0.9343,0.9485,1524340800,16457.47,15618.16,ZRX/USD
0.9291,0.9529,0.9273,0.951,1524344400,31168.12,29376.58,ZRX/USD
0.9277,0.9337,0.9144,0.9299,1524348000,14576.27,13614.6,ZRX/USD
0.9345,0.9345,0.9261,0.9281,1524351600,30790.5,28553.92,ZRX/USD
0.9174,0.9353,0.9108,0.934,1524355200,37207.42,34186.47,ZRX/USD
0.9272,0.9272,0.9167,0.9175,1524358800,16966.52,15628.21,ZRX/USD
0.9373,0.9438,0.9191,0.926,1524362400,9433.62,8839.14,ZRX/USD
0.9166,0.9376,0.9112,0.9361,1524366000,5840.33,5366.72,ZRX/USD
0.9426,0.9426,0.9122,0.9179,1524369600,29572.23,27617.24,ZRX/USD
0.9438,0.9579,0.9404,0.9408,1524373200,7865.85,7464.92,ZRX/USD
0.9522,0.9601,0.9441,0.9441,1524376800,8179.3,7797.54,ZRX/USD
0.9586,0.9637,0.9509,0.954,1524380400,5340.36,5151.25,ZRX/USD
0.9599,0.9639,0.9518,0.9602,1524384000,14394.23,13822.78,ZRX/USD
0.9634,0.9761,0.9557,0.9604,1524387600,42465.29,40830.68,ZRX/USD
0.9832,0.9841,0.9559,0.9634,1524391200,11743.13,11474.1,ZRX/USD
0.9785,0.9902,0.9771,0.9838,1524394800,27379.03,26965.38,ZRX/USD
0.9761,0.9841,0.965,0.9771,1524398400,33753.45,32793.78,ZRX/USD
0.9886,0.9907,0.9758,0.9761,1524402000,8834.6,8729.58,ZRX/USD
1.01,1.01,0.9888,0.991,1524405600,38176.24,38261.66,ZRX/USD
1.02,1.02,1.0,1.01,1524409200,13838.25,14038.41,ZRX/USD
1.01,1.02,1.01,1.02,1524412800,15559.88,15883.49,ZRX/USD
1.02,1.03,1.01,1.01,1524416400,10331.82,10580.35,ZRX/USD
1.03,1.04,1.02,1.02,1524420000,19484.27,20009.19,ZRX/USD
1.03,1.04,1.02,1.02,1524423600,28322.36,29150.31,ZRX/USD
1.03,1.05,1.03,1.04,1524427200,5918.49,6115.5,ZRX/USD
1.02,1.04,1.02,1.03,1524430800,8463.76,8708.36,ZRX/USD
1.01,1.03,1.01,1.02,1524434400,20671.86,20938.29,ZRX/USD
0.9989,1.01,0.9906,1.01,1524438000,35518.88,35316.05,ZRX/USD
1.0,1.01,0.9917,0.9996,1524441600,15649.37,15553.61,ZRX/USD
1.03,1.03,1.0,1.01,1524445200,3169.32,3251.0,ZRX/USD
1.01,1.03,1.0,1.03,1524448800,7964.97,8107.7,ZRX/USD
1.02,1.03,1.01,1.01,1524452400,6624.74,6690.1,ZRX/USD
1.01,1.03,1.01,1.02,1524456000,11006.19,11201.54,ZRX/USD
1.02,1.03,1.01,1.01,1524459600,15872.35,16324.7,ZRX/USD
1.02,1.03,1.01,1.02,1524463200,12318.52,12655.98,ZRX/USD
1.02,1.03,1.02,1.02,1524466800,10848.13,11101.05,ZRX/USD
1.04,1.06,1.02,1.02,1524470400,59443.98,61661.78,ZRX/USD
1.03,1.06,1.03,1.04,1524474000,108108.29,110294.36,ZRX/USD
1.06,1.06,1.02,1.03,1524477600,101636.04,103205.3,ZRX/USD
1.03,1.06,1.03,1.06,1524481200,5858.32,6063.38,ZRX/USD
1.02,1.04,1.02,1.03,1524484800,223388.87,228641.75,ZRX/USD
1.02,1.02,1.02,1.02,1524488400,77347.26,78736.13,ZRX/USD
1.01,1.02,1.01,1.02,1524492000,9960.13,10185.6,ZRX/USD
1.01,1.03,1.01,1.01,1524495600,6548.7,6752.51,ZRX/USD
1.01,1.02,1.0,1.01,1524499200,15227.68,15540.31,ZRX/USD
0.9762,1.01,0.9701,1.01,1524502800,49783.29,49282.13,ZRX/USD
0.9922,1.0,0.9767,0.9767,1524506400,50309.25,49848.25,ZRX/USD
0.9869,0.9977,0.9868,0.9925,1524510000,6303.58,6325.62,ZRX/USD
0.9982,0.9989,0.9837,0.9882,1524513600,13851.19,13690.48,ZRX/USD
0.9989,1.01,0.9981,0.9986,1524517200,6075.78,6128.85,ZRX/USD
1.01,1.01,0.9999,1.0,1524520800,6356.74,6431.08,ZRX/USD
1.0,1.02,0.9995,1.02,1524524400,5857.74,5917.57,ZRX/USD
1.02,1.03,1.0,1.0,1524528000,53905.38,54270.74,ZRX/USD
1.02,1.02,1.01,1.02,1524531600,20615.0,21086.15,ZRX/USD
1.02,1.03,1.02,1.02,1524535200,12672.11,13061.13,ZRX/USD
1.03,1.03,1.02,1.02,1524538800,8886.64,9140.61,ZRX/USD
1.04,1.04,1.02,1.03,1524542400,21061.95,21687.86,ZRX/USD
1.05,1.05,1.03,1.04,1524546000,69492.71,72475.64,ZRX/USD
1.05,1.05,1.04,1.05,1524549600,19290.71,20242.27,ZRX/USD
1.05,1.06,1.04,1.05,1524553200,51188.38,53653.2,ZRX/USD
1.06,1.07,1.05,1.05,1524556800,102961.74,108596.95,ZRX/USD
1.05,1.06,1.05,1.06,1524560400,4239.71,4477.21,ZRX/USD
1.11,1.11,1.05,1.06,1524564000,208240.71,226043.2,ZRX/USD
1.11,1.12,1.08,1.11,1524567600,167781.81,184766.48,ZRX/USD
1.13,1.13,1.11,1.11,1524571200,48175.46,54083.94,ZRX/USD
1.1,1.15,1.1,1.13,1524574800,100066.48,112711.98,ZRX/USD
1.12,1.13,1.09,1.1,1524578400,44421.11,49309.31,ZRX/USD
1.14,1.15,1.12,1.12,1524582000,27533.08,31238.66,ZRX/USD
1.15,1.15,1.14,1.14,1524585600,40909.16,46995.23,ZRX/USD
1.17,1.17,1.14,1.15,1524589200,54455.08,62740.65,ZRX/USD
1.15,1.17,1.15,1.17,1524592800,10772.05,12487.12,ZRX/USD
1.16,1.16,1.14,1.15,1524596400,78588.34,89869.74,ZRX/USD
1.15,1.16,1.15,1.16,1524600000,38389.41,44243.33,ZRX/USD
1.16,1.17,1.15,1.15,1524603600,44424.12,51806.85,ZRX/USD
1.17,1.19,1.16,1.16,1524607200,61822.26,73005.5,ZRX/USD
1.16,1.19,1.16,1.17,1524610800,12260.3,14505.96,ZRX/USD
1.13,1.16,1.13,1.16,1524614400,94944.73,108384.38,ZRX/USD
1.16,1.16,1.13,1.13,1524618000,18687.73,21226.11,ZRX/USD
1.17,1.17,1.15,1.16,1524621600,14243.31,16659.58,ZRX/USD
1.08,1.18,1.07,1.17,1524625200,111951.22,126391.43,ZRX/USD
1.0,1.11,0.9946,1.08,1524628800,226104.05,241582.59,ZRX/USD
1.06,1.08,0.9894,1.0,1524632400,131235.82,135803.73,ZRX/USD
1.07,1.08,1.06,1.06,1524636000,32390.77,34896.67,ZRX/USD
1.07,1.09,1.07,1.07,1524639600,45913.42,49251.83,ZRX/USD
1.03,1.08,0.9299,1.07,1524643200,53829.93,55887.13,ZRX/USD
1.01,1.04,0.9226,1.03,1524646800,43537.0,43865.34,ZRX/USD
0.9917,1.02,0.9544,1.01,1524650400,107260.04,105290.78,ZRX/USD
1.0,1.0,0.943,0.9921,1524654000,70497.86,70064.42,ZRX/USD
1.01,1.06,0.9973,1.0,1524657600,72621.33,75012.2,ZRX/USD
0.9742,1.01,0.9215,1.01,1524661200,64734.52,63016.24,ZRX/USD
0.9468,0.9742,0.9266,0.9742,1524664800,94376.03,89214.3,ZRX/USD
0.9994,0.9996,0.9103,0.9474,1524668400,84449.19,80565.04,ZRX/USD
0.9649,0.9997,0.9567,0.9988,1524672000,10879.55,10556.37,ZRX/USD
1.0,1.01,0.9641,0.9649,1524675600,83421.79,83086.31,ZRX/USD
1.04,1.05,0.9943,1.0,1524679200,36606.19,37625.86,ZRX/USD
1.05,1.06,1.04,1.04,1524682800,18281.21,19237.42,ZRX/USD
1.07,1.09,1.05,1.05,1524686400,10791.95,11630.22,ZRX/USD
1.09,1.1,1.07,1.07,1524690000,34722.88,37788.18,ZRX/USD
1.04,1.09,1.04,1.09,1524693600,14585.86,15535.46,ZRX/USD
1.0,1.04,1.0,1.04,1524697200,24533.04,25093.07,ZRX/USD
0.9938,1.01,0.9837,1.0,1524700800,46842.41,46682.73,ZRX/USD
1.02,1.03,0.9926,0.9946,1524704400,8928.83,9078.37,ZRX/USD
1.04,1.05,1.02,1.02,1524708000,8647.47,8973.92,ZRX/USD
1.04,1.04,1.03,1.04,1524711600,2988.15,3113.42,ZRX/USD
1.08,1.09,1.04,1.04,1524715200,20622.76,22186.5,ZRX/USD
1.09,1.11,1.08,1.08,1524718800,39445.25,43229.27,ZRX/USD
1.1,1.12,1.09,1.09,1524722400,61920.18,68250.3,ZRX/USD
1.13,1.14,1.1,1.1,1524726000,26028.77,29135.93,ZRX/USD
1.11,1.13,1.09,1.13,1524729600,31305.28,34682.73,ZRX/USD
1.08,1.11,1.06,1.1,1524733200,37714.94,40524.03,ZRX/USD
1.13,1.13,1.08,1.08,1524736800,19418.33,21525.85,ZRX/USD
1.12,1.15,1.11,1.13,1524740400,16474.17,18716.7,ZRX/USD
1.14,1.15,1.12,1.12,1524744000,23626.28,26998.37,ZRX/USD
1.13,1.14,1.11,1.14,1524747600,14638.15,16560.52,ZRX/USD
1.08,1.13,1.07,1.13,1524751200,28261.25,31229.43,ZRX/USD
1.1,1.1,1.07,1.08,1524754800,5404.62,5911.74,ZRX/USD
1.11,1.12,1.08,1.1,1524758400,13898.58,15274.67,ZRX/USD
1.1,1.11,1.09,1.11,1524762000,24787.0,27264.52,ZRX/USD
1.11,1.11,1.09,1.1,1524765600,5643.0,6224.87,ZRX/USD
1.09,1.11,1.09,1.1,1524769200,8097.43,8891.16,ZRX/USD
1.11,1.12,1.09,1.09,1524772800,254046.92,280235.77,ZRX/USD
1.12,1.13,1.11,1.11,1524776400,345279.73,387889.28,ZRX/USD
1.13,1.13,1.12,1.12,1524780000,109287.47,123201.33,ZRX/USD
1.14,1.14,1.13,1.13,1524783600,762860.98,866985.64,ZRX/USD
1.14,1.15,1.14,1.14,1524787200,70894.96,81104.16,ZRX/USD
1.15,1.16,1.14,1.14,1524790800,71524.73,82241.25,ZRX/USD
1.16,1.16,1.15,1.15,1524794400,34140.33,39527.4,ZRX/USD
1.14,1.16,1.13,1.16,1524798000,260644.84,300711.2,ZRX/USD
1.14,1.15,1.13,1.14,1524801600,33373.73,38019.57,ZRX/USD
1.14,1.14,1.14,1.14,1524805200,75135.07,85436.25,ZRX/USD
1.15,1.17,1.14,1.14,1524808800,68832.21,78547.34,ZRX/USD
1.14,1.15,1.14,1.15,1524812400,54171.45,61767.93,ZRX/USD
1.15,1.16,1.14,1.14,1524816000,8161.61,9433.49,ZRX/USD
1.16,1.16,1.14,1.15,1524819600,5743.14,6637.86,ZRX/USD
1.16,1.17,1.15,1.16,1524823200,17004.9,19780.18,ZRX/USD
1.16,1.17,1.15,1.16,1524826800,28522.47,33256.35,ZRX/USD
1.16,1.18,1.16,1.16,1524830400,14014.11,16334.9,ZRX/USD
1.14,1.17,1.14,1.16,1524834000,21163.35,24416.69,ZRX/USD
1.14,1.15,1.13,1.14,1524837600,12831.06,14611.85,ZRX/USD
1.15,1.15,1.13,1.14,1524841200,18931.34,21612.37,ZRX/USD
1.13,1.15,1.13,1.15,1524844800,5327.34,6090.97,ZRX/USD
1.14,1.14,1.13,1.13,1524848400,17766.59,20157.56,ZRX/USD
1.13,1.14,1.13,1.14,1524852000,13960.66,15811.2,ZRX/USD
1.11,1.13,1.09,1.13,1524855600,32639.47,36161.85,ZRX/USD
1.07,1.13,1.06,1.11,1524859200,44789.31,48706.36,ZRX/USD
1.07,1.08,1.06,1.07,1524862800,21740.27,23381.86,ZRX/USD
1.09,1.09,1.07,1.07,1524866400,5442.71,5932.91,ZRX/USD
1.07,1.09,1.06,1.09,1524870000,18929.88,20507.75,ZRX/USD
1.09,1.09,1.06,1.07,1524873600,21033.2,22696.07,ZRX/USD
1.09,1.1,1.09,1.09,1524877200,21705.98,23661.97,ZRX/USD
1.1,1.1,1.09,1.09,1524880800,20204.25,22233.36,ZRX/USD
1.12,1.13,1.1,1.1,1524884400,23524.37,26426.48,ZRX/USD
1.12,1.13,1.11,1.12,1524888000,11565.93,12927.15,ZRX/USD
1.12,1.13,1.12,1.12,1524891600,11092.6,12418.56,ZRX/USD
1.15,1.15,1.12,1.12,1524895200,26796.55,30113.84,ZRX/USD
1.14,1.16,1.14,1.15,1524898800,22009.38,25162.97,ZRX/USD
1.14,1.16,1.13,1.14,1524902400,57963.69,66375.03,ZRX/USD
1.16,1.17,1.14,1.14,1524906000,23622.39,27346.39,ZRX/USD
1.14,1.16,1.14,1.16,1524909600,59695.09,68425.93,ZRX/USD
1.13,1.15,1.12,1.14,1524913200,16203.69,18208.58,ZRX/USD
1.17,1.18,1.12,1.13,1524916800,56261.39,65602.97,ZRX/USD
1.18,1.18,1.16,1.17,1524920400,14627.47,17108.74,ZRX/USD
1.16,1.18,1.15,1.18,1524924000,25059.14,29384.81,ZRX/USD
1.16,1.17,1.15,1.16,1524927600,28627.28,33112.4,ZRX/USD
1.16,1.17,1.16,1.16,1524931200,12537.05,14598.93,ZRX/USD
1.16,1.17,1.15,1.16,1524934800,9515.35,11032.21,ZRX/USD
1.16,1.17,1.16,1.16,1524938400,7141.21,8317.72,ZRX/USD
1.19,1.19,1.16,1.16,1524942000,31804.05,37559.89,ZRX/USD
1.2,1.2,1.18,1.19,1524945600,23082.41,27518.49,ZRX/USD
1.19,1.2,1.19,1.2,1524949200,9767.66,11661.15,ZRX/USD
1.2,1.2,1.19,1.19,1524952800,24023.35,28753.3,ZRX/USD
1.2,1.21,1.19,1.2,1524956400,32687.27,39297.64,ZRX/USD
1.22,1.22,1.2,1.2,1524960000,9115.61,11058.02,ZRX/USD
1.21,1.22,1.21,1.22,1524963600,5578.02,6770.1,ZRX/USD
1.21,1.22,1.2,1.21,1524967200,10682.06,12977.08,ZRX/USD
1.21,1.22,1.21,1.21,1524970800,21954.79,26796.2,ZRX/USD
1.22,1.22,1.21,1.21,1524974400,7957.09,9695.63,ZRX/USD
1.21,1.23,1.21,1.22,1524978000,7303.58,8876.26,ZRX/USD
1.22,1.23,1.2,1.21,1524981600,26563.85,32131.15,ZRX/USD
1.22,1.24,1.21,1.23,1524985200,6758.35,8348.85,ZRX/USD
1.19,1.24,1.19,1.22,1524988800,31302.57,38123.31,ZRX/USD
1.2,1.2,1.18,1.19,1524992400,43452.56,51377.72,ZRX/USD
1.17,1.2,1.17,1.19,1524996000,6836.17,8062.51,ZRX/USD
1.2,1.2,1.16,1.17,1524999600,26238.6,30607.77,ZRX/USD
1.18,1.2,1.17,1.2,1525003200,5544.4,6575.77,ZRX/USD
1.21,1.22,1.18,1.18,1525006800,19775.28,23795.96,ZRX/USD
1.24,1.27,1.21,1.21,1525010400,62964.35,78547.51,ZRX/USD
1.24,1.26,1.22,1.24,1525014000,21453.29,26454.07,ZRX/USD
1.22,1.25,1.22,1.24,1525017600,18208.25,22441.2,ZRX/USD
1.26,1.26,1.22,1.22,1525021200,22091.65,27652.52,ZRX/USD
1.27,1.27,1.25,1.26,1525024800,6368.05,7981.45,ZRX/USD
1.26,1.27,1.26,1.27,1525028400,6426.64,8141.0,ZRX/USD
1.26,1.27,1.26,1.26,1525032000,5703.82,7209.51,ZRX/USD
1.28,1.29,1.26,1.26,1525035600,26390.17,33784.98,ZRX/USD
1.29,1.29,1.28,1.28,1525039200,18033.83,23215.7,ZRX/USD
1.29,1.3,1.29,1.29,1525042800,39680.15,51213.56,ZRX/USD
1.29,1.3,1.28,1.29,1525046400,19664.25,25481.89,ZRX/USD
1.3,1.3,1.29,1.29,1525050000,5812.49,7528.91,ZRX/USD
1.32,1.32,1.3,1.3,1525053600,37740.42,49319.37,ZRX/USD
1.27,1.33,1.27,1.32,1525057200,37648.6,49184.27,ZRX/USD
1.27,1.28,1.26,1.27,1525060800,23378.73,29693.2,ZRX/USD
1.27,1.28,1.25,1.27,1525064400,10625.17,13436.94,ZRX/USD
1.25,1.28,1.23,1.27,1525068000,41744.2,51736.01,ZRX/USD
1.19,1.25,1.19,1.24,1525071600,52765.9,63328.24,ZRX/USD
1.19,1.2,1.17,1.19,1525075200,23655.92,27908.1,ZRX/USD
1.2,1.22,1.18,1.19,1525078800,18828.67,22454.72,ZRX/USD
1.22,1.23,1.19,1.2,1525082400,9227.83,11106.02,ZRX/USD
1.26,1.26,1.22,1.22,1525086000,24793.99,30844.95,ZRX/USD
1.23,1.26,1.23,1.26,1525089600,21073.57,26193.8,ZRX/USD
1.23,1.23,1.22,1.23,1525093200,21760.1,26717.15,ZRX/USD
1.21,1.23,1.21,1.23,1525096800,16813.55,20454.31,ZRX/USD
1.21,1.23,1.21,1.21,1525100400,22825.48,27863.22,ZRX/USD
1.22,1.23,1.21,1.22,1525104000,17883.92,21847.91,ZRX/USD
1.24,1.24,1.21,1.22,1525107600,14469.59,17777.91,ZRX/USD
1.24,1.25,1.22,1.24,1525111200,11049.88,13734.3,ZRX/USD
1.25,1.25,1.23,1.24,1525114800,20037.51,24935.18,ZRX/USD
1.21,1.25,1.21,1.24,1525118400,15336.02,18695.34,ZRX/USD
1.19,1.21,1.18,1.21,1525122000,22108.43,26384.41,ZRX/USD
1.17,1.19,1.17,1.18,1525125600,21891.49,25708.87,ZRX/USD
1.18,1.18,1.17,1.17,1525129200,4648.99,5448.76,ZRX/USD
1.12,1.18,1.12,1.18,1525132800,57414.01,65529.28,ZRX/USD
1.12,1.13,1.07,1.12,1525136400,36198.72,39594.01,ZRX/USD
1.16,1.16,1.12,1.12,1525140000,17389.54,19880.39,ZRX/USD
1.14,1.16,1.14,1.16,1525143600,11701.65,13477.78,ZRX/USD
1.13,1.15,1.13,1.14,1525147200,13912.34,15914.67,ZRX/USD
1.13,1.14,1.12,1.13,1525150800,2682.4,3049.7,ZRX/USD
1.14,1.15,1.13,1.13,1525154400,3686.86,4225.32,ZRX/USD
1.15,1.16,1.15,1.15,1525158000,6497.38,7464.01,ZRX/USD
1.17,1.17,1.15,1.15,1525161600,7270.91,8473.72,ZRX/USD
1.18,1.18,1.17,1.17,1525165200,18140.04,21370.1,ZRX/USD
1.18,1.18,1.16,1.18,1525168800,2560.94,3003.6,ZRX/USD
1.17,1.18,1.16,1.18,1525172400,26479.56,31158.48,ZRX/USD
1.14,1.17,1.13,1.17,1525176000,16938.12,19408.76,ZRX/USD
1.14,1.15,1.13,1.14,1525179600,3200.9,3652.89,ZRX/USD
1.14,1.15,1.13,1.14,1525183200,3878.54,4391.68,ZRX/USD
1.14,1.15,1.13,1.14,1525186800,3782.86,4302.64,ZRX/USD
1.14,1.22,1.13,1.14,1525190400,36700.53,42302.33,ZRX/USD
1.17,1.17,1.14,1.14,1525194000,14091.11,16348.06,ZRX/USD
1.16,1.18,1.16,1.17,1525197600,8682.94,10149.88,ZRX/USD
1.17,1.18,1.16,1.16,1525201200,6002.61,7024.84,ZRX/USD
1.17,1.18,1.15,1.17,1525204800,6205.97,7223.48,ZRX/USD
1.2,1.2,1.16,1.18,1525208400,17413.58,20683.97,ZRX/USD
1.19,1.2,1.18,1.2,1525212000,10011.47,11909.87,ZRX/USD
1.2,1.2,1.19,1.19,1525215600,10379.39,12356.81,ZRX/USD
1.19,1.21,1.19,1.2,1525219200,11270.62,13517.34,ZRX/USD
1.21,1.21,1.19,1.2,1525222800,6345.09,7625.09,ZRX/USD
1.2,1.21,1.2,1.21,1525226400,21616.82,26145.81,ZRX/USD
1.21,1.21,1.19,1.2,1525230000,11130.57,13316.75,ZRX/USD
1.2,1.22,1.2,1.21,1525233600,14429.21,17539.64,ZRX/USD
1.21,1.21,1.2,1.2,1525237200,4599.45,5552.17,ZRX/USD
1.21,1.22,1.2,1.21,1525240800,24587.53,29687.02,ZRX/USD
1.22,1.23,1.21,1.21,1525244400,56715.75,69275.72,ZRX/USD
1.21,1.22,1.21,1.22,1525248000,14997.02,18213.65,ZRX/USD
1.24,1.25,1.2,1.21,1525251600,36497.75,44783.15,ZRX/USD
1.24,1.28,1.24,1.24,1525255200,24320.27,30580.64,ZRX/USD
1.28,1.29,1.24,1.24,1525258800,21850.53,27854.58,ZRX/USD
1.25,1.29,1.25,1.29,1525262400,36917.89,46837.56,ZRX/USD
1.25,1.26,1.25,1.25,1525266000,11769.12,14763.48,ZRX/USD
1.27,1.27,1.24,1.25,1525269600,12355.25,15621.36,ZRX/USD
1.28,1.29,1.26,1.27,1525273200,41091.52,52611.76,ZRX/USD
1.27,1.29,1.26,1.28,1525276800,28575.93,36474.77,ZRX/USD
1.28,1.28,1.26,1.27,1525280400,10268.92,13055.75,ZRX/USD
1.32,1.32,1.27,1.28,1525284000,62425.82,81808.38,ZRX/USD
1.3,1.32,1.28,1.32,1525287600,58156.85,75145.0,ZRX/USD
1.33,1.33,1.3,1.3,1525291200,37429.15,49173.08,ZRX/USD
1.33,1.34,1.32,1.33,1525294800,53395.03,70916.13,ZRX/USD
1.32,1.33,1.32,1.33,1525298400,8614.56,11407.78,ZRX/USD
1.32,1.33,1.32,1.32,1525302000,5909.88,7808.52,ZRX/USD
1.37,1.68,1.31,1.32,1525305600,156173.21,233164.84,ZRX/USD
1.37,1.38,1.34,1.38,1525309200,22071.66,29902.44,ZRX/USD
1.4,1.43,1.36,1.37,1525312800,80717.96,113709.59,ZRX/USD
1.41,1.43,1.38,1.4,1525316400,127864.19,179210.59,ZRX/USD
1.47,1.49,1.41,1.41,1525320000,111480.28,162982.19,ZRX/USD
1.4,1.52,1.4,1.47,1525323600,90900.11,132381.7,ZRX/USD
1.42,1.45,1.39,1.4,1525327200,27352.0,38934.14,ZRX/USD
1.45,1.45,1.42,1.42,1525330800,23530.13,33793.82,ZRX/USD
1.45,1.45,1.44,1.45,1525334400,30877.98,44561.13,ZRX/USD
1.4,1.45,1.4,1.45,1525338000,17659.23,25115.93,ZRX/USD
1.43,1.43,1.4,1.4,1525341600,17719.9,25207.76,ZRX/USD
1.44,1.44,1.41,1.43,1525345200,19769.2,28141.02,ZRX/USD
1.43,1.44,1.42,1.44,1525348800,14626.57,20930.97,ZRX/USD
1.45,1.46,1.42,1.43,1525352400,24712.17,35511.45,ZRX/USD
1.41,1.46,1.4,1.45,1525356000,28828.08,40992.84,ZRX/USD
1.4,1.42,1.4,1.41,1525359600,33617.53,47461.54,ZRX/USD
1.41,1.42,1.39,1.4,1525363200,35992.67,50326.87,ZRX/USD
1.42,1.45,1.39,1.39,1525366800,98809.64,140098.48,ZRX/USD
1.43,1.43,1.38,1.42,1525370400,64431.16,89741.3,ZRX/USD
1.43,1.47,1.43,1.43,1525374000,57050.54,82686.78,ZRX/USD
1.44,1.45,1.42,1.43,1525377600,42858.68,61497.97,ZRX/USD
1.46,1.47,1.43,1.44,1525381200,27317.33,39480.97,ZRX/USD
1.49,1.49,1.44,1.46,1525384800,16963.82,24994.12,ZRX/USD
1.47,1.52,1.47,1.49,1525388400,34148.99,50907.7,ZRX/USD
1.44,1.47,1.44,1.47,1525392000,59360.68,85801.18,ZRX/USD
1.49,1.51,1.44,1.44,1525395600,40063.22,59537.0,ZRX/USD
1.52,1.53,1.49,1.49,1525399200,26925.11,40875.58,ZRX/USD
1.54,1.56,1.52,1.52,1525402800,31578.71,48871.36,ZRX/USD
1.62,1.62,1.53,1.54,1525406400,70531.59,111677.57,ZRX/USD
1.53,1.64,1.53,1.62,1525410000,103938.74,166064.57,ZRX/USD
1.56,1.6,1.53,1.53,1525413600,50119.68,78511.36,ZRX/USD
1.52,1.57,1.5,1.56,1525417200,34190.89,52433.74,ZRX/USD
1.52,1.53,1.51,1.52,1525420800,10220.56,15580.26,ZRX/USD
1.54,1.55,1.49,1.52,1525424400,42490.85,64691.58,ZRX/USD
1.59,1.6,1.54,1.54,1525428000,26656.61,41935.94,ZRX/USD
1.62,1.62,1.56,1.59,1525431600,38338.85,61134.16,ZRX/USD
1.56,1.62,1.55,1.61,1525435200,56493.56,89341.43,ZRX/USD
1.55,1.58,1.53,1.56,1525438800,41654.66,64236.84,ZRX/USD
1.59,1.59,1.53,1.55,1525442400,48655.97,75952.87,ZRX/USD
1.55,1.61,1.54,1.59,1525446000,45547.45,72284.43,ZRX/USD
1.63,1.69,1.55,1.55,1525449600,183104.84,300016.21,ZRX/USD
1.69,1.69,1.61,1.63,1525453200,142028.2,236397.66,ZRX/USD
1.63,1.71,1.59,1.69,1525456800,175579.02,289948.58,ZRX/USD
1.67,1.67,1.62,1.63,1525460400,29173.49,48419.28,ZRX/USD
1.67,1.67,1.64,1.67,1525464000,119357.71,197485.23,ZRX/USD
1.73,1.73,1.65,1.67,1525467600,95947.51,164027.28,ZRX/USD
1.7,1.75,1.68,1.73,1525471200,140363.56,243095.37,ZRX/USD
1.75,1.75,1.68,1.7,1525474800,69515.46,119093.65,ZRX/USD
1.7,1.75,1.69,1.75,1525478400,96593.74,166681.62,ZRX/USD
1.7,1.74,1.66,1.7,1525482000,93232.77,158764.41,ZRX/USD
1.71,1.71,1.66,1.7,1525485600,22465.12,37950.67,ZRX/USD
1.73,1.74,1.7,1.71,1525489200,19777.65,33971.8,ZRX/USD
1.71,1.73,1.69,1.73,1525492800,20156.45,34317.17,ZRX/USD
1.69,1.71,1.69,1.71,1525496400,10145.32,17312.41,ZRX/USD
1.67,1.69,1.66,1.69,1525500000,42320.47,71306.51,ZRX/USD
1.69,1.69,1.66,1.67,1525503600,14279.96,24093.5,ZRX/USD
1.71,1.71,1.68,1.69,1525507200,83190.4,141468.5,ZRX/USD
1.72,1.73,1.7,1.71,1525510800,24695.21,42199.92,ZRX/USD
1.64,1.72,1.63,1.72,1525514400,76708.23,126727.18,ZRX/USD
1.59,1.65,1.59,1.64,1525518000,37800.29,60890.78,ZRX/USD
1.63,1.65,1.59,1.59,1525521600,59258.61,96541.12,ZRX/USD
1.62,1.66,1.62,1.63,1525525200,23340.59,38056.26,ZRX/USD
1.62,1.64,1.61,1.62,1525528800,27260.24,44167.08,ZRX/USD
1.61,1.62,1.58,1.62,1525532400,47866.87,76652.53,ZRX/USD
1.56,1.61,1.55,1.61,1525536000,70299.96,109938.59,ZRX/USD
1.61,1.62,1.56,1.56,1525539600,44132.62,70528.52,ZRX/USD
1.65,1.65,1.62,1.62,1525543200,29766.79,48595.06,ZRX/USD
1.65,1.65,1.62,1.65,1525546800,18743.69,30874.12,ZRX/USD
1.65,1.65,1.63,1.65,1525550400,15397.97,25319.37,ZRX/USD
1.65,1.65,1.63,1.65,1525554000,9803.26,16116.43,ZRX/USD
1.67,1.69,1.65,1.65,1525557600,9052.95,15178.72,ZRX/USD
1.65,1.68,1.65,1.67,1525561200,10411.51,17365.97,ZRX/USD
1.6,1.65,1.6,1.65,1525564800,20188.37,32897.0,ZRX/USD
1.59,1.62,1.59,1.6,1525568400,14094.55,22604.16,ZRX/USD
1.57,1.59,1.57,1.59,1525572000,16491.01,26067.34,ZRX/USD
1.61,1.63,1.56,1.57,1525575600,15184.5,24418.02,ZRX/USD
1.58,1.61,1.58,1.61,1525579200,24152.79,38647.21,ZRX/USD
1.54,1.59,1.54,1.58,1525582800,23899.99,37343.05,ZRX/USD
1.52,1.55,1.47,1.54,1525586400,50299.12,75730.85,ZRX/USD
1.51,1.52,1.5,1.52,1525590000,7004.53,10579.64,ZRX/USD
1.48,1.52,1.47,1.51,1525593600,40702.04,60463.17,ZRX/USD
1.43,1.49,1.43,1.48,1525597200,73567.23,107448.01,ZRX/USD
1.47,1.48,1.43,1.43,1525600800,76402.12,111287.56,ZRX/USD
1.46,1.48,1.45,1.47,1525604400,43472.96,63225.33,ZRX/USD
1.48,1.48,1.42,1.46,1525608000,106425.79,153606.41,ZRX/USD
1.55,1.57,1.48,1.48,1525611600,37569.44,58010.99,ZRX/USD
1.56,1.56,1.51,1.55,1525615200,32345.45,49772.84,ZRX/USD
1.53,1.56,1.53,1.56,1525618800,16680.53,25832.85,ZRX/USD
1.52,1.53,1.51,1.53,1525622400,4987.54,7600.28,ZRX/USD
1.56,1.56,1.52,1.52,1525626000,13854.8,21542.34,ZRX/USD
1.56,1.56,1.54,1.56,1525629600,10952.47,17077.88,ZRX/USD
1.55,1.56,1.55,1.56,1525633200,5034.45,7821.16,ZRX/USD
1.56,1.57,1.55,1.55,1525636800,4540.59,7069.3,ZRX/USD
1.57,1.57,1.55,1.56,1525640400,12363.67,19271.43,ZRX/USD
1.57,1.59,1.56,1.57,1525644000,22525.97,35572.83,ZRX/USD
1.61,1.62,1.57,1.57,1525647600,85634.77,135627.5,ZRX/USD
1.59,1.66,1.59,1.61,1525651200,149390.25,243729.55,ZRX/USD
1.53,1.64,1.53,1.59,1525654800,89921.23,141408.58,ZRX/USD
1.56,1.58,1.52,1.53,1525658400,27980.86,43553.88,ZRX/USD
1.52,1.56,1.47,1.56,1525662000,36033.94,54338.37,ZRX/USD
1.5,1.53,1.5,1.52,1525665600,35682.83,54305.58,ZRX/USD
1.52,1.52,1.5,1.5,1525669200,11750.37,17645.16,ZRX/USD
1.54,1.55,1.52,1.52,1525672800,6979.36,10731.31,ZRX/USD
1.53,1.55,1.52,1.54,1525676400,24709.15,37761.86,ZRX/USD
1.56,1.56,1.52,1.53,1525680000,75318.21,116322.86,ZRX/USD
1.51,1.56,1.5,1.56,1525683600,52494.43,79923.02,ZRX/USD
1.59,1.59,1.51,1.51,1525687200,47582.78,74132.57,ZRX/USD
1.62,1.62,1.57,1.59,1525690800,72683.84,117034.09,ZRX/USD
1.61,1.64,1.59,1.62,1525694400,73619.54,119408.55,ZRX/USD
1.59,1.61,1.54,1.61,1525698000,18890.84,29595.5,ZRX/USD
1.59,1.59,1.52,1.59,1525701600,67024.28,103768.1,ZRX/USD
1.6,1.6,1.56,1.59,1525705200,26061.99,41254.85,ZRX/USD
1.65,1.67,1.6,1.6,1525708800,165027.85,270178.71,ZRX/USD
1.66,1.66,1.63,1.65,1525712400,39116.31,64470.59,ZRX/USD
1.7,1.76,1.66,1.66,1525716000,255935.61,440132.43,ZRX/USD
1.76,1.77,1.68,1.7,1525719600,53856.13,92354.83,ZRX/USD
1.74,1.77,1.72,1.76,1525723200,48717.68,85189.9,ZRX/USD
1.76,1.76,1.74,1.74,1525726800,138871.86,244334.42,ZRX/USD
1.7,1.76,1.68,1.76,1525730400,30054.23,51074.15,ZRX/USD
1.72,1.72,1.68,1.7,1525734000,9954.17,16993.16,ZRX/USD
1.72,1.72,1.69,1.72,1525737600,4957.68,8483.49,ZRX/USD
1.76,1.76,1.71,1.72,1525741200,60355.34,106068.62,ZRX/USD
1.77,1.78,1.75,1.76,1525744800,45485.63,80155.76,ZRX/USD
1.78,1.79,1.75,1.77,1525748400,179520.93,318319.28,ZRX/USD
1.75,1.78,1.73,1.78,1525752000,34059.51,59522.89,ZRX/USD
1.77,1.78,1.75,1.75,1525755600,51511.76,91155.94,ZRX/USD
1.8,1.8,1.75,1.77,1525759200,274052.0,489818.61,ZRX/USD
1.82,1.86,1.8,1.8,1525762800,189851.7,348130.15,ZRX/USD
1.77,1.82,1.76,1.82,1525766400,47150.1,84249.69,ZRX/USD
1.73,1.79,1.7,1.77,1525770000,147878.36,256478.45,ZRX/USD
1.72,1.76,1.72,1.73,1525773600,54257.13,94333.5,ZRX/USD
1.68,1.72,1.65,1.72,1525777200,46634.41,78409.45,ZRX/USD
1.65,1.68,1.61,1.68,1525780800,103891.74,170294.44,ZRX/USD
1.63,1.66,1.63,1.65,1525784400,61382.98,100335.61,ZRX/USD
1.64,1.65,1.63,1.63,1525788000,23966.47,39283.84,ZRX/USD
1.62,1.67,1.6,1.64,1525791600,31092.85,51024.36,ZRX/USD
1.63,1.64,1.62,1.62,1525795200,20635.23,33662.51,ZRX/USD
1.64,1.64,1.62,1.63,1525798800,9433.82,15420.88,ZRX/USD
1.65,1.65,1.61,1.64,1525802400,14483.99,23582.76,ZRX/USD
1.72,1.72,1.65,1.65,1525806000,16815.51,28561.19,ZRX/USD
1.66,1.72,1.66,1.72,1525809600,48273.43,81722.3,ZRX/USD
1.69,1.71,1.65,1.66,1525813200,16582.41,27858.34,ZRX/USD
1.73,1.75,1.69,1.69,1525816800,12697.18,21948.34,ZRX/USD
1.74,1.74,1.72,1.73,1525820400,22169.89,38446.36,ZRX/USD
1.69,1.74,1.68,1.74,1525824000,21909.42,37354.07,ZRX/USD
1.69,1.7,1.66,1.69,1525827600,5866.89,9897.26,ZRX/USD
1.63,1.69,1.62,1.69,1525831200,26842.02,43885.49,ZRX/USD
1.57,1.62,1.56,1.62,1525834800,27374.78,43523.63,ZRX/USD
1.6,1.61,1.55,1.57,1525838400,50442.44,78978.92,ZRX/USD
1.57,1.61,1.56,1.6,1525842000,18010.96,28524.2,ZRX/USD
1.59,1.59,1.57,1.57,1525845600,15087.3,23873.29,ZRX/USD
1.6,1.62,1.58,1.59,1525849200,24402.55,39022.75,ZRX/USD
1.62,1.62,1.59,1.6,1525852800,23132.86,37228.37,ZRX/USD
1.63,1.63,1.62,1.62,1525856400,7791.83,12675.91,ZRX/USD
1.61,1.63,1.6,1.63,1525860000,8059.14,13028.05,ZRX/USD
1.63,1.64,1.61,1.62,1525863600,29959.28,48943.89,ZRX/USD
1.67,1.67,1.63,1.63,1525867200,18310.16,30289.75,ZRX/USD
1.75,1.75,1.66,1.67,1525870800,236415.87,403905.93,ZRX/USD
1.76,1.81,1.75,1.75,1525874400,157635.07,280227.86,ZRX/USD
1.78,1.78,1.73,1.76,1525878000,69780.03,122957.5,ZRX/USD
1.78,1.79,1.76,1.77,1525881600,31317.39,55569.33,ZRX/USD
1.78,1.81,1.77,1.78,1525885200,32769.27,58799.34,ZRX/USD
1.76,1.78,1.76,1.78,1525888800,9723.12,17203.87,ZRX/USD
1.8,1.81,1.76,1.76,1525892400,42813.33,76710.48,ZRX/USD
1.79,1.81,1.78,1.8,1525896000,57317.84,103355.79,ZRX/USD
1.79,1.8,1.76,1.79,1525899600,34002.94,60304.96,ZRX/USD
1.77,1.79,1.75,1.79,1525903200,35528.75,62882.29,ZRX/USD
1.73,1.77,1.73,1.77,1525906800,22615.95,39429.38,ZRX/USD
1.77,1.77,1.72,1.73,1525910400,29455.71,51378.29,ZRX/USD
1.75,1.8,1.75,1.77,1525914000,10944.74,19460.69,ZRX/USD
1.75,1.76,1.74,1.75,1525917600,17983.49,31571.57,ZRX/USD
1.76,1.76,1.74,1.75,1525921200,4983.25,8725.05,ZRX/USD
1.77,1.79,1.76,1.76,1525924800,15904.02,28237.99,ZRX/USD
1.78,1.78,1.77,1.77,1525928400,7467.54,13226.18,ZRX/USD
1.76,1.78,1.75,1.78,1525932000,21425.11,38011.76,ZRX/USD
1.79,1.8,1.76,1.76,1525935600,7319.67,12993.57,ZRX/USD
1.78,1.8,1.78,1.79,1525939200,10509.65,18773.91,ZRX/USD
1.87,1.88,1.78,1.78,1525942800,101532.61,186357.07,ZRX/USD
1.9,1.9,1.86,1.87,1525946400,164188.73,310752.41,ZRX/USD
1.85,1.9,1.84,1.9,1525950000,62856.89,118109.43,ZRX/USD
1.87,1.89,1.85,1.85,1525953600,19558.4,36659.4,ZRX/USD
1.87,1.88,1.86,1.87,1525957200,33023.14,61789.45,ZRX/USD
1.97,2.0,1.87,1.87,1525960800,190533.46,366922.97,ZRX/USD
1.97,2.01,1.95,1.97,1525964400,480574.53,958326.23,ZRX/USD
2.02,2.02,1.93,1.97,1525968000,81158.84,160058.75,ZRX/USD
1.94,2.04,1.88,2.02,1525971600,152107.15,293393.37,ZRX/USD
1.88,1.94,1.85,1.94,1525975200,109405.75,206518.97,ZRX/USD
1.91,1.92,1.88,1.88,1525978800,22607.75,43105.92,ZRX/USD
1.89,1.91,1.86,1.91,1525982400,50807.3,95052.71,ZRX/USD
1.92,1.94,1.89,1.89,1525986000,42250.15,81036.55,ZRX/USD
1.95,1.96,1.91,1.92,1525989600,46468.09,89734.14,ZRX/USD
1.85,1.96,1.83,1.95,1525993200,57726.52,109422.21,ZRX/USD
1.87,1.87,1.76,1.85,1525996800,239115.43,431718.73,ZRX/USD
1.8,1.87,1.8,1.87,1526000400,9933.18,18213.69,ZRX/USD
1.76,1.81,1.76,1.8,1526004000,32197.63,57777.83,ZRX/USD
1.79,1.81,1.76,1.76,1526007600,21134.9,38086.62,ZRX/USD
1.82,1.83,1.79,1.79,1526011200,20211.76,36688.67,ZRX/USD
1.92,1.93,1.81,1.82,1526014800,34910.34,64943.84,ZRX/USD
1.78,1.95,1.78,1.92,1526018400,65943.8,123091.04,ZRX/USD
1.66,1.85,1.57,1.78,1526022000,264797.84,447026.13,ZRX/USD
1.76,1.82,1.66,1.66,1526025600,127755.93,224442.46,ZRX/USD
1.68,1.76,1.61,1.76,1526029200,85375.31,143068.53,ZRX/USD
1.67,1.72,1.63,1.68,1526032800,45398.71,75091.18,ZRX/USD
1.58,1.67,1.57,1.67,1526036400,69113.48,111387.64,ZRX/USD
1.59,1.64,1.52,1.58,1526040000,145205.43,226313.84,ZRX/USD
1.64,1.65,1.59,1.59,1526043600,37997.12,61231.9,ZRX/USD
1.74,1.75,1.62,1.64,1526047200,140189.08,241414.46,ZRX/USD
1.7,1.77,1.68,1.74,1526050800,106778.58,182581.86,ZRX/USD
1.75,1.76,1.69,1.7,1526054400,27473.49,47387.03,ZRX/USD
1.71,1.75,1.71,1.75,1526058000,20828.38,36077.07,ZRX/USD
1.75,1.75,1.71,1.71,1526061600,27791.34,48538.12,ZRX/USD
1.8,1.8,1.75,1.75,1526065200,112127.24,198413.86,ZRX/USD
1.68,1.83,1.67,1.8,1526068800,197189.26,338689.25,ZRX/USD
1.66,1.7,1.64,1.68,1526072400,80328.69,133593.53,ZRX/USD
1.7,1.73,1.66,1.66,1526076000,37213.13,63483.82,ZRX/USD
1.67,1.72,1.66,1.7,1526079600,28841.2,48895.38,ZRX/USD
1.73,1.75,1.67,1.67,1526083200,24807.27,42885.5,ZRX/USD
1.73,1.73,1.71,1.73,1526086800,8723.35,15056.51,ZRX/USD
1.74,1.75,1.72,1.73,1526090400,3984.24,6970.31,ZRX/USD
1.7,1.74,1.66,1.74,1526094000,12266.54,20929.6,ZRX/USD
1.68,1.72,1.68,1.7,1526097600,10075.93,17176.72,ZRX/USD
1.6,1.68,1.6,1.68,1526101200,47068.28,77126.88,ZRX/USD
1.6,1.61,1.54,1.6,1526104800,165726.03,260440.76,ZRX/USD
1.63,1.63,1.56,1.6,1526108400,20245.15,32365.3,ZRX/USD
1.58,1.64,1.55,1.63,1526112000,27497.21,44346.33,ZRX/USD
1.67,1.67,1.57,1.58,1526115600,68799.7,112303.59,ZRX/USD
1.72,1.72,1.66,1.67,1526119200,73678.31,124931.56,ZRX/USD
1.73,1.74,1.69,1.72,1526122800,9850.27,16923.53,ZRX/USD
1.74,1.75,1.72,1.73,1526126400,22729.28,39490.1,ZRX/USD
1.68,1.74,1.65,1.74,1526130000,24812.66,42049.55,ZRX/USD
1.65,1.68,1.64,1.68,1526133600,26805.64,44163.2,ZRX/USD
1.6,1.67,1.58,1.65,1526137200,94621.07,152440.2,ZRX/USD
1.58,1.62,1.56,1.6,1526140800,35043.02,55926.04,ZRX/USD
1.62,1.63,1.58,1.58,1526144400,32505.2,51875.35,ZRX/USD
1.62,1.63,1.61,1.62,1526148000,1104.1,1793.92,ZRX/USD
1.65,1.65,1.61,1.62,1526151600,4438.11,7195.01,ZRX/USD
1.64,1.66,1.63,1.65,1526155200,19993.46,32850.41,ZRX/USD
1.62,1.64,1.58,1.64,1526158800,72710.93,116636.3,ZRX/USD
1.62,1.63,1.61,1.62,1526162400,10520.08,17034.28,ZRX/USD
1.65,1.66,1.62,1.62,1526166000,25651.79,42200.51,ZRX/USD
1.63,1.66,1.63,1.65,1526169600,25876.51,42587.2,ZRX/USD
1.64,1.66,1.63,1.63,1526173200,10596.32,17430.52,ZRX/USD
1.62,1.64,1.61,1.64,1526176800,12632.99,20429.71,ZRX/USD
1.63,1.63,1.62,1.62,1526180400,12590.32,20381.94,ZRX/USD
1.58,1.65,1.58,1.63,1526184000,13209.43,21253.2,ZRX/USD
1.6,1.6,1.57,1.58,1526187600,22190.58,34972.26,ZRX/USD
1.61,1.64,1.6,1.6,1526191200,69802.09,112567.94,ZRX/USD
1.61,1.62,1.6,1.61,1526194800,12138.67,19647.31,ZRX/USD
1.59,1.61,1.59,1.61,1526198400,7024.07,11245.42,ZRX/USD
1.65,1.65,1.59,1.59,1526202000,21053.38,34343.92,ZRX/USD
1.62,1.66,1.61,1.65,1526205600,23157.53,37722.95,ZRX/USD
1.62,1.63,1.61,1.62,1526209200,20732.35,33530.84,ZRX/USD
1.63,1.64,1.61,1.62,1526212800,16771.91,27279.41,ZRX/USD
1.62,1.63,1.6,1.63,1526216400,9752.24,15849.82,ZRX/USD
1.65,1.65,1.6,1.62,1526220000,26752.96,43629.43,ZRX/USD
1.68,1.69,1.62,1.65,1526223600,53923.2,90028.1,ZRX/USD
1.76,1.76,1.67,1.68,1526227200,42369.76,72943.85,ZRX/USD
1.69,1.76,1.68,1.76,1526230800,150757.06,258565.47,ZRX/USD
1.73,1.73,1.69,1.69,1526234400,26264.19,45203.95,ZRX/USD
1.71,1.74,1.7,1.73,1526238000,14705.24,25265.17,ZRX/USD
1.75,1.75,1.7,1.71,1526241600,3870.38,6704.3,ZRX/USD
1.75,1.78,1.74,1.75,1526245200,18325.42,32160.19,ZRX/USD
1.78,1.79,1.74,1.75,1526248800,24509.09,43630.03,ZRX/USD
1.76,1.78,1.74,1.78,1526252400,11580.04,20417.09,ZRX/USD
1.74,1.76,1.71,1.76,1526256000,7382.79,12804.19,ZRX/USD
1.76,1.76,1.73,1.74,1526259600,21651.15,38014.25,ZRX/USD
1.7,1.76,1.69,1.76,1526263200,22924.87,39551.23,ZRX/USD
1.63,1.71,1.61,1.7,1526266800,51297.28,84625.91,ZRX/USD
1.62,1.66,1.59,1.63,1526270400,101701.03,165060.4,ZRX/USD
1.61,1.62,1.56,1.62,1526274000,68012.54,108204.92,ZRX/USD
1.62,1.63,1.61,1.62,1526277600,3251.53,5278.68,ZRX/USD
1.6,1.62,1.59,1.62,1526281200,14474.02,23136.43,ZRX/USD
1.63,1.65,1.6,1.6,1526284800,29336.73,47579.77,ZRX/USD
1.61,1.64,1.57,1.63,1526288400,50266.82,81030.86,ZRX/USD
1.62,1.62,1.6,1.61,1526292000,24202.51,38861.52,ZRX/USD
1.65,1.66,1.62,1.62,1526295600,55237.08,90817.5,ZRX/USD
1.66,1.66,1.64,1.65,1526299200,20255.6,33297.1,ZRX/USD
1.72,1.72,1.58,1.66,1526302800,84870.82,137588.63,ZRX/USD
1.66,1.73,1.66,1.72,1526306400,60781.53,102458.54,ZRX/USD
1.68,1.68,1.65,1.66,1526310000,39905.98,66126.14,ZRX/USD
1.66,1.68,1.66,1.68,1526313600,34670.98,57752.19,ZRX/USD
1.66,1.67,1.65,1.66,1526317200,37714.63,62486.41,ZRX/USD
1.66,1.67,1.65,1.66,1526320800,2467.75,4089.68,ZRX/USD
1.61,1.69,1.57,1.66,1526324400,125344.29,205965.89,ZRX/USD
1.59,1.62,1.57,1.61,1526328000,162551.78,258605.54,ZRX/USD
1.56,1.61,1.56,1.59,1526331600,84080.21,133192.46,ZRX/USD
1.53,1.56,1.52,1.56,1526335200,184282.55,282509.43,ZRX/USD
1.56,1.56,1.5,1.53,1526338800,113421.27,171163.43,ZRX/USD
1.57,1.57,1.54,1.56,1526342400,38131.36,59305.99,ZRX/USD
1.54,1.58,1.53,1.57,1526346000,18699.44,29034.64,ZRX/USD
1.53,1.54,1.52,1.54,1526349600,8258.8,12687.27,ZRX/USD
1.56,1.56,1.53,1.53,1526353200,9211.94,14183.44,ZRX/USD
1.58,1.59,1.56,1.56,1526356800,13853.47,21813.34,ZRX/USD
1.59,1.59,1.57,1.58,1526360400,20308.11,32187.35,ZRX/USD
1.59,1.6,1.59,1.59,1526364000,5060.26,8053.59,ZRX/USD
1.55,1.59,1.55,1.59,1526367600,28885.46,45279.24,ZRX/USD
1.55,1.56,1.53,1.56,1526371200,14561.84,22485.94,ZRX/USD
1.54,1.55,1.54,1.55,1526374800,21467.03,33202.16,ZRX/USD
1.55,1.56,1.53,1.54,1526378400,34129.55,52745.55,ZRX/USD
1.55,1.55,1.54,1.55,1526382000,8206.1,12682.18,ZRX/USD
1.55,1.55,1.54,1.55,1526385600,26215.92,40618.04,ZRX/USD
1.57,1.6,1.54,1.55,1526389200,29786.83,47044.26,ZRX/USD
1.49,1.58,1.48,1.57,1526392800,74720.83,113888.02,ZRX/USD
1.5,1.52,1.47,1.49,1526396400,31781.74,47151.47,ZRX/USD
1.55,1.56,1.5,1.5,1526400000,24713.04,38007.06,ZRX/USD
1.57,1.57,1.53,1.55,1526403600,60493.26,94413.02,ZRX/USD
1.52,1.57,1.51,1.57,1526407200,63260.34,98714.72,ZRX/USD
1.53,1.53,1.5,1.52,1526410800,11161.68,16930.66,ZRX/USD
1.52,1.53,1.51,1.53,1526414400,4193.11,6380.01,ZRX/USD
1.5,1.53,1.5,1.52,1526418000,22133.61,33389.67,ZRX/USD
1.48,1.5,1.47,1.5,1526421600,26802.23,39733.35,ZRX/USD
1.49,1.49,1.48,1.48,1526425200,8292.0,12307.32,ZRX/USD
1.47,1.49,1.47,1.49,1526428800,35805.25,52806.16,ZRX/USD
1.4,1.47,1.37,1.47,1526432400,86042.89,121818.55,ZRX/USD
1.34,1.41,1.33,1.4,1526436000,70891.72,96001.9,ZRX/USD
1.34,1.38,1.34,1.34,1526439600,68357.92,91780.47,ZRX/USD
1.33,1.36,1.33,1.34,1526443200,62624.65,84558.5,ZRX/USD
1.33,1.34,1.3,1.33,1526446800,68210.17,89873.68,ZRX/USD
1.33,1.35,1.32,1.33,1526450400,18506.71,24686.38,ZRX/USD
1.33,1.34,1.32,1.33,1526454000,23210.14,30841.13,ZRX/USD
1.33,1.34,1.32,1.33,1526457600,53127.47,70539.65,ZRX/USD
1.33,1.33,1.32,1.33,1526461200,43732.23,58011.57,ZRX/USD
1.38,1.39,1.33,1.33,1526464800,60019.23,82124.95,ZRX/USD
1.39,1.4,1.37,1.38,1526468400,25421.91,35386.78,ZRX/USD
1.38,1.4,1.37,1.39,1526472000,19342.1,27035.36,ZRX/USD
1.32,1.39,1.32,1.37,1526475600,42659.88,57309.97,ZRX/USD
1.32,1.33,1.31,1.32,1526479200,26850.23,35377.99,ZRX/USD
1.35,1.36,1.32,1.32,1526482800,19385.53,26125.37,ZRX/USD
1.34,1.35,1.34,1.35,1526486400,9309.35,12522.37,ZRX/USD
1.35,1.36,1.33,1.34,1526490000,17586.64,23658.2,ZRX/USD
1.37,1.38,1.34,1.35,1526493600,16126.91,21998.51,ZRX/USD
1.37,1.37,1.35,1.37,1526497200,20947.83,28658.45,ZRX/USD
1.36,1.37,1.35,1.37,1526500800,13421.34,18180.59,ZRX/USD
1.36,1.37,1.36,1.36,1526504400,14538.43,19741.87,ZRX/USD
1.36,1.38,1.36,1.36,1526508000,20526.24,28092.92,ZRX/USD
1.37,1.38,1.36,1.36,1526511600,7435.84,10190.56,ZRX/USD
1.38,1.39,1.37,1.37,1526515200,18282.44,25189.93,ZRX/USD
1.4,1.4,1.36,1.38,1526518800,27233.63,37348.72,ZRX/USD
1.45,1.45,1.4,1.4,1526522400,55721.91,79532.22,ZRX/USD
1.47,1.47,1.43,1.45,1526526000,29973.12,43509.89,ZRX/USD
1.42,1.47,1.42,1.47,1526529600,13386.74,19430.8,ZRX/USD
1.43,1.43,1.4,1.42,1526533200,47261.59,67211.13,ZRX/USD
1.42,1.43,1.42,1.43,1526536800,8899.4,12710.92,ZRX/USD
1.38,1.42,1.38,1.42,1526540400,33378.31,46295.54,ZRX/USD
1.38,1.39,1.37,1.38,1526544000,23537.74,32524.59,ZRX/USD
1.39,1.39,1.38,1.38,1526547600,8638.59,11964.47,ZRX/USD
1.38,1.39,1.37,1.39,1526551200,17608.78,24220.39,ZRX/USD
1.37,1.39,1.36,1.38,1526554800,74010.26,102317.29,ZRX/USD
1.37,1.38,1.35,1.37,1526558400,20126.28,27440.71,ZRX/USD
1.38,1.38,1.36,1.37,1526562000,7806.72,10726.66,ZRX/USD
1.4,1.4,1.38,1.38,1526565600,22570.71,31288.33,ZRX/USD
1.43,1.43,1.39,1.4,1526569200,17252.13,24236.43,ZRX/USD
1.38,1.44,1.36,1.43,1526572800,30333.84,42266.58,ZRX/USD
1.36,1.39,1.36,1.38,1526576400,41634.56,56880.68,ZRX/USD
1.32,1.37,1.32,1.36,1526580000,43341.58,57707.17,ZRX/USD
1.3,1.33,1.3,1.32,1526583600,40963.14,53998.86,ZRX/USD
1.33,1.33,1.3,1.3,1526587200,24926.94,32789.22,ZRX/USD
1.28,1.33,1.28,1.33,1526590800,40931.24,53088.26,ZRX/USD
1.25,1.28,1.24,1.28,1526594400,68977.06,86194.81,ZRX/USD
1.25,1.27,1.23,1.25,1526598000,41954.03,52086.88,ZRX/USD
1.21,1.25,1.2,1.25,1526601600,57880.12,70311.87,ZRX/USD
1.23,1.24,1.2,1.2,1526605200,13562.02,16568.37,ZRX/USD
1.25,1.25,1.23,1.23,1526608800,4754.55,5881.0,ZRX/USD
1.25,1.26,1.24,1.25,1526612400,15293.13,18965.0,ZRX/USD
1.26,1.31,1.25,1.25,1526616000,57166.37,73258.34,ZRX/USD
1.29,1.3,1.26,1.26,1526619600,12386.93,15898.12,ZRX/USD
1.27,1.29,1.27,1.29,1526623200,17656.94,22691.76,ZRX/USD
1.31,1.31,1.26,1.27,1526626800,21699.84,28042.83,ZRX/USD
1.3,1.33,1.29,1.31,1526630400,20073.69,26253.92,ZRX/USD
1.31,1.31,1.3,1.3,1526634000,6303.48,8231.04,ZRX/USD
1.3,1.32,1.3,1.31,1526637600,16109.61,21102.11,ZRX/USD
1.31,1.31,1.29,1.3,1526641200,17689.95,22999.65,ZRX/USD
1.27,1.31,1.27,1.31,1526644800,16633.83,21401.83,ZRX/USD
1.26,1.28,1.25,1.27,1526648400,27053.51,34346.6,ZRX/USD
1.25,1.26,1.24,1.26,1526652000,16713.41,20891.3,ZRX/USD
1.24,1.26,1.24,1.25,1526655600,8447.86,10504.53,ZRX/USD
1.26,1.27,1.24,1.24,1526659200,11422.46,14295.53,ZRX/USD
1.25,1.27,1.25,1.26,1526662800,7422.59,9377.48,ZRX/USD
1.28,1.28,1.25,1.25,1526666400,7490.89,9553.9,ZRX/USD
1.32,1.33,1.28,1.28,1526670000,23258.71,30585.84,ZRX/USD
1.31,1.34,1.31,1.32,1526673600,15331.27,20325.86,ZRX/USD
1.31,1.32,1.31,1.31,1526677200,9051.03,11898.88,ZRX/USD
1.3,1.32,1.29,1.31,1526680800,7355.39,9576.44,ZRX/USD
1.31,1.31,1.29,1.3,1526684400,12783.18,16597.97,ZRX/USD
1.29,1.32,1.29,1.31,1526688000,15617.47,20256.58,ZRX/USD
1.27,1.29,1.27,1.29,1526691600,8673.93,11119.44,ZRX/USD
1.3,1.3,1.27,1.27,1526695200,9502.47,12208.67,ZRX/USD
1.32,1.32,1.29,1.3,1526698800,66662.85,86459.98,ZRX/USD
1.31,1.32,1.31,1.32,1526702400,9547.33,12508.5,ZRX/USD
1.3,1.32,1.3,1.31,1526706000,6243.73,8179.16,ZRX/USD
1.3,1.31,1.3,1.31,1526709600,12491.1,16326.32,ZRX/USD
1.28,1.31,1.28,1.3,1526713200,27181.51,35113.38,ZRX/USD
1.29,1.29,1.27,1.28,1526716800,6934.6,8869.83,ZRX/USD
1.28,1.29,1.28,1.29,1526720400,3705.57,4759.57,ZRX/USD
1.29,1.3,1.28,1.29,1526724000,9996.33,12946.52,ZRX/USD
1.32,1.32,1.29,1.29,1526727600,10454.1,13689.11,ZRX/USD
1.35,1.35,1.32,1.32,1526731200,49359.69,65849.54,ZRX/USD
1.34,1.37,1.34,1.35,1526734800,42112.08,57079.97,ZRX/USD
1.36,1.36,1.34,1.34,1526738400,34455.61,46479.56,ZRX/USD
1.37,1.37,1.36,1.36,1526742000,8071.96,11042.05,ZRX/USD
1.39,1.41,1.37,1.37,1526745600,35211.16,48911.23,ZRX/USD
1.43,1.43,1.37,1.39,1526749200,36753.74,51595.31,ZRX/USD
1.47,1.51,1.42,1.43,1526752800,104345.01,154128.69,ZRX/USD
1.48,1.49,1.43,1.47,1526756400,83768.57,121735.17,ZRX/USD
1.43,1.49,1.43,1.48,1526760000,51240.73,75087.6,ZRX/USD
1.39,1.43,1.38,1.43,1526763600,56950.97,79537.84,ZRX/USD
1.42,1.42,1.39,1.39,1526767200,21338.86,30104.97,ZRX/USD
1.46,1.46,1.42,1.42,1526770800,29651.77,42903.55,ZRX/USD
1.42,1.47,1.42,1.46,1526774400,21863.22,31602.16,ZRX/USD
1.43,1.43,1.4,1.42,1526778000,17823.41,25154.16,ZRX/USD
1.45,1.46,1.43,1.43,1526781600,9282.11,13411.96,ZRX/USD
1.46,1.46,1.45,1.45,1526785200,14361.14,20918.85,ZRX/USD
1.45,1.46,1.45,1.46,1526788800,9432.73,13692.78,ZRX/USD
1.44,1.45,1.44,1.45,1526792400,5681.99,8194.88,ZRX/USD
1.44,1.44,1.44,1.44,1526796000,7433.23,10697.91,ZRX/USD
1.44,1.44,1.43,1.44,1526799600,6519.76,9329.87,ZRX/USD
1.45,1.45,1.43,1.44,1526803200,20669.42,29870.94,ZRX/USD
1.45,1.45,1.43,1.45,1526806800,35068.06,50731.85,ZRX/USD
1.45,1.45,1.44,1.45,1526810400,14739.32,21384.72,ZRX/USD
1.44,1.46,1.44,1.46,1526814000,24675.14,35703.75,ZRX/USD
1.42,1.44,1.41,1.44,1526817600,17800.49,25324.3,ZRX/USD
1.42,1.42,1.39,1.42,1526821200,36991.46,51842.27,ZRX/USD
1.4,1.42,1.4,1.42,1526824800,7104.14,9997.63,ZRX/USD
1.39,1.41,1.38,1.4,1526828400,12356.69,17099.45,ZRX/USD
1.42,1.44,1.39,1.39,1526832000,30257.6,43167.03,ZRX/USD
1.43,1.44,1.41,1.42,1526835600,21155.76,30282.78,ZRX/USD
1.44,1.44,1.43,1.43,1526839200,9899.84,14173.91,ZRX/USD
1.44,1.45,1.44,1.44,1526842800,18591.64,26828.24,ZRX/USD
1.44,1.46,1.44,1.44,1526846400,27417.37,39796.26,ZRX/USD
1.45,1.45,1.44,1.44,1526850000,22598.81,32704.67,ZRX/USD
1.45,1.46,1.45,1.45,1526853600,13098.75,19033.71,ZRX/USD
1.47,1.47,1.45,1.45,1526857200,11514.82,16879.48,ZRX/USD
1.45,1.47,1.45,1.47,1526860800,20091.84,29299.4,ZRX/USD
1.43,1.45,1.43,1.45,1526864400,5009.8,7216.89,ZRX/USD
1.42,1.43,1.42,1.43,1526868000,8464.04,12084.58,ZRX/USD
1.43,1.43,1.42,1.42,1526871600,2164.78,3091.75,ZRX/USD
1.41,1.43,1.41,1.42,1526875200,9028.11,12764.1,ZRX/USD
1.42,1.42,1.4,1.41,1526878800,12904.34,18259.33,ZRX/USD
1.43,1.43,1.42,1.42,1526882400,5195.89,7387.29,ZRX/USD
1.42,1.43,1.41,1.43,1526886000,7147.92,10122.84,ZRX/USD
1.41,1.42,1.41,1.42,1526889600,4817.23,6808.21,ZRX/USD
1.41,1.43,1.4,1.41,1526893200,11458.9,16229.58,ZRX/USD
1.39,1.41,1.39,1.41,1526896800,25089.87,35044.53,ZRX/USD
1.4,1.4,1.38,1.39,1526900400,26992.34,37647.7,ZRX/USD
1.38,1.4,1.38,1.4,1526904000,12310.2,17044.36,ZRX/USD
1.38,1.39,1.38,1.38,1526907600,5710.0,7896.92,ZRX/USD
1.36,1.38,1.36,1.38,1526911200,18081.83,24747.48,ZRX/USD
1.36,1.37,1.35,1.36,1526914800,31742.83,43043.06,ZRX/USD
1.34,1.36,1.34,1.36,1526918400,22840.16,30733.47,ZRX/USD
1.34,1.35,1.34,1.34,1526922000,7657.62,10317.43,ZRX/USD
1.31,1.34,1.31,1.34,1526925600,26842.22,35254.64,ZRX/USD
1.33,1.33,1.31,1.31,1526929200,11106.56,14687.32,ZRX/USD
1.34,1.35,1.33,1.33,1526932800,12714.22,17006.15,ZRX/USD
1.34,1.36,1.34,1.34,1526936400,11707.68,15801.98,ZRX/USD
1.35,1.35,1.34,1.34,1526940000,7712.06,10376.3,ZRX/USD
1.34,1.35,1.34,1.34,1526943600,6442.41,8681.24,ZRX/USD
1.34,1.35,1.33,1.34,1526947200,8255.26,11065.13,ZRX/USD
1.31,1.34,1.31,1.34,1526950800,15221.17,20050.55,ZRX/USD
1.31,1.32,1.3,1.31,1526954400,7953.33,10423.86,ZRX/USD
1.31,1.32,1.31,1.31,1526958000,10409.04,13627.08,ZRX/USD
1.31,1.32,1.31,1.31,1526961600,5381.23,7051.84,ZRX/USD
1.31,1.31,1.3,1.31,1526965200,7847.66,10232.66,ZRX/USD
1.33,1.33,1.3,1.31,1526968800,9779.14,12804.1,ZRX/USD
1.34,1.34,1.32,1.33,1526972400,11247.28,14934.26,ZRX/USD
1.31,1.34,1.31,1.34,1526976000,11838.41,15653.55,ZRX/USD
1.3,1.32,1.3,1.32,1526979600,10760.65,14104.42,ZRX/USD
1.29,1.3,1.28,1.3,1526983200,11539.87,14913.57,ZRX/USD
1.27,1.3,1.27,1.29,1526986800,22873.34,29193.76,ZRX/USD
1.25,1.27,1.25,1.27,1526990400,9656.17,12141.03,ZRX/USD
1.26,1.27,1.25,1.25,1526994000,67263.33,85464.3,ZRX/USD
1.27,1.27,1.26,1.26,1526997600,13016.88,16455.39,ZRX/USD
1.28,1.28,1.26,1.27,1527001200,21128.27,26882.34,ZRX/USD
1.29,1.31,1.27,1.28,1527004800,35717.17,45863.13,ZRX/USD
1.28,1.29,1.28,1.29,1527008400,5762.41,7396.61,ZRX/USD
1.27,1.28,1.27,1.28,1527012000,7357.76,9365.6,ZRX/USD
1.23,1.27,1.23,1.27,1527015600,30369.48,37813.45,ZRX/USD
1.2,1.23,1.2,1.23,1527019200,39169.97,47472.97,ZRX/USD
1.19,1.21,1.18,1.2,1527022800,49201.5,58440.06,ZRX/USD
1.15,1.21,1.14,1.19,1527026400,81010.53,93441.23,ZRX/USD
1.16,1.16,1.15,1.15,1527030000,31871.54,36956.03,ZRX/USD
1.16,1.18,1.15,1.16,1527033600,7905.12,9217.66,ZRX/USD
1.15,1.16,1.13,1.16,1527037200,47401.94,53910.03,ZRX/USD
1.16,1.16,1.14,1.15,1527040800,33535.91,38577.7,ZRX/USD
1.19,1.19,1.16,1.16,1527044400,10342.81,12224.12,ZRX/USD
1.16,1.19,1.16,1.19,1527048000,13688.86,15996.64,ZRX/USD
1.14,1.16,1.13,1.16,1527051600,6217.54,7120.25,ZRX/USD
1.16,1.16,1.14,1.14,1527055200,16930.76,19515.6,ZRX/USD
1.12,1.16,1.11,1.16,1527058800,68931.11,77800.78,ZRX/USD
1.11,1.12,1.1,1.11,1527062400,92951.28,103084.82,ZRX/USD
1.09,1.12,1.09,1.11,1527066000,38460.62,42050.57,ZRX/USD
1.1,1.11,1.09,1.09,1527069600,43791.92,48344.83,ZRX/USD
1.06,1.1,1.06,1.1,1527073200,30189.7,32447.75,ZRX/USD
1.1,1.1,1.06,1.06,1527076800,70003.03,75715.29,ZRX/USD
1.11,1.12,1.1,1.1,1527080400,20478.26,22795.0,ZRX/USD
1.15,1.15,1.1,1.11,1527084000,43424.7,48650.74,ZRX/USD
1.08,1.15,1.07,1.15,1527087600,103790.09,111784.74,ZRX/USD
1.08,1.12,1.04,1.08,1527091200,150934.87,160222.48,ZRX/USD
1.02,1.08,1.02,1.08,1527094800,41676.49,43231.24,ZRX/USD
1.04,1.06,1.02,1.02,1527098400,51619.08,53533.96,ZRX/USD
1.39,1.6,1.04,1.04,1527102000,862855.71,1213462.42,ZRX/USD
1.47,1.52,1.3,1.39,1527105600,450676.37,636816.46,ZRX/USD
1.35,1.5,1.26,1.47,1527109200,286396.25,389033.69,ZRX/USD
1.34,1.37,1.3,1.35,1527112800,59597.42,79930.18,ZRX/USD
1.34,1.36,1.3,1.34,1527116400,44412.6,58902.84,ZRX/USD
1.35,1.38,1.33,1.34,1527120000,49536.72,67173.46,ZRX/USD
1.28,1.35,1.26,1.35,1527123600,62855.05,81261.32,ZRX/USD
1.24,1.31,1.24,1.28,1527127200,78801.55,99211.3,ZRX/USD
1.31,1.31,1.22,1.24,1527130800,48442.14,60189.89,ZRX/USD
1.32,1.34,1.3,1.31,1527134400,34598.76,45629.33,ZRX/USD
1.29,1.35,1.28,1.32,1527138000,26518.39,34417.44,ZRX/USD
1.28,1.32,1.28,1.29,1527141600,9016.93,11727.47,ZRX/USD
1.28,1.32,1.28,1.28,1527145200,21493.5,27884.2,ZRX/USD
1.19,1.28,1.19,1.28,1527148800,131689.37,160131.75,ZRX/USD
1.21,1.21,1.16,1.19,1527152400,100171.82,119122.01,ZRX/USD
1.21,1.22,1.19,1.21,1527156000,46272.7,56064.64,ZRX/USD
1.27,1.27,1.21,1.21,1527159600,37832.97,47307.12,ZRX/USD
1.29,1.31,1.23,1.27,1527163200,85828.06,108217.11,ZRX/USD
1.29,1.31,1.27,1.29,1527166800,112683.61,144891.12,ZRX/USD
1.28,1.29,1.27,1.29,1527170400,42473.45,54036.66,ZRX/USD
1.38,1.39,1.27,1.28,1527174000,82381.85,110561.04,ZRX/USD
1.4,1.48,1.36,1.38,1527177600,266841.1,378327.21,ZRX/USD
1.42,1.45,1.4,1.4,1527181200,35537.56,50625.41,ZRX/USD
1.42,1.44,1.39,1.42,1527184800,91112.83,129915.93,ZRX/USD
1.4,1.44,1.38,1.42,1527188400,28232.7,39530.55,ZRX/USD
1.36,1.4,1.36,1.4,1527192000,51893.32,70748.6,ZRX/USD
1.33,1.38,1.32,1.36,1527195600,32135.72,43149.21,ZRX/USD
1.35,1.37,1.33,1.33,1527199200,28828.84,39247.52,ZRX/USD
1.35,1.39,1.33,1.35,1527202800,15372.65,20918.65,ZRX/USD
1.35,1.38,1.32,1.35,1527206400,12930.4,17344.11,ZRX/USD
1.36,1.36,1.34,1.35,1527210000,1312.15,1782.08,ZRX/USD
1.39,1.39,1.36,1.36,1527213600,13462.43,18558.49,ZRX/USD
1.37,1.39,1.36,1.39,1527217200,11627.32,16021.21,ZRX/USD
1.42,1.42,1.37,1.37,1527220800,19478.11,27291.54,ZRX/USD
1.42,1.42,1.4,1.42,1527224400,24436.67,34510.02,ZRX/USD
1.36,1.43,1.35,1.42,1527228000,25979.52,36076.1,ZRX/USD
1.35,1.37,1.32,1.36,1527231600,25767.73,34590.82,ZRX/USD
1.36,1.36,1.33,1.35,1527235200,11685.59,15703.72,ZRX/USD
1.35,1.36,1.35,1.36,1527238800,11091.17,15007.09,ZRX/USD
1.34,1.37,1.33,1.35,1527242400,23929.49,32474.34,ZRX/USD
1.35,1.36,1.33,1.34,1527246000,24378.79,33000.85,ZRX/USD
1.35,1.37,1.34,1.35,1527249600,6031.56,8149.22,ZRX/USD
1.32,1.36,1.32,1.35,1527253200,18567.42,24738.87,ZRX/USD
1.32,1.33,1.29,1.32,1527256800,26510.98,34591.9,ZRX/USD
1.3,1.32,1.29,1.32,1527260400,26372.71,34390.51,ZRX/USD
1.3,1.31,1.3,1.31,1527264000,12408.15,16141.0,ZRX/USD
1.26,1.3,1.26,1.3,1527267600,44724.22,57070.1,ZRX/USD
1.3,1.31,1.26,1.26,1527271200,35469.53,45949.55,ZRX/USD
1.3,1.3,1.27,1.3,1527274800,10082.61,12992.04,ZRX/USD
1.3,1.3,1.29,1.3,1527278400,19532.22,25290.78,ZRX/USD
1.29,1.3,1.28,1.3,1527282000,4604.1,5956.47,ZRX/USD
1.27,1.3,1.26,1.29,1527285600,10388.43,13268.77,ZRX/USD
1.27,1.27,1.25,1.27,1527289200,18619.51,23533.14,ZRX/USD
1.27,1.28,1.26,1.27,1527292800,26262.92,33180.11,ZRX/USD
1.28,1.29,1.27,1.27,1527296400,8073.03,10318.41,ZRX/USD
1.27,1.29,1.27,1.28,1527300000,8299.49,10597.24,ZRX/USD
1.27,1.29,1.27,1.27,1527303600,11731.88,14951.07,ZRX/USD
1.25,1.27,1.25,1.27,1527307200,178613.88,223378.6,ZRX/USD
1.25,1.25,1.24,1.25,1527310800,20670.58,25746.44,ZRX/USD
1.26,1.26,1.25,1.25,1527314400,9073.46,11389.93,ZRX/USD
1.3,1.3,1.26,1.26,1527318000,50236.18,64456.46,ZRX/USD
1.27,1.3,1.27,1.3,1527321600,29186.16,37224.88,ZRX/USD
1.3,1.3,1.27,1.27,1527325200,9788.59,12567.06,ZRX/USD
1.3,1.31,1.28,1.3,1527328800,13033.47,16834.82,ZRX/USD
1.31,1.31,1.3,1.3,1527332400,4693.83,6114.69,ZRX/USD
1.28,1.31,1.28,1.31,1527336000,16624.13,21569.23,ZRX/USD
1.27,1.29,1.26,1.28,1527339600,14685.58,18708.32,ZRX/USD
1.28,1.28,1.27,1.27,1527343200,9781.76,12433.04,ZRX/USD
1.27,1.28,1.26,1.28,1527346800,10269.43,13013.87,ZRX/USD
1.26,1.27,1.26,1.27,1527350400,8453.4,10675.79,ZRX/USD
1.27,1.27,1.26,1.26,1527354000,6077.19,7686.2,ZRX/USD
1.26,1.28,1.26,1.27,1527357600,13086.85,16618.72,ZRX/USD
1.27,1.27,1.26,1.26,1527361200,42263.18,53133.62,ZRX/USD
1.27,1.27,1.26,1.27,1527364800,3638.28,4600.4,ZRX/USD
1.26,1.28,1.26,1.26,1527368400,25474.94,32309.07,ZRX/USD
1.22,1.26,1.22,1.26,1527372000,87998.56,108354.94,ZRX/USD
1.21,1.22,1.21,1.22,1527375600,18985.12,23066.11,ZRX/USD
1.2,1.21,1.18,1.21,1527379200,49075.27,58530.04,ZRX/USD
1.22,1.22,1.19,1.2,1527382800,7398.56,8941.58,ZRX/USD
1.21,1.22,1.2,1.22,1527386400,6630.44,8048.61,ZRX/USD
1.19,1.21,1.19,1.21,1527390000,24710.06,29316.18,ZRX/USD
1.21,1.21,1.19,1.19,1527393600,3165.89,3809.38,ZRX/USD
1.19,1.21,1.19,1.21,1527397200,4224.41,5058.49,ZRX/USD
1.2,1.2,1.19,1.19,1527400800,4494.31,5383.13,ZRX/USD
1.2,1.21,1.19,1.2,1527404400,22589.34,27105.86,ZRX/USD
1.19,1.22,1.19,1.2,1527408000,6812.19,8202.35,ZRX/USD
1.2,1.21,1.19,1.19,1527411600,4628.66,5585.01,ZRX/USD
1.21,1.21,1.2,1.2,1527415200,6021.31,7270.83,ZRX/USD
1.21,1.21,1.19,1.21,1527418800,10518.38,12623.0,ZRX/USD
1.19,1.21,1.19,1.2,1527422400,6964.5,8363.52,ZRX/USD
1.18,1.19,1.17,1.19,1527426000,11481.34,13569.6,ZRX/USD
1.18,1.19,1.18,1.18,1527429600,4486.7,5307.42,ZRX/USD
1.18,1.19,1.18,1.18,1527433200,4011.25,4758.96,ZRX/USD
1.19,1.19,1.17,1.19,1527436800,6897.91,8141.12,ZRX/USD
1.18,1.19,1.17,1.18,1527440400,12658.56,14954.21,ZRX/USD
1.16,1.18,1.16,1.18,1527444000,81935.9,95517.23,ZRX/USD
1.16,1.16,1.16,1.16,1527447600,11694.72,13591.24,ZRX/USD
1.15,1.16,1.14,1.16,1527451200,29892.62,34174.71,ZRX/USD
1.15,1.15,1.14,1.15,1527454800,12975.27,14887.78,ZRX/USD
1.16,1.16,1.15,1.15,1527458400,10626.64,12341.41,ZRX/USD
1.18,1.19,1.16,1.16,1527462000,8664.41,10155.17,ZRX/USD
1.19,1.2,1.18,1.18,1527465600,9552.75,11417.92,ZRX/USD
1.19,1.2,1.18,1.19,1527469200,5264.91,6267.92,ZRX/USD
1.19,1.2,1.18,1.19,1527472800,4358.19,5200.76,ZRX/USD
1.24,1.24,1.19,1.2,1527476400,24773.78,30351.39,ZRX/USD
1.2,1.24,1.2,1.24,1527480000,35962.4,43249.83,ZRX/USD
1.13,1.21,1.13,1.2,1527483600,27292.8,31735.89,ZRX/USD
1.14,1.15,1.12,1.13,1527487200,26236.74,29838.97,ZRX/USD
1.14,1.15,1.14,1.14,1527490800,7516.78,8615.64,ZRX/USD
1.13,1.15,1.12,1.14,1527494400,11960.88,13596.2,ZRX/USD
1.12,1.13,1.12,1.13,1527498000,18868.33,21158.84,ZRX/USD
1.13,1.13,1.12,1.12,1527501600,14009.07,15797.92,ZRX/USD
1.11,1.13,1.11,1.13,1527505200,20650.14,23145.79,ZRX/USD
1.13,1.13,1.1,1.11,1527508800,24559.75,27323.86,ZRX/USD
1.13,1.13,1.11,1.13,1527512400,8815.55,9893.01,ZRX/USD
1.12,1.13,1.12,1.12,1527516000,4168.31,4690.86,ZRX/USD
1.1,1.12,1.1,1.12,1527519600,24154.03,26786.32,ZRX/USD
1.08,1.11,1.08,1.1,1527523200,14893.62,16233.31,ZRX/USD
1.08,1.1,1.07,1.08,1527526800,22982.56,24870.97,ZRX/USD
1.06,1.09,1.06,1.08,1527530400,19974.1,21484.22,ZRX/USD
1.06,1.06,1.05,1.06,1527534000,28457.57,30115.43,ZRX/USD
1.07,1.08,1.06,1.06,1527537600,29129.14,31024.78,ZRX/USD
1.05,1.07,1.05,1.07,1527541200,18768.1,19818.71,ZRX/USD
1.03,1.06,1.02,1.05,1527544800,96353.79,98962.03,ZRX/USD
1.03,1.05,1.03,1.03,1527548400,11625.57,12118.51,ZRX/USD
1.06,1.06,1.03,1.03,1527552000,27752.67,29106.5,ZRX/USD
1.04,1.08,1.04,1.06,1527555600,38816.7,41031.17,ZRX/USD
1.04,1.05,1.04,1.04,1527559200,7851.5,8176.65,ZRX/USD
1.1,1.1,1.04,1.04,1527562800,27924.24,29879.35,ZRX/USD
1.1,1.1,1.07,1.1,1527566400,17988.22,19594.17,ZRX/USD
1.08,1.1,1.06,1.1,1527570000,7914.19,8569.18,ZRX/USD
1.07,1.08,1.07,1.08,1527573600,6172.15,6660.21,ZRX/USD
1.09,1.11,1.07,1.07,1527577200,9102.2,9982.83,ZRX/USD
1.1,1.11,1.08,1.09,1527580800,7759.7,8513.41,ZRX/USD
1.15,1.15,1.09,1.1,1527584400,26473.04,29593.53,ZRX/USD
1.2,1.21,1.14,1.15,1527588000,39499.7,46524.08,ZRX/USD
1.2,1.25,1.2,1.2,1527591600,118222.7,144106.28,ZRX/USD
1.25,1.27,1.2,1.2,1527595200,78541.26,98638.41,ZRX/USD
1.25,1.28,1.24,1.25,1527598800,97779.98,123263.29,ZRX/USD
1.23,1.25,1.21,1.25,1527602400,42425.47,52123.75,ZRX/USD
1.22,1.23,1.2,1.23,1527606000,21319.96,25938.06,ZRX/USD
1.23,1.23,1.21,1.22,1527609600,29513.78,36150.44,ZRX/USD
1.25,1.25,1.22,1.23,1527613200,19687.64,24214.85,ZRX/USD
1.26,1.28,1.25,1.25,1527616800,28148.69,35648.84,ZRX/USD
1.27,1.27,1.25,1.26,1527620400,29202.59,36899.68,ZRX/USD
1.26,1.28,1.26,1.27,1527624000,23970.6,30275.03,ZRX/USD
1.3,1.31,1.25,1.26,1527627600,106749.63,138058.22,ZRX/USD
1.23,1.3,1.23,1.3,1527631200,24662.99,31122.83,ZRX/USD
1.25,1.26,1.23,1.23,1527634800,76651.88,95793.58,ZRX/USD
1.27,1.27,1.25,1.25,1527638400,14742.94,18525.47,ZRX/USD
1.29,1.29,1.27,1.27,1527642000,4737.99,6090.35,ZRX/USD
1.31,1.37,1.29,1.29,1527645600,102895.19,138846.84,ZRX/USD
1.34,1.36,1.29,1.31,1527649200,48629.26,64820.17,ZRX/USD
1.33,1.35,1.31,1.34,1527652800,66397.7,88522.75,ZRX/USD
1.34,1.34,1.33,1.33,1527656400,5901.08,7919.94,ZRX/USD
1.35,1.45,1.34,1.34,1527660000,129179.13,179390.2,ZRX/USD
1.34,1.36,1.33,1.35,1527663600,18518.91,24870.71,ZRX/USD
1.35,1.36,1.33,1.34,1527667200,7732.59,10391.32,ZRX/USD
1.33,1.36,1.32,1.35,1527670800,45494.99,60818.5,ZRX/USD
1.33,1.33,1.32,1.33,1527674400,10478.15,13910.23,ZRX/USD
1.34,1.34,1.33,1.33,1527678000,8987.9,11994.96,ZRX/USD
1.32,1.34,1.32,1.34,1527681600,16669.13,22108.9,ZRX/USD
1.29,1.32,1.29,1.32,1527685200,38429.78,50153.75,ZRX/USD
1.22,1.29,1.22,1.29,1527688800,83706.94,104643.26,ZRX/USD
1.22,1.24,1.2,1.22,1527692400,140128.45,170803.38,ZRX/USD
1.21,1.23,1.2,1.22,1527696000,42462.0,51801.48,ZRX/USD
1.21,1.21,1.19,1.21,1527699600,24382.71,29299.39,ZRX/USD
1.2,1.22,1.19,1.21,1527703200,14163.95,17058.28,ZRX/USD
1.21,1.21,1.19,1.2,1527706800,49041.2,58939.95,ZRX/USD
1.21,1.23,1.21,1.21,1527710400,31740.63,38953.13,ZRX/USD
1.21,1.22,1.21,1.21,1527714000,10063.9,12228.79,ZRX/USD
1.21,1.22,1.21,1.21,1527717600,18268.93,22241.28,ZRX/USD
1.24,1.24,1.21,1.21,1527721200,11530.83,14211.35,ZRX/USD
1.23,1.24,1.22,1.24,1527724800,18720.35,23101.48,ZRX/USD
1.23,1.25,1.23,1.23,1527728400,19714.13,24288.81,ZRX/USD
1.22,1.23,1.22,1.23,1527732000,5154.38,6305.6,ZRX/USD
1.21,1.22,1.21,1.22,1527735600,11578.13,14060.74,ZRX/USD
1.25,1.25,1.21,1.21,1527739200,34754.31,43003.59,ZRX/USD
1.27,1.27,1.25,1.25,1527742800,29258.97,36908.23,ZRX/USD
1.33,1.34,1.26,1.27,1527746400,52761.35,68267.6,ZRX/USD
1.32,1.34,1.31,1.33,1527750000,51435.95,67702.35,ZRX/USD
1.3,1.39,1.27,1.32,1527753600,254758.07,335703.3,ZRX/USD
1.29,1.31,1.29,1.3,1527757200,10675.88,13857.26,ZRX/USD
1.29,1.29,1.28,1.29,1527760800,47703.66,61413.68,ZRX/USD
1.3,1.33,1.29,1.29,1527764400,16916.39,22244.15,ZRX/USD
1.32,1.32,1.3,1.3,1527768000,19909.68,26127.91,ZRX/USD
1.31,1.32,1.3,1.32,1527771600,9572.41,12498.43,ZRX/USD
1.32,1.32,1.3,1.31,1527775200,8841.11,11597.15,ZRX/USD
1.3,1.33,1.3,1.32,1527778800,7895.73,10388.22,ZRX/USD
1.31,1.31,1.3,1.3,1527782400,8386.34,10948.04,ZRX/USD
1.34,1.35,1.31,1.31,1527786000,38742.27,51422.41,ZRX/USD
1.33,1.35,1.33,1.34,1527789600,24449.89,32879.52,ZRX/USD
1.32,1.33,1.32,1.33,1527793200,19538.81,25812.99,ZRX/USD
1.32,1.33,1.31,1.32,1527796800,10338.94,13606.53,ZRX/USD
1.3,1.32,1.29,1.32,1527800400,34300.86,44766.71,ZRX/USD
1.28,1.3,1.26,1.29,1527804000,59297.82,75553.46,ZRX/USD
1.29,1.29,1.27,1.28,1527807600,23024.89,29625.02,ZRX/USD
1.29,1.31,1.28,1.29,1527811200,9971.31,12928.69,ZRX/USD
1.29,1.29,1.29,1.29,1527814800,11639.35,15027.89,ZRX/USD
1.29,1.3,1.28,1.29,1527818400,5877.41,7578.27,ZRX/USD
1.28,1.29,1.27,1.29,1527822000,9815.71,12582.41,ZRX/USD
1.28,1.28,1.27,1.28,1527825600,6675.47,8541.62,ZRX/USD
1.27,1.29,1.27,1.28,1527829200,4336.73,5542.1,ZRX/USD
1.29,1.29,1.27,1.27,1527832800,8074.82,10375.46,ZRX/USD
1.3,1.3,1.28,1.29,1527836400,29442.74,38064.39,ZRX/USD
1.31,1.32,1.3,1.3,1527840000,9567.75,12525.29,ZRX/USD
1.29,1.31,1.29,1.31,1527843600,39816.94,51423.2,ZRX/USD
1.3,1.3,1.28,1.29,1527847200,5221.5,6717.1,ZRX/USD
1.25,1.3,1.25,1.3,1527850800,35754.25,45035.25,ZRX/USD
1.27,1.27,1.24,1.25,1527854400,25341.55,31926.61,ZRX/USD
1.24,1.27,1.24,1.27,1527858000,13348.55,16733.44,ZRX/USD
1.25,1.25,1.24,1.24,1527861600,18484.66,23044.99,ZRX/USD
1.25,1.25,1.24,1.25,1527865200,11698.68,14554.33,ZRX/USD
1.25,1.26,1.24,1.25,1527868800,16258.97,20332.38,ZRX/USD
1.25,1.25,1.24,1.25,1527872400,17104.19,21304.17,ZRX/USD
1.24,1.27,1.24,1.25,1527876000,33705.39,42343.79,ZRX/USD
1.25,1.25,1.24,1.24,1527879600,46356.78,57206.41,ZRX/USD
1.25,1.26,1.25,1.25,1527883200,20891.47,26086.58,ZRX/USD
1.24,1.26,1.24,1.25,1527886800,8364.21,10404.89,ZRX/USD
1.25,1.25,1.23,1.24,1527890400,40289.96,50159.85,ZRX/USD
1.26,1.27,1.25,1.25,1527894000,10480.28,13223.69,ZRX/USD
1.25,1.26,1.25,1.26,1527897600,14576.7,18289.35,ZRX/USD
1.26,1.26,1.25,1.25,1527901200,8679.55,10876.62,ZRX/USD
1.27,1.27,1.26,1.26,1527904800,23277.04,29563.35,ZRX/USD
1.29,1.29,1.27,1.27,1527908400,15771.15,20316.8,ZRX/USD
1.28,1.29,1.28,1.29,1527912000,9461.75,12222.38,ZRX/USD
1.28,1.29,1.27,1.28,1527915600,13044.61,16711.64,ZRX/USD
1.3,1.31,1.27,1.28,1527919200,11011.15,14141.71,ZRX/USD
1.32,1.32,1.3,1.3,1527922800,26630.24,34917.65,ZRX/USD
1.3,1.32,1.3,1.32,1527926400,38294.59,50024.99,ZRX/USD
1.3,1.31,1.29,1.3,1527930000,34994.8,45457.45,ZRX/USD
1.27,1.3,1.26,1.3,1527933600,36256.77,46543.23,ZRX/USD
1.27,1.28,1.26,1.27,1527937200,23399.07,29809.77,ZRX/USD
1.27,1.28,1.26,1.27,1527940800,19396.78,24720.8,ZRX/USD
1.28,1.29,1.27,1.27,1527944400,4515.81,5778.41,ZRX/USD
1.29,1.29,1.28,1.28,1527948000,9258.94,11876.09,ZRX/USD
1.28,1.29,1.27,1.29,1527951600,35500.87,45318.17,ZRX/USD
1.27,1.28,1.26,1.28,1527955200,7398.11,9386.58,ZRX/USD
1.27,1.28,1.26,1.27,1527958800,8019.07,10208.72,ZRX/USD
1.28,1.28,1.27,1.27,1527962400,5874.03,7491.43,ZRX/USD
1.28,1.3,1.27,1.28,1527966000,25480.67,32754.28,ZRX/USD
1.29,1.3,1.28,1.28,1527969600,12341.7,16001.05,ZRX/USD
1.29,1.3,1.28,1.29,1527973200,13382.01,17270.43,ZRX/USD
1.29,1.29,1.28,1.29,1527976800,9602.29,12342.15,ZRX/USD
1.29,1.29,1.28,1.29,1527980400,2108.39,2713.49,ZRX/USD
1.29,1.3,1.29,1.29,1527984000,30007.89,38889.46,ZRX/USD
1.3,1.32,1.29,1.29,1527987600,42282.72,55559.91,ZRX/USD
1.3,1.32,1.29,1.3,1527991200,12572.01,16446.05,ZRX/USD
1.3,1.31,1.29,1.3,1527994800,5322.46,6933.6,ZRX/USD
1.31,1.31,1.3,1.3,1527998400,3886.71,5068.81,ZRX/USD
1.31,1.31,1.3,1.31,1528002000,4548.67,5922.65,ZRX/USD
1.31,1.31,1.3,1.31,1528005600,19027.15,24820.77,ZRX/USD
1.32,1.33,1.3,1.31,1528009200,29431.8,38627.62,ZRX/USD
1.33,1.34,1.31,1.32,1528012800,24398.44,32264.78,ZRX/USD
1.33,1.33,1.32,1.33,1528016400,18209.35,24194.91,ZRX/USD
1.31,1.33,1.31,1.33,1528020000,47850.69,63259.39,ZRX/USD
1.32,1.32,1.31,1.31,1528023600,11693.31,15412.7,ZRX/USD
1.32,1.32,1.31,1.32,1528027200,20982.18,27712.99,ZRX/USD
1.34,1.34,1.31,1.31,1528030800,13184.28,17520.55,ZRX/USD
1.34,1.34,1.33,1.34,1528034400,8546.39,11421.88,ZRX/USD
1.36,1.36,1.33,1.34,1528038000,33708.3,45558.0,ZRX/USD
1.35,1.38,1.35,1.36,1528041600,34074.19,46472.76,ZRX/USD
1.35,1.36,1.34,1.35,1528045200,15933.63,21421.29,ZRX/USD
1.33,1.35,1.33,1.35,1528048800,15237.8,20370.78,ZRX/USD
1.33,1.33,1.31,1.33,1528052400,24292.83,32148.15,ZRX/USD
1.35,1.35,1.33,1.33,1528056000,11595.17,15615.55,ZRX/USD
1.36,1.38,1.34,1.35,1528059600,57200.71,78512.58,ZRX/USD
1.35,1.36,1.35,1.36,1528063200,9070.9,12301.34,ZRX/USD
1.36,1.36,1.35,1.35,1528066800,5795.31,7842.71,ZRX/USD
1.37,1.38,1.35,1.36,1528070400,21148.69,28916.4,ZRX/USD
1.36,1.38,1.36,1.37,1528074000,20251.96,27710.69,ZRX/USD
1.35,1.36,1.35,1.36,1528077600,9238.56,12507.9,ZRX/USD
1.34,1.35,1.34,1.35,1528081200,3609.28,4850.71,ZRX/USD
1.33,1.34,1.32,1.34,1528084800,6137.61,8159.35,ZRX/USD
1.3,1.33,1.3,1.33,1528088400,45275.52,59201.14,ZRX/USD
1.27,1.3,1.26,1.3,1528092000,49060.02,62622.72,ZRX/USD
1.29,1.29,1.26,1.27,1528095600,124624.94,157503.37,ZRX/USD
1.27,1.29,1.26,1.29,1528099200,16047.69,20347.36,ZRX/USD
1.26,1.27,1.25,1.27,1528102800,111824.23,140107.64,ZRX/USD
1.27,1.27,1.26,1.26,1528106400,48534.25,61659.98,ZRX/USD
1.25,1.27,1.25,1.27,1528110000,70890.66,89161.42,ZRX/USD
1.25,1.25,1.24,1.25,1528113600,10523.92,13137.37,ZRX/USD
1.25,1.26,1.25,1.25,1528117200,42066.96,52818.91,ZRX/USD
1.23,1.25,1.22,1.25,1528120800,71862.76,88806.22,ZRX/USD
1.24,1.25,1.23,1.23,1528124400,22649.27,28151.0,ZRX/USD
1.23,1.25,1.23,1.24,1528128000,17333.74,21483.1,ZRX/USD
1.24,1.25,1.23,1.23,1528131600,24796.75,30581.18,ZRX/USD
1.26,1.26,1.24,1.24,1528135200,27482.28,34409.9,ZRX/USD
1.26,1.27,1.26,1.26,1528138800,20702.02,26219.65,ZRX/USD
1.26,1.27,1.25,1.26,1528142400,9826.14,12381.74,ZRX/USD
1.27,1.28,1.26,1.27,1528146000,78557.6,100031.4,ZRX/USD
1.26,1.27,1.26,1.27,1528149600,25342.34,32061.02,ZRX/USD
1.25,1.26,1.24,1.26,1528153200,24317.05,30507.79,ZRX/USD
1.24,1.25,1.24,1.25,1528156800,27884.1,34869.24,ZRX/USD
1.24,1.25,1.24,1.24,1528160400,11727.94,14664.09,ZRX/USD
1.21,1.25,1.21,1.25,1528164000,79920.5,97356.02,ZRX/USD
1.21,1.22,1.2,1.21,1528167600,51586.49,62808.67,ZRX/USD
1.2,1.21,1.2,1.21,1528171200,17043.4,20524.56,ZRX/USD
1.21,1.21,1.2,1.2,1528174800,42027.97,50572.05,ZRX/USD
1.22,1.22,1.21,1.21,1528178400,17873.2,21757.46,ZRX/USD
1.21,1.22,1.2,1.22,1528182000,33771.24,40837.32,ZRX/USD
1.23,1.23,1.2,1.21,1528185600,46539.65,56992.9,ZRX/USD
1.23,1.24,1.22,1.23,1528189200,39101.11,47866.71,ZRX/USD
1.23,1.23,1.22,1.23,1528192800,17564.81,21510.39,ZRX/USD
1.22,1.23,1.22,1.23,1528196400,5910.7,7231.25,ZRX/USD
1.22,1.23,1.22,1.22,1528200000,8181.38,10043.29,ZRX/USD
1.22,1.23,1.22,1.22,1528203600,17359.13,21250.02,ZRX/USD
1.22,1.23,1.22,1.22,1528207200,20100.64,24451.19,ZRX/USD
1.26,1.26,1.22,1.22,1528210800,42976.49,53202.14,ZRX/USD
1.28,1.28,1.26,1.26,1528214400,70389.28,89380.27,ZRX/USD
1.28,1.29,1.27,1.28,1528218000,14746.87,18918.88,ZRX/USD
1.29,1.3,1.28,1.29,1528221600,27240.62,35088.7,ZRX/USD
1.28,1.29,1.28,1.29,1528225200,39830.88,51284.38,ZRX/USD
1.29,1.29,1.28,1.28,1528228800,15415.18,19838.53,ZRX/USD
1.27,1.29,1.27,1.29,1528232400,64748.4,83030.87,ZRX/USD
1.28,1.28,1.27,1.27,1528236000,32166.07,41065.37,ZRX/USD
1.27,1.28,1.27,1.28,1528239600,37195.75,47333.58,ZRX/USD
1.27,1.28,1.27,1.27,1528243200,38655.58,49138.57,ZRX/USD
1.26,1.27,1.26,1.27,1528246800,21140.53,26663.57,ZRX/USD
1.3,1.3,1.26,1.27,1528250400,37948.59,48705.56,ZRX/USD
1.28,1.3,1.28,1.3,1528254000,25886.05,33386.34,ZRX/USD
1.28,1.29,1.28,1.28,1528257600,8719.23,11183.81,ZRX/USD
1.28,1.29,1.28,1.28,1528261200,5945.11,7619.64,ZRX/USD
1.29,1.3,1.28,1.28,1528264800,14392.81,18607.92,ZRX/USD
1.29,1.3,1.28,1.29,1528268400,12986.49,16768.65,ZRX/USD
1.3,1.3,1.29,1.29,1528272000,5482.02,7105.79,ZRX/USD
1.29,1.3,1.29,1.3,1528275600,15397.35,19847.38,ZRX/USD
1.29,1.3,1.29,1.29,1528279200,24789.12,32131.38,ZRX/USD
1.31,1.31,1.29,1.29,1528282800,42123.58,54965.72,ZRX/USD
1.32,1.33,1.3,1.3,1528286400,32988.36,43712.77,ZRX/USD
1.32,1.32,1.31,1.32,1528290000,6363.69,8379.42,ZRX/USD
1.31,1.32,1.31,1.32,1528293600,26496.38,34561.59,ZRX/USD
1.31,1.32,1.31,1.31,1528297200,9090.75,11916.02,ZRX/USD
1.27,1.32,1.27,1.31,1528300800,46233.76,59313.65,ZRX/USD
1.28,1.28,1.27,1.27,1528304400,17414.12,22232.18,ZRX/USD
1.27,1.28,1.26,1.28,1528308000,72124.68,91111.76,ZRX/USD
1.28,1.28,1.27,1.27,1528311600,18163.32,23132.71,ZRX/USD
1.29,1.3,1.27,1.28,1528315200,26756.14,34406.64,ZRX/USD
1.3,1.31,1.29,1.29,1528318800,63110.54,82013.27,ZRX/USD
1.32,1.32,1.3,1.3,1528322400,37337.92,48938.58,ZRX/USD
1.34,1.35,1.32,1.32,1528326000,32209.65,42968.6,ZRX/USD
1.34,1.35,1.33,1.34,1528329600,37631.36,49975.96,ZRX/USD
1.36,1.36,1.34,1.34,1528333200,28050.0,37874.01,ZRX/USD
1.34,1.36,1.34,1.36,1528336800,18376.23,24800.61,ZRX/USD
1.35,1.35,1.34,1.34,1528340400,26309.07,35387.33,ZRX/USD
1.32,1.35,1.32,1.35,1528344000,16411.61,21817.4,ZRX/USD
1.33,1.33,1.32,1.32,1528347600,9570.16,12712.48,ZRX/USD
1.33,1.34,1.32,1.33,1528351200,13294.53,17723.06,ZRX/USD
1.33,1.34,1.33,1.33,1528354800,11126.0,14852.53,ZRX/USD
1.34,1.34,1.33,1.33,1528358400,21832.47,29205.29,ZRX/USD
1.32,1.34,1.32,1.34,1528362000,28882.05,38273.8,ZRX/USD
1.32,1.33,1.32,1.32,1528365600,24532.36,32461.11,ZRX/USD
1.32,1.32,1.32,1.32,1528369200,27207.45,35878.1,ZRX/USD
1.32,1.32,1.32,1.32,1528372800,29332.26,38737.36,ZRX/USD
1.32,1.33,1.32,1.32,1528376400,40298.51,53451.99,ZRX/USD
1.33,1.34,1.32,1.32,1528380000,59967.87,79794.29,ZRX/USD
1.33,1.34,1.32,1.33,1528383600,15962.61,21294.52,ZRX/USD
1.32,1.34,1.32,1.33,1528387200,35140.98,46542.79,ZRX/USD
1.32,1.32,1.31,1.32,1528390800,8308.2,10951.42,ZRX/USD
1.32,1.32,1.31,1.32,1528394400,12281.75,16067.96,ZRX/USD
1.32,1.32,1.32,1.32,1528398000,8166.83,10774.92,ZRX/USD
1.31,1.32,1.3,1.32,1528401600,36640.61,48030.47,ZRX/USD
1.31,1.32,1.3,1.31,1528405200,39726.43,51958.19,ZRX/USD
1.3,1.31,1.29,1.31,1528408800,31999.89,41574.15,ZRX/USD
1.31,1.31,1.3,1.3,1528412400,6069.13,7919.21,ZRX/USD
1.31,1.32,1.3,1.31,1528416000,10400.34,13757.28,ZRX/USD
1.31,1.32,1.31,1.31,1528419600,18343.42,24140.45,ZRX/USD
1.31,1.31,1.31,1.31,1528423200,5971.18,7823.84,ZRX/USD
1.29,1.31,1.29,1.31,1528426800,57472.66,74529.02,ZRX/USD
1.29,1.3,1.29,1.3,1528430400,24857.78,32055.88,ZRX/USD
1.29,1.3,1.28,1.29,1528434000,61495.75,78081.89,ZRX/USD
1.29,1.29,1.28,1.29,1528437600,34880.26,44968.65,ZRX/USD
1.28,1.29,1.28,1.29,1528441200,21326.59,27407.68,ZRX/USD
1.27,1.28,1.27,1.28,1528444800,24285.72,31067.96,ZRX/USD
1.27,1.29,1.27,1.27,1528448400,58588.42,74949.3,ZRX/USD
1.26,1.28,1.26,1.28,1528452000,15884.43,20128.58,ZRX/USD
1.26,1.26,1.25,1.26,1528455600,19353.06,24185.45,ZRX/USD
1.27,1.27,1.26,1.26,1528459200,20312.32,25624.06,ZRX/USD
1.28,1.28,1.26,1.27,1528462800,14862.91,18892.98,ZRX/USD
1.28,1.28,1.26,1.28,1528466400,41054.45,52225.37,ZRX/USD
1.28,1.29,1.27,1.28,1528470000,15348.11,19602.39,ZRX/USD
1.29,1.3,1.28,1.29,1528473600,36466.61,47135.83,ZRX/USD
1.3,1.3,1.29,1.29,1528477200,11220.75,14544.63,ZRX/USD
1.3,1.3,1.29,1.3,1528480800,1108.33,1433.96,ZRX/USD
1.29,1.3,1.29,1.3,1528484400,14582.48,18860.16,ZRX/USD
1.29,1.3,1.28,1.29,1528488000,27643.8,35632.7,ZRX/USD
1.29,1.3,1.28,1.3,1528491600,14092.92,18191.4,ZRX/USD
1.29,1.3,1.28,1.29,1528495200,14310.91,18455.2,ZRX/USD
1.28,1.29,1.27,1.29,1528498800,11394.04,14666.69,ZRX/USD
1.28,1.29,1.27,1.28,1528502400,20785.95,26553.86,ZRX/USD
1.28,1.29,1.28,1.29,1528506000,22050.79,28289.82,ZRX/USD
1.29,1.29,1.28,1.29,1528509600,19564.61,25154.19,ZRX/USD
1.29,1.29,1.28,1.29,1528513200,14324.02,18423.27,ZRX/USD
1.29,1.29,1.28,1.29,1528516800,6301.83,8117.61,ZRX/USD
1.29,1.29,1.28,1.29,1528520400,19031.81,24456.64,ZRX/USD
1.29,1.3,1.28,1.29,1528524000,17761.69,22910.47,ZRX/USD
1.29,1.29,1.29,1.29,1528527600,323.9,418.46,ZRX/USD
1.29,1.29,1.28,1.29,1528531200,3582.38,4614.23,ZRX/USD
1.29,1.29,1.28,1.29,1528534800,29944.69,38560.75,ZRX/USD
1.29,1.3,1.28,1.29,1528538400,20515.88,26401.14,ZRX/USD
1.28,1.29,1.28,1.29,1528542000,19751.67,25465.48,ZRX/USD
1.27,1.29,1.27,1.28,1528545600,25670.31,32808.96,ZRX/USD
1.27,1.28,1.26,1.27,1528549200,28027.31,35502.61,ZRX/USD
1.27,1.27,1.26,1.26,1528552800,9080.29,11496.29,ZRX/USD
1.27,1.27,1.26,1.27,1528556400,2212.28,2809.68,ZRX/USD
1.26,1.27,1.26,1.27,1528560000,9884.87,12469.13,ZRX/USD
1.26,1.26,1.26,1.26,1528563600,9569.29,11976.84,ZRX/USD
1.27,1.27,1.26,1.26,1528567200,10988.4,13889.58,ZRX/USD
1.26,1.27,1.26,1.26,1528570800,983.95,1244.42,ZRX/USD
1.27,1.27,1.26,1.27,1528574400,15189.02,19309.38,ZRX/USD
1.26,1.28,1.26,1.27,1528578000,39209.98,49553.64,ZRX/USD
1.26,1.27,1.26,1.27,1528581600,50049.22,63226.8,ZRX/USD
1.23,1.26,1.23,1.26,1528585200,39587.84,48874.63,ZRX/USD
1.19,1.23,1.19,1.23,1528588800,156076.5,187255.04,ZRX/USD
1.18,1.19,1.17,1.19,1528592400,223579.12,260459.46,ZRX/USD
1.18,1.19,1.17,1.18,1528596000,21453.63,25315.58,ZRX/USD
1.15,1.19,1.15,1.18,1528599600,32252.35,37505.5,ZRX/USD
1.16,1.17,1.15,1.15,1528603200,14606.57,17035.89,ZRX/USD
1.16,1.17,1.16,1.16,1528606800,56071.85,64737.63,ZRX/USD
1.17,1.18,1.16,1.16,1528610400,40449.83,47349.49,ZRX/USD
1.12,1.18,1.12,1.18,1528614000,111715.33,127907.24,ZRX/USD
1.13,1.13,1.12,1.12,1528617600,12820.12,14460.56,ZRX/USD
1.14,1.14,1.13,1.13,1528621200,22120.12,25147.19,ZRX/USD
1.14,1.14,1.13,1.14,1528624800,23397.26,26627.48,ZRX/USD
1.15,1.16,1.14,1.14,1528628400,15378.58,17780.22,ZRX/USD
1.16,1.16,1.15,1.16,1528632000,11936.71,13847.97,ZRX/USD
1.16,1.17,1.14,1.17,1528635600,27863.76,32223.18,ZRX/USD
1.15,1.17,1.15,1.16,1528639200,11362.16,13204.73,ZRX/USD
1.15,1.17,1.15,1.15,1528642800,17537.5,20366.98,ZRX/USD
1.13,1.16,1.13,1.15,1528646400,38460.97,43537.56,ZRX/USD
1.05,1.13,1.03,1.13,1528650000,249017.21,265505.23,ZRX/USD
1.06,1.06,1.03,1.05,1528653600,139253.01,145800.19,ZRX/USD
1.09,1.09,1.06,1.06,1528657200,49404.16,53038.23,ZRX/USD
1.06,1.09,1.06,1.09,1528660800,164811.66,176786.32,ZRX/USD
1.05,1.08,1.03,1.07,1528664400,58936.84,62259.26,ZRX/USD
1.04,1.05,1.03,1.05,1528668000,40705.38,42245.34,ZRX/USD
1.06,1.06,1.02,1.04,1528671600,67318.69,69874.42,ZRX/USD
1.06,1.07,1.05,1.06,1528675200,7415.29,7862.29,ZRX/USD
1.05,1.07,1.04,1.06,1528678800,17083.14,17874.33,ZRX/USD
1.07,1.07,1.04,1.05,1528682400,30592.31,32495.12,ZRX/USD
1.07,1.07,1.07,1.07,1528686000,17156.05,18406.05,ZRX/USD
1.07,1.08,1.06,1.07,1528689600,6296.86,6750.06,ZRX/USD
1.06,1.08,1.06,1.07,1528693200,3637.27,3875.22,ZRX/USD
1.07,1.07,1.06,1.06,1528696800,16423.2,17352.95,ZRX/USD
1.04,1.07,1.04,1.06,1528700400,29123.16,30869.32,ZRX/USD
1.08,1.08,1.04,1.04,1528704000,40521.89,43228.62,ZRX/USD
1.08,1.09,1.07,1.08,1528707600,39535.14,42790.37,ZRX/USD
1.07,1.08,1.07,1.08,1528711200,50474.44,54104.03,ZRX/USD
1.06,1.07,1.06,1.07,1528714800,32951.84,35349.1,ZRX/USD
1.06,1.06,1.05,1.06,1528718400,51258.3,54236.84,ZRX/USD
1.04,1.06,1.03,1.06,1528722000,18986.18,19776.89,ZRX/USD
1.02,1.04,1.02,1.04,1528725600,8050.72,8183.45,ZRX/USD
1.01,1.02,0.9835,1.02,1528729200,63110.1,62905.13,ZRX/USD
1.03,1.03,1.01,1.01,1528732800,13971.53,14232.86,ZRX/USD
1.03,1.03,1.01,1.03,1528736400,11841.28,12083.88,ZRX/USD
1.03,1.03,1.0,1.03,1528740000,16021.01,16272.69,ZRX/USD
1.02,1.03,1.02,1.03,1528743600,1791.91,1846.93,ZRX/USD
1.02,1.02,1.02,1.02,1528747200,6625.99,6761.97,ZRX/USD
1.02,1.03,1.02,1.02,1528750800,16629.24,17018.59,ZRX/USD
1.04,1.04,1.02,1.02,1528754400,17574.5,18207.13,ZRX/USD
1.06,1.07,1.04,1.04,1528758000,25977.24,27463.25,ZRX/USD
1.03,1.06,1.03,1.06,1528761600,5601.15,5877.0,ZRX/USD
1.01,1.05,1.01,1.03,1528765200,41765.09,42828.49,ZRX/USD
1.04,1.04,1.01,1.01,1528768800,34946.25,35890.32,ZRX/USD
1.02,1.04,1.01,1.04,1528772400,3999.42,4078.58,ZRX/USD
1.02,1.02,1.01,1.02,1528776000,18042.33,18307.44,ZRX/USD
1.03,1.04,1.02,1.02,1528779600,16870.6,17412.64,ZRX/USD
1.04,1.04,1.03,1.03,1528783200,273.28,283.15,ZRX/USD
1.04,1.04,1.03,1.04,1528786800,2862.0,2957.84,ZRX/USD
1.03,1.04,1.02,1.04,1528790400,15665.12,16040.52,ZRX/USD
1.02,1.03,1.02,1.03,1528794000,2195.0,2247.56,ZRX/USD
1.01,1.03,1.01,1.02,1528797600,8857.17,9042.74,ZRX/USD
1.02,1.02,1.01,1.01,1528801200,15781.8,16003.52,ZRX/USD
1.0,1.02,1.0,1.02,1528804800,11146.81,11242.35,ZRX/USD
0.9703,1.0,0.9625,1.0,1528808400,102893.54,100546.63,ZRX/USD
0.9804,0.9857,0.9679,0.9703,1528812000,13160.27,12894.34,ZRX/USD
0.965,0.9804,0.9614,0.9804,1528815600,7844.37,7579.32,ZRX/USD
0.95,0.9671,0.9413,0.965,1528819200,49674.2,47223.34,ZRX/USD
0.959,0.9607,0.939,0.95,1528822800,73424.86,69506.33,ZRX/USD
0.9455,0.9656,0.9236,0.959,1528826400,114332.15,107202.28,ZRX/USD
0.9,0.9455,0.8788,0.9455,1528830000,251577.8,224870.02,ZRX/USD
0.8945,0.9024,0.8929,0.9,1528833600,20662.23,18590.89,ZRX/USD
0.9008,0.9077,0.8854,0.8945,1528837200,21029.66,18794.34,ZRX/USD
0.8924,0.905,0.8924,0.9008,1528840800,17216.57,15481.79,ZRX/USD
0.8983,0.9017,0.8801,0.8924,1528844400,16940.45,14998.6,ZRX/USD
0.9095,0.9102,0.8983,0.8983,1528848000,3858.83,3498.21,ZRX/USD
0.9091,0.9187,0.9082,0.9095,1528851600,1585.22,1443.39,ZRX/USD
0.9017,0.9201,0.901,0.9091,1528855200,17113.17,15450.89,ZRX/USD
0.9002,0.9021,0.8938,0.9017,1528858800,2674.71,2403.54,ZRX/USD
0.897,0.901,0.8854,0.9002,1528862400,6444.42,5748.79,ZRX/USD
0.9023,0.9023,0.8962,0.897,1528866000,24034.85,21633.41,ZRX/USD
0.898,0.9023,0.8946,0.9023,1528869600,4684.41,4198.13,ZRX/USD
0.8792,0.9023,0.8787,0.898,1528873200,108754.28,96017.22,ZRX/USD
0.856,0.8809,0.8556,0.8792,1528876800,40007.63,34714.75,ZRX/USD
0.8173,0.8573,0.8105,0.856,1528880400,55421.41,46126.44,ZRX/USD
0.8212,0.8381,0.8142,0.8173,1528884000,26236.09,21662.28,ZRX/USD
0.8379,0.8379,0.8163,0.8212,1528887600,9089.43,7472.63,ZRX/USD
0.8551,0.8554,0.8319,0.8379,1528891200,15986.26,13598.18,ZRX/USD
0.842,0.8593,0.839,0.8551,1528894800,8968.89,7662.74,ZRX/USD
0.82,0.842,0.8192,0.842,1528898400,27566.02,22873.58,ZRX/USD
0.821,0.8337,0.82,0.82,1528902000,1840.14,1522.04,ZRX/USD
0.8289,0.8289,0.7854,0.821,1528905600,77138.36,62071.87,ZRX/USD
0.8259,0.8289,0.8086,0.8289,1528909200,2485.24,2034.63,ZRX/USD
0.8525,0.8666,0.8243,0.8259,1528912800,23080.96,19601.64,ZRX/USD
0.8156,0.8525,0.8156,0.8525,1528916400,17030.19,14130.84,ZRX/USD
0.8177,0.8179,0.807,0.8156,1528920000,30102.55,24497.75,ZRX/USD
0.8072,0.8203,0.8072,0.8177,1528923600,4550.89,3693.56,ZRX/USD
0.8207,0.8207,0.8072,0.8072,1528927200,1294.0,1059.14,ZRX/USD
0.8192,0.822,0.8136,0.8207,1528930800,2952.98,2417.48,ZRX/USD
0.825,0.825,0.8169,0.8192,1528934400,3583.68,2944.99,ZRX/USD
0.8092,0.825,0.8092,0.825,1528938000,2044.61,1663.57,ZRX/USD
0.8672,0.886,0.8084,0.8092,1528941600,20756.85,17734.3,ZRX/USD
0.872,0.8762,0.8659,0.8672,1528945200,6545.74,5710.14,ZRX/USD
0.8725,0.8798,0.872,0.872,1528948800,2478.87,2168.11,ZRX/USD
0.8675,0.8741,0.8651,0.8725,1528952400,6544.84,5686.57,ZRX/USD
0.8719,0.8746,0.8653,0.8675,1528956000,3687.53,3201.75,ZRX/USD
0.8678,0.8719,0.8616,0.8719,1528959600,5960.25,5151.18,ZRX/USD
0.8718,0.8718,0.8678,0.8678,1528963200,56.0,48.82,ZRX/USD
0.8712,0.8767,0.87,0.8718,1528966800,5363.21,4677.01,ZRX/USD
0.8677,0.874,0.8677,0.8712,1528970400,2274.26,1975.68,ZRX/USD
0.8742,0.8752,0.8649,0.8677,1528974000,3708.15,3240.56,ZRX/USD
0.8575,0.8742,0.8568,0.8742,1528977600,8375.48,7274.47,ZRX/USD
0.8274,0.8575,0.8254,0.8575,1528981200,41161.15,34653.9,ZRX/USD
0.84,0.8498,0.823,0.8274,1528984800,28294.47,23611.41,ZRX/USD
0.8267,0.84,0.8267,0.84,1528988400,29725.65,24872.43,ZRX/USD
0.8889,0.8955,0.8267,0.8267,1528992000,9404.04,8320.98,ZRX/USD
0.9673,0.9673,0.885,0.8889,1528995600,88189.58,81472.69,ZRX/USD
0.9656,0.989,0.9432,0.9673,1528999200,66909.53,64888.44,ZRX/USD
0.9536,0.9755,0.9498,0.9656,1529002800,37412.15,35919.78,ZRX/USD
0.9484,0.9564,0.9482,0.9536,1529006400,4835.82,4597.68,ZRX/USD
0.9451,0.9521,0.9402,0.9484,1529010000,3407.87,3232.14,ZRX/USD
0.916,0.9502,0.9114,0.9451,1529013600,7730.61,7198.19,ZRX/USD
0.9396,0.9398,0.9104,0.916,1529017200,19380.74,18059.32,ZRX/USD
0.9363,0.9566,0.9363,0.9396,1529020800,463.62,440.29,ZRX/USD
0.939,0.9432,0.9358,0.9363,1529024400,30133.01,28298.89,ZRX/USD
0.9283,0.939,0.9204,0.939,1529028000,3452.31,3196.15,ZRX/USD
0.9283,0.9283,0.9283,0.9283,1529031600,0.0,0.0,ZRX/USD
0.9136,0.9283,0.9093,0.9283,1529035200,48159.73,44053.88,ZRX/USD
0.9191,0.9197,0.9136,0.9136,1529038800,12021.28,11039.16,ZRX/USD
0.9234,0.9273,0.9111,0.9191,1529042400,3641.24,3368.65,ZRX/USD
0.9234,0.9234,0.9234,0.9234,1529046000,0.0,0.0,ZRX/USD
0.9491,0.9611,0.9234,0.9234,1529049600,21819.16,20958.24,ZRX/USD
0.9284,0.9491,0.9257,0.9491,1529053200,23311.55,21728.57,ZRX/USD
0.9314,0.9327,0.9137,0.9284,1529056800,10033.38,9267.5,ZRX/USD
0.9131,0.9385,0.905,0.9314,1529060400,24718.83,23026.81,ZRX/USD
0.9196,0.9261,0.9125,0.9131,1529064000,1563.79,1433.06,ZRX/USD
0.9076,0.9196,0.905,0.9196,1529067600,2510.05,2277.18,ZRX/USD
0.9224,0.9224,0.9076,0.9076,1529071200,1413.41,1295.65,ZRX/USD
0.9319,0.9319,0.9127,0.9224,1529074800,10945.69,10119.64,ZRX/USD
0.9299,0.94,0.9262,0.9319,1529078400,16558.28,15450.1,ZRX/USD
0.9241,0.938,0.919,0.9299,1529082000,14339.09,13387.45,ZRX/USD
0.94,0.94,0.9241,0.9241,1529085600,2652.83,2488.09,ZRX/USD
0.94,0.94,0.94,0.94,1529089200,0.0,0.0,ZRX/USD
0.9258,0.94,0.9258,0.94,1529092800,10802.44,10001.32,ZRX/USD
0.909,0.9258,0.9074,0.9258,1529096400,1015.54,925.89,ZRX/USD
0.8705,0.909,0.8705,0.909,1529100000,69820.57,61996.13,ZRX/USD
0.8697,0.8759,0.866,0.8705,1529103600,15514.38,13525.58,ZRX/USD
0.8697,0.8697,0.8697,0.8697,1529107200,0.0,0.0,ZRX/USD
0.8657,0.877,0.8655,0.8697,1529110800,14321.95,12459.3,ZRX/USD
0.8688,0.8688,0.8636,0.8657,1529114400,640.95,555.56,ZRX/USD
0.8649,0.8688,0.8552,0.8688,1529118000,4601.08,3973.92,ZRX/USD
0.8658,0.8658,0.8595,0.8649,1529121600,12812.24,11090.55,ZRX/USD
0.8658,0.8658,0.8658,0.8658,1529125200,1436.12,1243.37,ZRX/USD
0.8762,0.8762,0.8658,0.8658,1529128800,1056.71,922.6,ZRX/USD
0.879,0.879,0.8762,0.8762,1529132400,91.01,80.0,ZRX/USD
0.8793,0.8813,0.8762,0.879,1529136000,3701.39,3248.28,ZRX/USD
0.8762,0.8793,0.8762,0.8793,1529139600,866.11,759.08,ZRX/USD
0.8947,0.8965,0.8746,0.8762,1529143200,8832.48,7855.99,ZRX/USD
0.8788,0.8947,0.8788,0.8947,1529146800,7067.45,6288.34,ZRX/USD
0.8839,0.8992,0.8788,0.8788,1529150400,8099.75,7207.48,ZRX/USD
0.8668,0.8839,0.8662,0.8839,1529154000,15176.6,13220.2,ZRX/USD
0.8743,0.8743,0.8668,0.8668,1529157600,50.0,43.71,ZRX/USD
0.847,0.8911,0.8462,0.8743,1529161200,16282.39,13932.68,ZRX/USD
0.8868,0.8956,0.8347,0.847,1529164800,28009.15,23803.33,ZRX/USD
0.8843,0.8943,0.8754,0.8868,1529168400,1638.52,1449.25,ZRX/USD
0.8742,0.8843,0.874,0.8843,1529172000,22756.63,19924.06,ZRX/USD
0.8721,0.8742,0.8721,0.8742,1529175600,95.82,83.68,ZRX/USD
0.8684,0.8721,0.8633,0.8721,1529179200,3516.32,3043.4,ZRX/USD
0.8789,0.8798,0.8684,0.8684,1529182800,1118.9,983.52,ZRX/USD
0.8786,0.8814,0.8773,0.8789,1529186400,11799.23,10385.83,ZRX/USD
0.8741,0.8786,0.8741,0.8786,1529190000,974.1,853.19,ZRX/USD
0.8708,0.8741,0.8708,0.8741,1529193600,1702.23,1484.03,ZRX/USD
0.8708,0.8708,0.8708,0.8708,1529197200,0.0,0.0,ZRX/USD
0.8878,0.8878,0.8708,0.8708,1529200800,976.6,862.67,ZRX/USD
0.89,0.8932,0.8878,0.8878,1529204400,5128.25,4567.96,ZRX/USD
0.88,0.8968,0.8797,0.89,1529208000,36522.36,32349.17,ZRX/USD
0.8843,0.888,0.88,0.88,1529211600,2222.47,1968.35,ZRX/USD
0.8827,0.8843,0.8825,0.8843,1529215200,743.64,655.62,ZRX/USD
0.876,0.8827,0.8741,0.8827,1529218800,1879.23,1653.38,ZRX/USD
0.877,0.8796,0.8752,0.876,1529222400,161.25,141.49,ZRX/USD
0.8702,0.877,0.8687,0.877,1529226000,995.61,865.78,ZRX/USD
0.8656,0.8764,0.8656,0.8702,1529229600,380.0,332.36,ZRX/USD
0.859,0.8656,0.8556,0.8656,1529233200,7985.65,6851.27,ZRX/USD
0.8544,0.866,0.8544,0.859,1529236800,770.75,661.94,ZRX/USD
0.8496,0.8569,0.8467,0.8544,1529240400,5495.45,4670.06,ZRX/USD
0.8506,0.8553,0.8496,0.8496,1529244000,214.53,182.57,ZRX/USD
0.8585,0.8585,0.8505,0.8506,1529247600,1616.78,1377.51,ZRX/USD
0.8569,0.8585,0.8569,0.8585,1529251200,3506.87,3004.95,ZRX/USD
0.857,0.8578,0.8526,0.8569,1529254800,1746.29,1491.09,ZRX/USD
0.8576,0.8576,0.8569,0.857,1529258400,476.12,408.15,ZRX/USD
0.8623,0.8623,0.8541,0.8576,1529262000,3992.68,3415.62,ZRX/USD
0.8509,0.8623,0.85,0.8623,1529265600,1549.51,1319.31,ZRX/USD
0.848,0.8509,0.848,0.8509,1529269200,530.85,450.14,ZRX/USD
0.8493,0.85,0.8478,0.848,1529272800,11979.15,10177.55,ZRX/USD
0.8362,0.8493,0.8362,0.8493,1529276400,3204.87,2690.89,ZRX/USD
0.83,0.838,0.8246,0.837,1529280000,1385.82,1152.69,ZRX/USD
0.8246,0.8346,0.823,0.83,1529283600,3053.3,2542.28,ZRX/USD
0.8286,0.8342,0.8246,0.8246,1529287200,24831.94,20597.53,ZRX/USD
0.833,0.833,0.8286,0.8286,1529290800,392.57,327.01,ZRX/USD
0.8271,0.833,0.8159,0.833,1529294400,20205.89,16585.9,ZRX/USD
0.825,0.8296,0.8199,0.8271,1529298000,811.29,672.24,ZRX/USD
0.8301,0.8301,0.825,0.825,1529301600,8861.86,7356.16,ZRX/USD
0.8283,0.8343,0.8242,0.8301,1529305200,9263.11,7702.39,ZRX/USD
0.8373,0.8374,0.8283,0.8283,1529308800,2568.57,2139.82,ZRX/USD
0.84,0.8433,0.8373,0.8373,1529312400,3206.51,2701.54,ZRX/USD
0.8213,0.84,0.8105,0.84,1529316000,19322.14,15784.29,ZRX/USD
0.8253,0.8534,0.8214,0.8214,1529319600,875.73,729.69,ZRX/USD
0.8246,0.8406,0.8246,0.8253,1529323200,3673.73,3033.9,ZRX/USD
0.8192,0.8246,0.8192,0.8246,1529326800,15.45,12.65,ZRX/USD
0.82,0.8235,0.8055,0.8192,1529330400,50741.87,41399.96,ZRX/USD
0.8133,0.821,0.8133,0.82,1529334000,3911.95,3205.74,ZRX/USD
0.8465,0.8489,0.8133,0.8133,1529337600,13447.52,11335.9,ZRX/USD
0.8734,0.8948,0.8428,0.8465,1529341200,59406.8,51973.25,ZRX/USD
0.8894,0.8894,0.8734,0.8734,1529344800,17185.29,15182.24,ZRX/USD
0.865,0.8894,0.865,0.8894,1529348400,13425.85,11791.49,ZRX/USD
0.8759,0.883,0.865,0.865,1529352000,847.32,743.17,ZRX/USD
0.882,0.8869,0.8759,0.8759,1529355600,3057.7,2703.84,ZRX/USD
0.8781,0.882,0.8711,0.882,1529359200,24774.6,21632.6,ZRX/USD
0.8717,0.8796,0.87,0.8781,1529362800,14443.52,12585.94,ZRX/USD
0.8686,0.8717,0.8686,0.8717,1529366400,37.92,32.93,ZRX/USD
0.8719,0.8773,0.8661,0.8686,1529370000,11887.14,10396.79,ZRX/USD
0.8449,0.8719,0.8449,0.8719,1529373600,9000.68,7707.83,ZRX/USD
0.8434,0.8522,0.8412,0.8449,1529377200,23356.0,19716.63,ZRX/USD
0.849,0.8523,0.8429,0.8434,1529380800,18462.85,15686.55,ZRX/USD
0.8502,0.8502,0.8488,0.849,1529384400,557.0,473.49,ZRX/USD
0.8443,0.8546,0.8418,0.8502,1529388000,108.34,93.16,ZRX/USD
0.8493,0.8495,0.8443,0.8443,1529391600,1725.44,1463.49,ZRX/USD
0.8508,0.851,0.8418,0.8493,1529395200,1830.41,1550.02,ZRX/USD
0.8503,0.858,0.8461,0.8508,1529398800,25772.45,22055.25,ZRX/USD
0.856,0.8586,0.8503,0.8503,1529402400,6830.72,5848.1,ZRX/USD
0.868,0.88,0.856,0.856,1529406000,38469.53,33487.21,ZRX/USD
0.91,0.91,0.868,0.868,1529409600,57138.57,50730.39,ZRX/USD
0.8928,0.94,0.8928,0.91,1529413200,45347.62,41190.67,ZRX/USD
0.8837,0.8928,0.8811,0.8928,1529416800,11990.92,10649.46,ZRX/USD
0.8858,0.8953,0.8837,0.8837,1529420400,1999.91,1778.59,ZRX/USD
0.8724,0.895,0.8614,0.8858,1529424000,43396.44,38080.05,ZRX/USD
0.8767,0.8785,0.8711,0.8724,1529427600,15525.7,13616.04,ZRX/USD
0.8635,0.8767,0.8607,0.8767,1529431200,1356.18,1170.9,ZRX/USD
0.8752,0.8752,0.8634,0.8635,1529434800,6940.17,6042.32,ZRX/USD
0.8653,0.8793,0.8653,0.8752,1529438400,7304.8,6372.7,ZRX/USD
0.866,0.866,0.8653,0.8653,1529442000,280.0,247.13,ZRX/USD
0.8791,0.8793,0.8629,0.8661,1529445600,12181.16,10582.99,ZRX/USD
0.8772,0.8791,0.8694,0.8791,1529449200,671.55,588.79,ZRX/USD
0.8562,0.8864,0.8562,0.8772,1529452800,4746.46,4160.48,ZRX/USD
0.8415,0.8562,0.8306,0.8562,1529456400,36990.23,31203.07,ZRX/USD
0.835,0.843,0.835,0.8415,1529460000,284.94,238.36,ZRX/USD
0.8378,0.844,0.835,0.835,1529463600,2707.3,2276.58,ZRX/USD
0.835,0.8378,0.835,0.8378,1529467200,453.94,379.24,ZRX/USD
0.843,0.8442,0.835,0.835,1529470800,4787.2,4031.17,ZRX/USD
0.8407,0.843,0.8407,0.843,1529474400,298.57,250.99,ZRX/USD
0.8512,0.8512,0.8407,0.8407,1529478000,1275.11,1083.44,ZRX/USD
0.8528,0.8528,0.8512,0.8512,1529481600,3226.52,2751.6,ZRX/USD
0.8541,0.8562,0.8509,0.8528,1529485200,4847.59,4132.88,ZRX/USD
0.8379,0.8541,0.8379,0.8541,1529488800,8182.22,6883.57,ZRX/USD
0.8419,0.8421,0.8379,0.8379,1529492400,1099.47,925.58,ZRX/USD
0.8405,0.8419,0.8401,0.8419,1529496000,9195.05,7726.58,ZRX/USD
0.8749,0.8888,0.8405,0.8405,1529499600,17727.81,15447.99,ZRX/USD
0.8794,0.883,0.8749,0.8749,1529503200,2483.14,2185.37,ZRX/USD
0.874,0.8807,0.8625,0.8794,1529506800,10392.45,9098.43,ZRX/USD
0.883,0.89,0.874,0.874,1529510400,14211.19,12509.27,ZRX/USD
0.89,0.89,0.8786,0.883,1529514000,25898.4,22936.0,ZRX/USD
0.8925,0.8991,0.89,0.89,1529517600,3187.09,2848.72,ZRX/USD
0.877,0.8925,0.877,0.8925,1529521200,9331.57,8186.54,ZRX/USD
0.8816,0.8819,0.8718,0.877,1529524800,6761.53,5924.43,ZRX/USD
0.8683,0.8816,0.8683,0.8816,1529528400,3623.84,3155.04,ZRX/USD
0.8751,0.8751,0.8683,0.8683,1529532000,27.6,24.15,ZRX/USD
0.876,0.884,0.8751,0.8751,1529535600,887.06,782.43,ZRX/USD
0.876,0.876,0.876,0.876,1529539200,0.0,0.0,ZRX/USD
0.8768,0.8842,0.876,0.876,1529542800,2431.87,2144.96,ZRX/USD
0.893,0.893,0.8768,0.8768,1529546400,1249.89,1114.79,ZRX/USD
0.8865,0.8955,0.8858,0.893,1529550000,11410.78,10187.72,ZRX/USD
0.8798,0.8871,0.8796,0.8865,1529553600,8900.39,7861.19,ZRX/USD
0.8781,0.8853,0.8763,0.8798,1529557200,4495.7,3954.28,ZRX/USD
0.8805,0.8809,0.8755,0.8781,1529560800,4395.12,3869.58,ZRX/USD
0.888,0.8894,0.8765,0.8805,1529564400,36272.49,32012.57,ZRX/USD
0.8793,0.888,0.8768,0.888,1529568000,2449.31,2154.28,ZRX/USD
0.8748,0.8793,0.8709,0.8793,1529571600,13354.0,11662.78,ZRX/USD
0.879,0.8808,0.8741,0.8748,1529575200,3832.85,3370.66,ZRX/USD
0.8746,0.879,0.8703,0.879,1529578800,3550.0,3093.94,ZRX/USD
0.8668,0.8746,0.8668,0.8746,1529582400,67.19,58.27,ZRX/USD
0.87,0.8735,0.8627,0.8668,1529586000,9862.43,8531.07,ZRX/USD
0.8687,0.8719,0.8632,0.87,1529589600,740.37,643.6,ZRX/USD
0.868,0.8722,0.8629,0.8687,1529593200,4872.32,4228.54,ZRX/USD
0.869,0.8696,0.8626,0.868,1529596800,3080.86,2666.54,ZRX/USD
0.8594,0.869,0.8594,0.869,1529600400,2243.12,1936.92,ZRX/USD
0.857,0.8594,0.8558,0.8594,1529604000,2048.0,1752.83,ZRX/USD
0.8541,0.857,0.8462,0.857,1529607600,14674.72,12524.43,ZRX/USD
0.86,0.8632,0.8502,0.8541,1529611200,4160.57,3568.69,ZRX/USD
0.859,0.86,0.859,0.86,1529614800,604.36,519.15,ZRX/USD
0.8499,0.859,0.8447,0.859,1529618400,14238.6,12120.57,ZRX/USD
0.8501,0.8501,0.8499,0.8499,1529622000,126.91,114.22,ZRX/USD
0.846,0.8549,0.846,0.8501,1529625600,900.0,761.67,ZRX/USD
0.8319,0.8462,0.83,0.846,1529629200,13597.97,11379.54,ZRX/USD
0.8187,0.83,0.8182,0.83,1529632800,22095.3,18158.08,ZRX/USD
0.8197,0.824,0.8187,0.8187,1529636400,17007.93,13972.26,ZRX/USD
0.8183,0.8197,0.8183,0.8197,1529640000,78.86,64.53,ZRX/USD
0.82,0.8273,0.8161,0.8183,1529643600,2476.84,2032.67,ZRX/USD
0.8113,0.8256,0.8112,0.82,1529647200,5805.11,4747.47,ZRX/USD
0.78,0.8113,0.78,0.8113,1529650800,129668.65,102943.89,ZRX/USD
0.7772,0.8042,0.751,0.78,1529654400,82396.55,63070.42,ZRX/USD
0.7564,0.7772,0.7526,0.7772,1529658000,22702.73,17368.5,ZRX/USD
0.7657,0.7657,0.7432,0.7564,1529661600,84447.74,63463.07,ZRX/USD
0.7492,0.78,0.7492,0.7657,1529665200,72573.16,55809.38,ZRX/USD
0.7442,0.7572,0.7442,0.7492,1529668800,9312.87,6967.56,ZRX/USD
0.719,0.7442,0.71,0.7442,1529672400,106962.34,77294.45,ZRX/USD
0.7328,0.739,0.719,0.719,1529676000,14832.55,10786.3,ZRX/USD
0.7237,0.7385,0.7216,0.7328,1529679600,3477.07,2529.03,ZRX/USD
0.7268,0.7281,0.7194,0.7237,1529683200,27943.37,20306.75,ZRX/USD
0.7288,0.7348,0.7229,0.7268,1529686800,3880.0,2831.12,ZRX/USD
0.7363,0.74,0.7222,0.7288,1529690400,21726.88,16027.2,ZRX/USD
0.7371,0.7447,0.7356,0.7363,1529694000,6507.52,4810.98,ZRX/USD
0.7125,0.7371,0.7064,0.7371,1529697600,53496.04,38318.74,ZRX/USD
0.6938,0.7166,0.684,0.7125,1529701200,78434.64,54554.37,ZRX/USD
0.7251,0.7313,0.6929,0.6938,1529704800,50199.51,35590.61,ZRX/USD
0.7353,0.7698,0.72,0.7251,1529708400,38760.91,28743.31,ZRX/USD
0.7584,0.7584,0.7305,0.7353,1529712000,1932.5,1430.77,ZRX/USD
0.7518,0.7584,0.7509,0.7584,1529715600,5225.05,3937.87,ZRX/USD
0.7408,0.7518,0.7394,0.7518,1529719200,21305.59,15779.4,ZRX/USD
0.7219,0.7408,0.7219,0.7408,1529722800,14215.45,10288.78,ZRX/USD
0.7305,0.7305,0.7219,0.7219,1529726400,1219.09,890.03,ZRX/USD
0.7185,0.7305,0.7078,0.7305,1529730000,2458.21,1752.89,ZRX/USD
0.6902,0.7185,0.6902,0.7185,1529733600,50017.74,35122.88,ZRX/USD
0.7281,0.7281,0.6902,0.6902,1529737200,11313.24,8005.71,ZRX/USD
0.7023,0.7281,0.7023,0.7281,1529740800,69.08,48.52,ZRX/USD
0.7141,0.7141,0.7023,0.7023,1529744400,280.0,199.95,ZRX/USD
0.7,0.7141,0.7,0.7141,1529748000,8522.83,6011.21,ZRX/USD
0.7,0.7069,0.7,0.7,1529751600,156.79,110.25,ZRX/USD
0.7051,0.7051,0.6947,0.7,1529755200,6488.35,4562.51,ZRX/USD
0.7114,0.7182,0.7051,0.7051,1529758800,4584.61,3279.7,ZRX/USD
0.7222,0.7222,0.7114,0.7114,1529762400,55.08,44.37,ZRX/USD
0.7096,0.7222,0.7018,0.7222,1529766000,14748.71,10421.72,ZRX/USD
0.7112,0.7112,0.7096,0.7096,1529769600,15.12,10.75,ZRX/USD
0.7021,0.7112,0.7021,0.7112,1529773200,484.59,342.02,ZRX/USD
0.7068,0.7111,0.7021,0.7021,1529776800,1153.78,818.93,ZRX/USD
0.7199,0.7239,0.7068,0.7068,1529780400,2112.76,1527.94,ZRX/USD
0.7094,0.7199,0.7094,0.7199,1529784000,16577.74,11762.81,ZRX/USD
0.728,0.7281,0.7094,0.7094,1529787600,4779.2,3463.72,ZRX/USD
0.7301,0.7305,0.728,0.728,1529791200,5962.8,4354.13,ZRX/USD
0.728,0.7301,0.728,0.7301,1529794800,137.0,99.74,ZRX/USD
0.7165,0.7287,0.7051,0.728,1529798400,5553.76,4019.85,ZRX/USD
0.715,0.7165,0.715,0.7165,1529802000,668.36,477.88,ZRX/USD
0.7163,0.7163,0.715,0.715,1529805600,23.0,16.96,ZRX/USD
0.6945,0.7163,0.693,0.7163,1529809200,16330.64,11353.43,ZRX/USD
0.6528,0.6945,0.65,0.6945,1529812800,56320.99,37679.6,ZRX/USD
0.6488,0.6533,0.6476,0.6528,1529816400,10803.52,7019.97,ZRX/USD
0.6315,0.651,0.63,0.6488,1529820000,47558.95,30364.25,ZRX/USD
0.6303,0.6352,0.63,0.6315,1529823600,6241.31,4001.05,ZRX/USD
0.6136,0.6304,0.6131,0.6303,1529827200,13211.02,8169.44,ZRX/USD
0.6238,0.6265,0.6136,0.6136,1529830800,32001.9,19975.86,ZRX/USD
0.6345,0.6364,0.6175,0.6238,1529834400,9183.26,5745.62,ZRX/USD
0.6427,0.6433,0.6284,0.6345,1529838000,13180.85,8392.64,ZRX/USD
0.6272,0.6427,0.627,0.6427,1529841600,7729.05,4882.31,ZRX/USD
0.6284,0.6365,0.6272,0.6272,1529845200,3702.21,2329.93,ZRX/USD
0.6301,0.6316,0.6284,0.6284,1529848800,2042.36,1287.22,ZRX/USD
0.6,0.6301,0.6,0.6301,1529852400,30883.77,18770.14,ZRX/USD
0.6624,0.6797,0.597,0.6,1529856000,78981.16,49934.0,ZRX/USD
0.6915,0.6948,0.6624,0.6624,1529859600,36890.65,25216.21,ZRX/USD
0.6715,0.6915,0.667,0.6915,1529863200,11476.06,7738.63,ZRX/USD
0.6862,0.6902,0.6699,0.6715,1529866800,623.31,422.1,ZRX/USD
0.69,0.69,0.6764,0.6862,1529870400,2549.13,1743.67,ZRX/USD
0.6854,0.6979,0.6834,0.69,1529874000,5878.06,4087.06,ZRX/USD
0.6725,0.6854,0.6714,0.6854,1529877600,359.0,244.05,ZRX/USD
0.6802,0.6802,0.6725,0.6725,1529881200,20.0,13.6,ZRX/USD
0.678,0.6802,0.6728,0.6802,1529884800,1650.0,1110.93,ZRX/USD
0.6572,0.678,0.6572,0.678,1529888400,11005.05,7337.72,ZRX/USD
0.6597,0.6597,0.6532,0.6572,1529892000,12100.0,7981.87,ZRX/USD
0.66,0.6601,0.6596,0.6597,1529895600,2379.7,1570.59,ZRX/USD
0.6685,0.6713,0.66,0.66,1529899200,2262.67,1512.18,ZRX/USD
0.6691,0.6691,0.6591,0.6685,1529902800,1305.6,869.2,ZRX/USD
0.665,0.6691,0.6581,0.6691,1529906400,1142.23,758.74,ZRX/USD
0.6629,0.6698,0.6616,0.665,1529910000,23704.04,15739.92,ZRX/USD
0.6638,0.6638,0.6599,0.6629,1529913600,295.12,194.91,ZRX/USD
0.6593,0.6678,0.6593,0.6638,1529917200,4092.12,2726.85,ZRX/USD
0.679,0.6821,0.6593,0.6593,1529920800,69308.92,46998.3,ZRX/USD
0.6854,0.6991,0.679,0.679,1529924400,6816.74,4680.57,ZRX/USD
0.6586,0.6891,0.6555,0.6854,1529928000,16954.52,11417.02,ZRX/USD
0.6681,0.6681,0.6586,0.6586,1529931600,1075.48,711.47,ZRX/USD
0.6923,0.6973,0.6657,0.6681,1529935200,35657.02,24532.98,ZRX/USD
0.6911,0.6958,0.6875,0.6923,1529938800,23173.3,16072.67,ZRX/USD
0.6864,0.7018,0.6836,0.6911,1529942400,32326.37,22288.93,ZRX/USD
0.7039,0.7039,0.683,0.6864,1529946000,12741.46,8881.07,ZRX/USD
0.702,0.7155,0.6997,0.7039,1529949600,1851.36,1312.1,ZRX/USD
0.7016,0.702,0.7016,0.702,1529953200,101.25,71.04,ZRX/USD
0.704,0.7054,0.7016,0.7016,1529956800,1423.7,1002.73,ZRX/USD
0.7067,0.7083,0.7035,0.704,1529960400,3886.03,2737.99,ZRX/USD
0.6977,0.708,0.6974,0.7067,1529964000,3320.06,2337.71,ZRX/USD
0.7055,0.7055,0.6924,0.6977,1529967600,2250.98,1567.75,ZRX/USD
0.6931,0.7106,0.6931,0.7055,1529971200,20500.3,14479.46,ZRX/USD
0.6909,0.6931,0.6889,0.6931,1529974800,5127.27,3544.1,ZRX/USD
0.6909,0.6909,0.6909,0.6909,1529978400,0.0,0.0,ZRX/USD
0.6909,0.6909,0.6909,0.6909,1529982000,0.0,0.0,ZRX/USD
0.6921,0.6921,0.6909,0.6909,1529985600,1000.0,692.1,ZRX/USD
0.7048,0.7048,0.6921,0.6921,1529989200,3213.36,2248.96,ZRX/USD
0.7036,0.7048,0.6912,0.7048,1529992800,83.31,58.16,ZRX/USD
0.69,0.7036,0.69,0.7036,1529996400,1268.46,875.38,ZRX/USD
0.699,0.699,0.69,0.69,1530000000,1758.23,1228.45,ZRX/USD
0.69,0.699,0.69,0.699,1530003600,1885.0,1300.88,ZRX/USD
0.69,0.69,0.6824,0.69,1530007200,3679.78,2522.62,ZRX/USD
0.69,0.69,0.69,0.69,1530010800,1016.0,701.04,ZRX/USD
0.6881,0.69,0.6828,0.69,1530014400,1619.13,1113.4,ZRX/USD
0.6691,0.6881,0.6689,0.6881,1530018000,26942.01,18086.7,ZRX/USD
0.66,0.6691,0.66,0.6691,1530021600,9613.15,6351.75,ZRX/USD
0.664,0.6656,0.6565,0.66,1530025200,33819.93,22338.12,ZRX/USD
0.655,0.67,0.655,0.664,1530028800,3258.95,2169.55,ZRX/USD
0.6525,0.655,0.6437,0.655,1530032400,9767.01,6330.34,ZRX/USD
0.6552,0.6563,0.6519,0.6525,1530036000,9099.26,5959.61,ZRX/USD
0.65,0.6552,0.6436,0.6552,1530039600,1763.49,1136.81,ZRX/USD
0.6499,0.65,0.6499,0.65,1530043200,300.0,194.96,ZRX/USD
0.655,0.655,0.6499,0.6499,1530046800,8348.97,5468.58,ZRX/USD
0.64,0.655,0.6305,0.655,1530050400,15138.52,9617.81,ZRX/USD
0.6203,0.64,0.62,0.64,1530054000,11380.72,7062.06,ZRX/USD
0.6244,0.6244,0.6046,0.6203,1530057600,44291.19,27106.98,ZRX/USD
0.6192,0.6244,0.6143,0.6244,1530061200,4415.86,2728.99,ZRX/USD
0.6134,0.6192,0.6072,0.6192,1530064800,2765.5,1692.75,ZRX/USD
0.6063,0.616,0.6063,0.6134,1530068400,1402.46,859.19,ZRX/USD
0.6156,0.6156,0.6063,0.6063,1530072000,6269.19,3858.23,ZRX/USD
0.6156,0.617,0.6105,0.6156,1530075600,306.48,188.82,ZRX/USD
0.6191,0.6236,0.6156,0.6156,1530079200,13413.2,8348.94,ZRX/USD
0.622,0.6273,0.6191,0.6191,1530082800,3289.28,2060.39,ZRX/USD
0.622,0.622,0.622,0.622,1530086400,0.0,0.0,ZRX/USD
0.626,0.6279,0.6146,0.622,1530090000,56942.14,35492.69,ZRX/USD
0.6296,0.6296,0.6237,0.626,1530093600,811.78,508.77,ZRX/USD
0.6311,0.6311,0.6296,0.6296,1530097200,400.0,252.46,ZRX/USD
0.6289,0.6311,0.6244,0.6311,1530100800,3176.42,1985.41,ZRX/USD
0.631,0.631,0.6193,0.6289,1530104400,5765.39,3608.33,ZRX/USD
0.6111,0.631,0.6062,0.631,1530108000,15257.32,9341.86,ZRX/USD
0.6264,0.6291,0.6111,0.6111,1530111600,12991.75,8044.09,ZRX/USD
0.631,0.631,0.6264,0.6264,1530115200,527.34,332.13,ZRX/USD
0.6233,0.6386,0.6233,0.631,1530118800,1796.73,1137.82,ZRX/USD
0.6463,0.6463,0.6233,0.6233,1530122400,290.23,187.59,ZRX/USD
0.63,0.6463,0.63,0.6463,1530126000,86.15,54.7,ZRX/USD
0.6305,0.6433,0.63,0.63,1530129600,5523.81,3517.83,ZRX/USD
0.6375,0.6375,0.6303,0.6305,1530133200,2218.98,1403.88,ZRX/USD
0.6403,0.6428,0.6375,0.6375,1530136800,5000.0,3213.33,ZRX/USD
0.645,0.645,0.64,0.6403,1530140400,8532.2,5473.73,ZRX/USD
0.6637,0.6637,0.645,0.645,1530144000,2726.9,1798.5,ZRX/USD
0.66,0.6637,0.66,0.6637,1530147600,1036.35,683.99,ZRX/USD
0.6528,0.66,0.6498,0.66,1530151200,777.64,510.84,ZRX/USD
0.637,0.6528,0.637,0.6528,1530154800,398.71,256.66,ZRX/USD
0.63,0.637,0.63,0.637,1530158400,3303.52,2087.14,ZRX/USD
0.6326,0.635,0.63,0.63,1530162000,1169.24,739.88,ZRX/USD
0.6306,0.6385,0.6306,0.6326,1530165600,1915.33,1220.01,ZRX/USD
0.6358,0.6432,0.6306,0.6306,1530169200,1190.0,763.79,ZRX/USD
0.6302,0.6358,0.6302,0.6358,1530172800,625.17,394.33,ZRX/USD
0.6302,0.6358,0.6302,0.6358,1530172800,625.17,394.33,ZRX/USD
0.6336,0.6358,0.6276,0.6302,1530176400,11423.58,7237.47,ZRX/USD
0.6367,0.6367,0.629,0.6336,1530180000,1766.24,1116.03,ZRX/USD
0.6335,0.6369,0.6293,0.6367,1530183600,9006.16,5682.69,ZRX/USD
0.6321,0.6335,0.6296,0.6335,1530187200,2090.3,1321.28,ZRX/USD
0.6325,0.6325,0.6321,0.6321,1530190800,999.0,631.88,ZRX/USD
0.6304,0.6327,0.6273,0.6325,1530194400,4032.56,2541.08,ZRX/USD
0.6397,0.6451,0.6304,0.6304,1530198000,1136.97,729.83,ZRX/USD
0.656,0.656,0.6397,0.6397,1530201600,5542.62,3581.99,ZRX/USD
0.6503,0.656,0.6467,0.656,1530205200,4821.57,3147.97,ZRX/USD
0.6479,0.6503,0.641,0.6503,1530208800,1597.98,1027.56,ZRX/USD
0.6426,0.6523,0.6424,0.6479,1530212400,3412.0,2209.78,ZRX/USD
0.6249,0.6426,0.6243,0.6426,1530216000,9184.31,5826.5,ZRX/USD
0.6107,0.6273,0.6107,0.6249,1530219600,6557.4,4045.6,ZRX/USD
0.6155,0.6159,0.609,0.6107,1530223200,8984.5,5495.64,ZRX/USD
0.6113,0.6155,0.6033,0.6155,1530226800,22488.76,13689.91,ZRX/USD
0.61,0.6372,0.605,0.6113,1530230400,51804.51,31983.21,ZRX/USD
0.5988,0.61,0.5955,0.61,1530234000,5605.78,3372.07,ZRX/USD
0.5929,0.6012,0.5929,0.5988,1530237600,23544.74,13978.46,ZRX/USD
0.6025,0.6045,0.5923,0.5929,1530241200,14482.82,8658.23,ZRX/USD
0.6059,0.6064,0.5932,0.6025,1530244800,1130.22,677.94,ZRX/USD
0.5955,0.6059,0.585,0.6059,1530248400,39278.34,23109.07,ZRX/USD
0.5958,0.5989,0.5953,0.5955,1530252000,4487.0,2675.15,ZRX/USD
0.585,0.5958,0.5807,0.5958,1530255600,10851.69,6368.74,ZRX/USD
0.5875,0.5926,0.58,0.585,1530259200,13452.73,7915.7,ZRX/USD
0.5926,0.5926,0.5875,0.5875,1530262800,165.23,97.91,ZRX/USD
0.6058,0.6058,0.5926,0.5926,1530266400,3363.41,2035.69,ZRX/USD
0.5964,0.6067,0.5855,0.6058,1530270000,28013.76,16523.61,ZRX/USD
0.5876,0.5964,0.5862,0.5964,1530273600,4606.4,2714.23,ZRX/USD
0.5827,0.59,0.5827,0.5876,1530277200,8126.52,4742.76,ZRX/USD
0.5917,0.5917,0.5827,0.5827,1530280800,1760.94,1043.12,ZRX/USD
0.5858,0.5917,0.5827,0.5917,1530284400,397.05,233.43,ZRX/USD
0.5838,0.5858,0.58,0.5858,1530288000,2565.88,1494.22,ZRX/USD
0.5872,0.588,0.582,0.5838,1530291600,20862.39,12154.05,ZRX/USD
0.59,0.59,0.5872,0.5872,1530295200,200.0,118.0,ZRX/USD
0.59,0.59,0.59,0.59,1530298800,0.0,0.0,ZRX/USD
0.5907,0.591,0.5858,0.59,1530302400,31233.71,18414.13,ZRX/USD
0.5919,0.5919,0.5907,0.5907,1530306000,240.79,142.33,ZRX/USD
0.6504,0.656,0.5919,0.5919,1530309600,19939.19,12713.27,ZRX/USD
0.6627,0.6839,0.6493,0.6504,1530313200,31208.56,20703.08,ZRX/USD
0.6893,0.6893,0.6577,0.6627,1530316800,10301.52,6983.72,ZRX/USD
0.7104,0.72,0.678,0.6893,1530320400,58282.13,40598.89,ZRX/USD
0.729,0.73,0.7036,0.7104,1530324000,51004.86,36788.51,ZRX/USD
0.7167,0.729,0.7167,0.729,1530327600,22422.5,16188.73,ZRX/USD
0.7188,0.7188,0.7082,0.7167,1530331200,4016.72,2872.24,ZRX/USD
0.737,0.739,0.713,0.7188,1530334800,25504.33,18551.1,ZRX/USD
0.73,0.76,0.73,0.737,1530338400,55769.88,41551.54,ZRX/USD
0.766,0.7669,0.7199,0.73,1530342000,26653.38,19739.84,ZRX/USD
0.748,0.766,0.7359,0.766,1530345600,12471.78,9310.02,ZRX/USD
0.7555,0.7555,0.7392,0.748,1530349200,15174.71,11411.81,ZRX/USD
0.7434,0.7599,0.7434,0.7555,1530352800,49741.76,37754.52,ZRX/USD
0.7898,0.8019,0.7434,0.7434,1530356400,52099.56,40878.43,ZRX/USD
0.7802,0.8014,0.7726,0.7898,1530360000,36825.63,28858.18,ZRX/USD
0.795,0.7978,0.78,0.7802,1530363600,30835.94,24192.36,ZRX/USD
0.7643,0.8191,0.7643,0.795,1530367200,40918.48,32539.11,ZRX/USD
0.7452,0.7743,0.7435,0.7643,1530370800,5278.67,4000.83,ZRX/USD
0.741,0.765,0.7381,0.7452,1530374400,23503.16,17570.52,ZRX/USD
0.7357,0.741,0.7302,0.741,1530378000,6479.52,4768.42,ZRX/USD
0.7398,0.74,0.7335,0.7357,1530381600,8930.22,6604.78,ZRX/USD
0.7417,0.7417,0.7391,0.7398,1530385200,2844.85,2104.04,ZRX/USD
0.7477,0.7477,0.7415,0.7417,1530388800,2212.48,1644.76,ZRX/USD
0.75,0.751,0.743,0.7477,1530392400,18557.13,13894.47,ZRX/USD
0.7441,0.75,0.7441,0.75,1530396000,496.21,369.85,ZRX/USD
0.7586,0.7649,0.7441,0.7441,1530399600,588.77,447.43,ZRX/USD
0.7565,0.7647,0.7562,0.7586,1530403200,9496.22,7228.07,ZRX/USD
0.7406,0.7585,0.7403,0.7565,1530406800,19102.81,14284.79,ZRX/USD
0.7465,0.7486,0.7406,0.7406,1530410400,2100.0,1564.46,ZRX/USD
0.754,0.754,0.7382,0.7465,1530414000,394.34,293.82,ZRX/USD
0.7381,0.754,0.7381,0.754,1530417600,1688.95,1265.89,ZRX/USD
0.7485,0.7485,0.7381,0.7381,1530421200,800.0,598.72,ZRX/USD
0.7485,0.7485,0.7485,0.7485,1530424800,0.0,0.0,ZRX/USD
0.7485,0.7485,0.7485,0.7485,1530428400,0.0,0.0,ZRX/USD
0.7526,0.7557,0.744,0.7485,1530432000,4244.71,3172.28,ZRX/USD
0.7759,0.7759,0.7526,0.7526,1530435600,5483.85,4178.58,ZRX/USD
0.7735,0.7866,0.7694,0.7759,1530439200,19337.95,14967.6,ZRX/USD
0.7731,0.7735,0.7731,0.7735,1530442800,338.4,261.71,ZRX/USD
0.7841,0.7851,0.7684,0.7731,1530446400,6252.28,4867.85,ZRX/USD
0.775,0.7841,0.775,0.7841,1530450000,284.1,220.38,ZRX/USD
0.7446,0.775,0.7446,0.775,1530453600,25965.78,19741.04,ZRX/USD
0.7519,0.752,0.7445,0.7446,1530457200,10508.23,7857.81,ZRX/USD
0.7525,0.7594,0.7519,0.7519,1530460800,2777.7,2095.87,ZRX/USD
0.7622,0.7622,0.7525,0.7525,1530464400,637.81,484.32,ZRX/USD
0.764,0.764,0.7622,0.7622,1530468000,4418.06,3371.53,ZRX/USD
0.7683,0.7683,0.764,0.764,1530471600,280.6,214.81,ZRX/USD
0.7892,0.7898,0.7627,0.7683,1530475200,3723.02,2914.96,ZRX/USD
0.8294,0.8294,0.7751,0.7892,1530478800,7500.25,6011.15,ZRX/USD
0.8196,0.8386,0.8055,0.8294,1530482400,30294.84,24824.73,ZRX/USD
0.803,0.8196,0.803,0.8196,1530486000,2460.15,2007.73,ZRX/USD
0.8097,0.8097,0.7866,0.803,1530489600,14917.12,11837.56,ZRX/USD
0.8254,0.8542,0.8097,0.8097,1530493200,12061.62,10036.33,ZRX/USD
0.836,0.84,0.8254,0.8254,1530496800,1028.78,858.33,ZRX/USD
0.8575,0.86,0.836,0.836,1530500400,14104.03,11983.87,ZRX/USD
0.8877,0.9146,0.8575,0.8575,1530504000,26716.56,23880.45,ZRX/USD
0.8475,0.888,0.8475,0.8877,1530507600,15903.04,13742.55,ZRX/USD
0.8463,0.8582,0.8237,0.8475,1530511200,15225.06,12844.1,ZRX/USD
0.9039,0.9051,0.8463,0.8463,1530514800,10725.57,9329.58,ZRX/USD
0.8725,0.9051,0.8724,0.9039,1530518400,4715.25,4199.04,ZRX/USD
0.847,0.8725,0.8467,0.8725,1530522000,4097.45,3521.92,ZRX/USD
0.8844,0.8871,0.847,0.847,1530525600,19788.0,17401.94,ZRX/USD
0.8796,0.8844,0.8677,0.8844,1530529200,6881.35,5981.09,ZRX/USD
0.875,0.8796,0.8632,0.8796,1530532800,9001.11,7870.31,ZRX/USD
0.935,0.9535,0.875,0.875,1530536400,86120.84,79712.81,ZRX/USD
0.951,0.9537,0.9211,0.935,1530540000,40060.99,37830.0,ZRX/USD
0.9502,1.01,0.9423,0.951,1530543600,169850.97,166265.7,ZRX/USD
0.92,0.9775,0.92,0.9502,1530547200,33116.68,30767.79,ZRX/USD
0.9281,0.9403,0.9084,0.92,1530550800,21944.01,20282.36,ZRX/USD
0.9255,0.9325,0.92,0.9281,1530554400,6391.34,5924.41,ZRX/USD
0.9398,0.946,0.9255,0.9255,1530558000,33733.01,31744.82,ZRX/USD
0.937,0.9398,0.9262,0.9398,1530561600,8377.56,7794.65,ZRX/USD
0.9666,0.9798,0.9341,0.937,1530565200,25077.26,24117.05,ZRX/USD
0.97,0.9778,0.9596,0.9666,1530568800,12701.63,12326.04,ZRX/USD
0.974,0.9778,0.9595,0.97,1530572400,14803.67,14292.33,ZRX/USD
0.93,0.974,0.9255,0.974,1530576000,14073.89,13217.62,ZRX/USD
0.9481,0.9481,0.93,0.93,1530579600,5900.9,5588.85,ZRX/USD
0.9594,0.9604,0.9396,0.9481,1530583200,17603.27,16746.64,ZRX/USD
0.9669,0.9669,0.9512,0.9594,1530586800,5758.36,5521.64,ZRX/USD
0.9709,0.9716,0.9613,0.9669,1530590400,1752.37,1689.34,ZRX/USD
0.9698,0.9778,0.961,0.9709,1530594000,3480.9,3363.57,ZRX/USD
0.9635,0.9698,0.9453,0.9698,1530597600,43662.1,41514.62,ZRX/USD
0.9658,0.9673,0.9593,0.9635,1530601200,6241.64,6014.06,ZRX/USD
0.9508,0.9658,0.9473,0.9658,1530604800,12991.73,12395.64,ZRX/USD
0.95,0.9546,0.9495,0.9508,1530608400,4369.74,4163.71,ZRX/USD
0.909,0.95,0.8868,0.95,1530612000,97229.87,88544.95,ZRX/USD
0.9268,0.9269,0.9035,0.909,1530615600,38646.76,35541.87,ZRX/USD
0.9256,0.9268,0.9175,0.9268,1530619200,2834.1,2606.9,ZRX/USD
0.9015,0.9256,0.8944,0.9256,1530622800,36892.1,33917.16,ZRX/USD
0.904,0.904,0.882,0.9015,1530626400,42439.13,38032.2,ZRX/USD
0.895,0.904,0.887,0.904,1530630000,28237.85,25285.81,ZRX/USD
0.9215,0.9215,0.895,0.895,1530633600,19524.1,17712.57,ZRX/USD
0.9072,0.9232,0.9022,0.9215,1530637200,12149.75,11014.43,ZRX/USD
0.8944,0.9072,0.8944,0.9072,1530640800,4692.39,4229.94,ZRX/USD
0.91,0.9216,0.8878,0.8944,1530644400,7866.32,7148.41,ZRX/USD
0.925,0.9398,0.91,0.91,1530648000,49655.79,45601.1,ZRX/USD
0.9199,0.9312,0.9199,0.925,1530651600,431.48,399.86,ZRX/USD
0.8717,0.9199,0.8717,0.9199,1530655200,28407.23,25516.78,ZRX/USD
0.8854,0.9,0.8716,0.8717,1530658800,22919.55,20291.83,ZRX/USD
0.869,0.8883,0.868,0.8854,1530662400,16640.96,14521.24,ZRX/USD
0.8729,0.8751,0.8557,0.869,1530666000,16868.34,14588.02,ZRX/USD
0.8602,0.8729,0.8602,0.8729,1530669600,3368.16,2913.41,ZRX/USD
0.8723,0.8732,0.8602,0.8602,1530673200,1895.07,1654.31,ZRX/USD
0.8713,0.8732,0.86,0.8723,1530676800,10587.51,9121.0,ZRX/USD
0.8771,0.8771,0.865,0.8713,1530680400,4280.04,3737.47,ZRX/USD
0.8923,0.8982,0.8761,0.8771,1530684000,2669.91,2383.52,ZRX/USD
0.89,0.8923,0.89,0.8923,1530687600,1357.78,1208.54,ZRX/USD
0.9156,0.9161,0.89,0.89,1530691200,12499.34,11387.91,ZRX/USD
0.9138,0.9156,0.905,0.9156,1530694800,867.77,789.03,ZRX/USD
0.9089,0.9138,0.9002,0.9138,1530698400,3240.36,2931.28,ZRX/USD
0.91,0.91,0.9045,0.9089,1530702000,2007.36,1816.14,ZRX/USD
0.948,0.9495,0.91,0.91,1530705600,48659.81,45812.52,ZRX/USD
0.9922,0.9939,0.9388,0.948,1530709200,44769.2,43614.94,ZRX/USD
0.9756,0.999,0.966,0.9922,1530712800,19992.99,19498.49,ZRX/USD
0.9527,0.977,0.9527,0.9756,1530716400,11898.4,11602.9,ZRX/USD
0.943,0.9592,0.943,0.9527,1530720000,6584.12,6270.08,ZRX/USD
0.9523,0.9621,0.943,0.943,1530723600,1991.0,1902.76,ZRX/USD
0.9628,0.9701,0.9523,0.9523,1530727200,11375.7,10909.91,ZRX/USD
0.9478,0.9628,0.9478,0.9628,1530730800,7476.99,7123.66,ZRX/USD
0.9494,0.9539,0.9478,0.9478,1530734400,163.38,155.42,ZRX/USD
0.9628,0.963,0.9494,0.9494,1530738000,2307.0,2220.7,ZRX/USD
0.931,0.9639,0.928,0.9628,1530741600,23575.68,22576.91,ZRX/USD
0.9255,0.9348,0.919,0.931,1530745200,4888.1,4536.2,ZRX/USD
0.9209,0.9255,0.9112,0.9255,1530748800,6429.05,5891.65,ZRX/USD
0.9647,0.9647,0.9209,0.9209,1530752400,7993.44,7574.16,ZRX/USD
0.979,0.98,0.9647,0.9647,1530756000,4661.69,4541.16,ZRX/USD
0.9886,0.989,0.973,0.979,1530759600,367.96,363.22,ZRX/USD
1.03,1.04,0.9758,0.9886,1530763200,183993.16,186080.22,ZRX/USD
1.03,1.04,1.02,1.03,1530766800,61830.95,63655.16,ZRX/USD
1.04,1.05,1.02,1.03,1530770400,39710.85,40859.15,ZRX/USD
1.04,1.05,1.02,1.04,1530774000,56837.45,59039.37,ZRX/USD
1.02,1.04,0.9968,1.04,1530777600,28565.3,28804.31,ZRX/USD
0.9882,1.02,0.98,1.02,1530781200,18833.26,18848.61,ZRX/USD
0.9982,1.01,0.9882,0.9882,1530784800,6420.8,6427.93,ZRX/USD
0.9917,1.02,0.9912,0.9982,1530788400,11204.44,11233.52,ZRX/USD
0.9964,1.0,0.99,0.9917,1530792000,16111.35,16014.92,ZRX/USD
0.98,1.01,0.98,0.9964,1530795600,44839.19,44872.81,ZRX/USD
0.96,0.98,0.9595,0.98,1530799200,25570.81,24762.37,ZRX/USD
0.98,0.9887,0.9434,0.96,1530802800,59121.93,56314.87,ZRX/USD
0.972,0.9928,0.9691,0.98,1530806400,17578.19,17353.35,ZRX/USD
0.9576,0.973,0.9576,0.972,1530810000,4540.28,4386.34,ZRX/USD
0.936,0.985,0.936,0.9576,1530813600,30607.83,29001.41,ZRX/USD
0.964,0.9653,0.9318,0.936,1530817200,15822.04,14922.48,ZRX/USD
0.9652,0.9828,0.964,0.964,1530820800,14855.66,14507.4,ZRX/USD
0.98,0.9867,0.9652,0.9652,1530824400,11886.81,11630.41,ZRX/USD
0.9966,0.9998,0.98,0.98,1530828000,13443.89,13386.93,ZRX/USD
1.0,1.0,0.9912,0.9966,1530831600,18923.59,18914.13,ZRX/USD
0.9777,1.0,0.9763,1.0,1530835200,5739.35,5668.03,ZRX/USD
0.9929,0.9929,0.97,0.9777,1530838800,1898.57,1866.98,ZRX/USD
1.0,1.0,0.9729,0.9929,1530842400,19158.52,19094.57,ZRX/USD
0.9861,1.0,0.9861,1.0,1530846000,5150.59,5092.28,ZRX/USD
0.9622,0.9861,0.9622,0.9861,1530849600,562.05,542.0,ZRX/USD
0.94,0.9625,0.9372,0.9622,1530853200,13271.07,12669.8,ZRX/USD
0.943,0.955,0.9357,0.94,1530856800,4659.49,4382.61,ZRX/USD
0.9464,0.9464,0.9326,0.943,1530860400,3851.99,3633.97,ZRX/USD
0.9596,0.9761,0.9464,0.9464,1530864000,3819.53,3664.89,ZRX/USD
0.9536,0.9648,0.9536,0.9596,1530867600,5260.04,5070.86,ZRX/USD
0.9637,0.9719,0.9536,0.9536,1530871200,1016.3,982.99,ZRX/USD
0.9751,0.9829,0.9637,0.9637,1530874800,10799.39,10532.76,ZRX/USD
0.9814,0.99,0.9699,0.9751,1530878400,41203.18,40641.35,ZRX/USD
0.9775,0.9814,0.9672,0.9814,1530882000,1089.35,1055.01,ZRX/USD
0.9777,0.9794,0.9654,0.9775,1530885600,1249.01,1207.34,ZRX/USD
1.01,1.01,0.9777,0.9777,1530889200,44732.6,44595.91,ZRX/USD
0.9854,1.01,0.9854,1.01,1530892800,24555.85,24730.14,ZRX/USD
1.01,1.02,0.9854,0.9854,1530896400,51512.59,52244.56,ZRX/USD
1.0,1.02,0.9924,1.01,1530900000,1509.02,1526.59,ZRX/USD
0.9956,1.01,0.9956,1.0,1530903600,3337.21,3332.03,ZRX/USD
1.01,1.01,0.9956,0.9956,1530907200,3756.2,3769.71,ZRX/USD
0.9886,1.01,0.9886,1.01,1530910800,1327.0,1313.47,ZRX/USD
1.0,1.01,0.9886,0.9886,1530914400,924.71,925.27,ZRX/USD
1.01,1.01,1.0,1.0,1530918000,2184.96,2197.44,ZRX/USD
1.01,1.02,1.01,1.01,1530921600,5304.66,5367.72,ZRX/USD
1.0,1.01,1.0,1.01,1530925200,20.21,20.24,ZRX/USD
1.0,1.0,1.0,1.0,1530928800,0.0009277,0.0009289,ZRX/USD
0.9812,1.0,0.9752,1.0,1530932400,2367.69,2321.03,ZRX/USD
0.9859,0.9862,0.9772,0.9812,1530936000,428.68,421.03,ZRX/USD
0.9859,0.9859,0.9859,0.9859,1530939600,0.0,0.0,ZRX/USD
0.9682,0.9859,0.9601,0.9859,1530943200,10420.1,10101.86,ZRX/USD
0.9737,0.9737,0.9682,0.9682,1530946800,146.64,142.78,ZRX/USD
0.968,0.9756,0.968,0.9737,1530950400,305.87,297.94,ZRX/USD
0.9522,0.9696,0.9522,0.968,1530954000,26560.02,25394.25,ZRX/USD
0.9647,0.9647,0.9522,0.9522,1530957600,10062.85,9654.31,ZRX/USD
0.97,0.97,0.9647,0.9647,1530961200,5605.98,5425.5,ZRX/USD
0.9683,0.97,0.9683,0.97,1530964800,1963.16,1900.85,ZRX/USD
0.9359,0.9683,0.9359,0.9683,1530968400,49463.34,46823.1,ZRX/USD
0.9326,0.948,0.9322,0.9359,1530972000,3382.7,3179.22,ZRX/USD
0.9298,0.9385,0.9088,0.9326,1530975600,37034.56,34127.77,ZRX/USD
0.9474,0.9509,0.928,0.9298,1530979200,16551.86,15572.33,ZRX/USD
0.9474,0.9474,0.9474,0.9474,1530982800,0.0,0.0,ZRX/USD
0.9464,0.9474,0.94,0.9474,1530986400,1516.15,1427.0,ZRX/USD
0.942,0.9487,0.9401,0.9464,1530990000,3485.28,3303.36,ZRX/USD
0.9245,0.942,0.9245,0.942,1530993600,1833.65,1716.91,ZRX/USD
0.9248,0.929,0.9231,0.9245,1530997200,3954.41,3657.36,ZRX/USD
0.9386,0.9388,0.9242,0.9248,1531000800,9597.24,8977.15,ZRX/USD
0.9987,1.05,0.9384,0.9386,1531004400,94984.04,94651.5,ZRX/USD
0.9861,1.0,0.9861,0.9987,1531008000,53878.84,53844.39,ZRX/USD
0.9861,0.9943,0.9861,0.9861,1531011600,25846.76,25496.28,ZRX/USD
0.9861,0.9861,0.9861,0.9861,1531015200,0.0,0.0,ZRX/USD
0.9766,0.9861,0.9766,0.9861,1531018800,1668.75,1633.0,ZRX/USD
0.9761,0.9871,0.9635,0.9766,1531022400,24040.01,23285.78,ZRX/USD
0.9906,0.9906,0.9756,0.9761,1531026000,17792.98,17493.67,ZRX/USD
0.9895,0.9906,0.9826,0.9906,1531029600,77.02,75.82,ZRX/USD
0.9918,0.993,0.9895,0.9895,1531033200,1559.71,1547.49,ZRX/USD
0.972,0.9918,0.9602,0.9918,1531036800,35025.6,33887.89,ZRX/USD
0.9672,0.9733,0.9672,0.972,1531040400,674.14,647.94,ZRX/USD
0.9785,0.9785,0.9672,0.9672,1531044000,10075.52,9837.69,ZRX/USD
0.9704,0.9785,0.9697,0.9785,1531047600,275.41,267.5,ZRX/USD
0.9603,0.9774,0.9603,0.9704,1531051200,8603.38,8397.64,ZRX/USD
0.973,0.9808,0.9603,0.9603,1531054800,26271.74,25625.68,ZRX/USD
0.97,0.9736,0.9552,0.973,1531058400,24705.08,23864.56,ZRX/USD
0.9837,0.9958,0.97,0.97,1531062000,16281.31,16021.41,ZRX/USD
0.9894,0.9998,0.9837,0.9837,1531065600,4001.42,3983.31,ZRX/USD
0.9924,0.9925,0.9894,0.9894,1531069200,10021.06,9944.95,ZRX/USD
0.9934,0.9966,0.9851,0.9924,1531072800,23081.14,22862.28,ZRX/USD
0.9951,0.9952,0.9934,0.9934,1531076400,860.16,855.93,ZRX/USD
0.9732,0.9951,0.9732,0.9951,1531080000,2669.69,2629.7,ZRX/USD
0.9709,0.9795,0.97,0.9732,1531083600,2121.28,2063.74,ZRX/USD
0.9745,0.9825,0.9709,0.9709,1531087200,2487.08,2428.25,ZRX/USD
0.9649,0.9798,0.96,0.9745,1531090800,10423.79,10080.96,ZRX/USD
0.9649,0.9649,0.9649,0.9649,1531094400,0.0,0.0,ZRX/USD
0.9773,0.9773,0.96,0.9649,1531098000,17418.98,16789.29,ZRX/USD
0.965,0.9773,0.965,0.9773,1531101600,849.0,819.96,ZRX/USD
0.9653,0.9653,0.965,0.965,1531105200,166.07,160.32,ZRX/USD
0.966,0.966,0.9653,0.9653,1531108800,2969.49,2868.53,ZRX/USD
0.968,0.968,0.966,0.966,1531112400,136.62,132.24,ZRX/USD
0.966,0.9702,0.9624,0.968,1531116000,270.95,262.52,ZRX/USD
0.9614,0.9861,0.9603,0.966,1531119600,6071.75,5886.61,ZRX/USD
0.97,0.973,0.9614,0.9614,1531123200,4187.24,4061.85,ZRX/USD
0.9807,0.9839,0.961,0.97,1531126800,713.35,692.52,ZRX/USD
0.9752,0.9807,0.961,0.9807,1531130400,176.58,171.83,ZRX/USD
0.9845,0.9845,0.967,0.9752,1531134000,29501.72,28892.32,ZRX/USD
0.9613,0.9845,0.9613,0.9845,1531137600,5776.96,5598.72,ZRX/USD
0.9711,0.9711,0.961,0.9613,1531141200,6702.21,6459.57,ZRX/USD
0.965,0.9711,0.9615,0.9711,1531144800,5708.88,5498.71,ZRX/USD
0.965,0.9689,0.965,0.965,1531148400,6940.84,6717.0,ZRX/USD
0.9649,0.9673,0.955,0.965,1531152000,6552.25,6309.42,ZRX/USD
0.955,0.9649,0.955,0.9649,1531155600,13107.54,12588.59,ZRX/USD
0.9521,0.955,0.9521,0.955,1531159200,10278.19,9801.47,ZRX/USD
0.952,0.96,0.952,0.9521,1531162800,3579.21,3402.43,ZRX/USD
0.9291,0.9521,0.928,0.9518,1531166400,39813.26,37220.07,ZRX/USD
0.9357,0.9357,0.928,0.9291,1531170000,8484.07,7903.71,ZRX/USD
0.928,0.9508,0.928,0.9357,1531173600,2385.54,2246.87,ZRX/USD
0.9067,0.928,0.9064,0.928,1531177200,51717.93,47313.32,ZRX/USD
0.904,0.9067,0.8954,0.9067,1531180800,4885.27,4394.56,ZRX/USD
0.9156,0.9156,0.904,0.904,1531184400,4786.66,4376.32,ZRX/USD
0.8827,0.9156,0.8777,0.9156,1531188000,13368.19,11811.76,ZRX/USD
0.8707,0.8827,0.8704,0.8827,1531191600,1662.06,1447.85,ZRX/USD
0.893,0.893,0.8707,0.8707,1531195200,5909.72,5216.99,ZRX/USD
0.8874,0.893,0.8874,0.893,1531198800,766.76,681.12,ZRX/USD
0.8727,0.8905,0.851,0.8874,1531202400,74007.38,63628.4,ZRX/USD
0.8672,0.8787,0.8649,0.8727,1531206000,104850.02,91810.2,ZRX/USD
0.868,0.8811,0.865,0.8672,1531209600,10295.6,8951.37,ZRX/USD
0.85,0.8704,0.85,0.868,1531213200,6606.23,5664.1,ZRX/USD
0.845,0.8523,0.842,0.85,1531216800,21187.05,17953.16,ZRX/USD
0.82,0.8518,0.8129,0.845,1531220400,139203.49,116368.03,ZRX/USD
0.829,0.8306,0.82,0.82,1531224000,61599.64,50929.32,ZRX/USD
0.8305,0.8405,0.8208,0.829,1531227600,50305.94,41703.67,ZRX/USD
0.8372,0.8372,0.8286,0.8305,1531231200,1842.59,1536.83,ZRX/USD
0.8363,0.8372,0.8281,0.8372,1531234800,8215.53,6804.86,ZRX/USD
0.8432,0.8495,0.8359,0.8363,1531238400,3764.51,3168.31,ZRX/USD
0.8418,0.8469,0.841,0.8432,1531242000,10911.03,9217.18,ZRX/USD
0.8421,0.8461,0.8401,0.8418,1531245600,3085.86,2593.95,ZRX/USD
0.849,0.8506,0.8421,0.8421,1531249200,6568.86,5578.34,ZRX/USD
0.8506,0.8581,0.849,0.849,1531252800,21529.63,18418.63,ZRX/USD
0.8468,0.8596,0.8468,0.8506,1531256400,25286.42,21518.4,ZRX/USD
0.843,0.8468,0.843,0.8468,1531260000,6650.29,5614.75,ZRX/USD
0.8163,0.843,0.8076,0.843,1531263600,36031.54,29564.74,ZRX/USD
0.8479,0.8479,0.811,0.8163,1531267200,6726.25,5649.55,ZRX/USD
0.8255,0.8482,0.8249,0.8479,1531270800,19585.61,16442.85,ZRX/USD
0.83,0.83,0.8238,0.8255,1531274400,2103.15,1744.95,ZRX/USD
0.8182,0.83,0.815,0.83,1531278000,1870.03,1532.5,ZRX/USD
0.8081,0.8182,0.808,0.8182,1531281600,11259.12,9121.71,ZRX/USD
0.7998,0.8106,0.7971,0.8081,1531285200,16259.75,13071.73,ZRX/USD
0.7893,0.805,0.7847,0.7998,1531288800,29012.09,22930.81,ZRX/USD
0.8008,0.8008,0.7787,0.7893,1531292400,6230.91,4910.22,ZRX/USD
0.8351,0.8352,0.8008,0.8008,1531296000,10760.28,8852.86,ZRX/USD
0.818,0.8351,0.817,0.8351,1531299600,269.06,220.02,ZRX/USD
0.81,0.818,0.81,0.818,1531303200,4130.0,3345.68,ZRX/USD
0.8311,0.8323,0.81,0.81,1531306800,9100.93,7534.36,ZRX/USD
0.84,0.84,0.828,0.8311,1531310400,9674.95,8041.3,ZRX/USD
0.85,0.865,0.8351,0.84,1531314000,43264.02,36898.8,ZRX/USD
0.854,0.854,0.848,0.85,1531317600,929.55,791.66,ZRX/USD
0.8492,0.854,0.847,0.854,1531321200,5976.69,5074.05,ZRX/USD
0.8387,0.8548,0.835,0.8492,1531324800,17849.94,15029.46,ZRX/USD
0.8375,0.84,0.8302,0.8387,1531328400,4605.1,3854.75,ZRX/USD
0.8395,0.8471,0.8375,0.8375,1531332000,618.63,521.91,ZRX/USD
0.8253,0.8395,0.81,0.8395,1531335600,17952.8,14590.33,ZRX/USD
0.828,0.828,0.8253,0.8253,1531339200,435.82,360.61,ZRX/USD
0.8291,0.8356,0.828,0.828,1531342800,895.18,746.09,ZRX/USD
0.832,0.8394,0.8152,0.8291,1531346400,34075.66,28259.54,ZRX/USD
0.8297,0.8372,0.8285,0.832,1531350000,12124.69,10059.5,ZRX/USD
0.8286,0.8407,0.8286,0.8297,1531353600,3603.76,3006.87,ZRX/USD
0.8234,0.8286,0.8234,0.8286,1531357200,407.99,335.94,ZRX/USD
0.807,0.8254,0.8011,0.8234,1531360800,4819.01,3918.27,ZRX/USD
0.8133,0.8134,0.807,0.807,1531364400,1044.05,845.88,ZRX/USD
0.8057,0.8133,0.8057,0.8133,1531368000,2026.95,1636.07,ZRX/USD
0.8084,0.8084,0.8057,0.8057,1531371600,1318.7,1063.82,ZRX/USD
0.7844,0.8084,0.7625,0.8084,1531375200,53161.97,41306.35,ZRX/USD
0.7661,0.7866,0.7659,0.7844,1531378800,6381.92,4939.11,ZRX/USD
0.7699,0.7701,0.76,0.7661,1531382400,28252.15,21629.22,ZRX/USD
0.765,0.7701,0.762,0.7699,1531386000,4344.26,3326.69,ZRX/USD
0.7609,0.765,0.7609,0.765,1531389600,3437.55,2625.51,ZRX/USD
0.7663,0.769,0.7543,0.7609,1531393200,18711.41,14204.58,ZRX/USD
0.7701,0.7701,0.7654,0.7663,1531396800,14473.0,11138.17,ZRX/USD
0.7676,0.7701,0.7619,0.7701,1531400400,5699.16,4360.78,ZRX/USD
0.7563,0.7747,0.7543,0.7676,1531404000,67346.57,51495.41,ZRX/USD
0.7636,0.7703,0.7563,0.7563,1531407600,24580.9,18900.26,ZRX/USD
0.7799,0.7799,0.7627,0.7636,1531411200,11107.67,8544.11,ZRX/USD
0.77,0.7799,0.7627,0.7799,1531414800,16369.91,12602.26,ZRX/USD
0.7615,0.77,0.7615,0.77,1531418400,908.8,692.31,ZRX/USD
0.7615,0.7615,0.7615,0.7615,1531422000,10433.36,7945.0,ZRX/USD
0.7655,0.7655,0.7615,0.7615,1531425600,815.0,623.86,ZRX/USD
0.7669,0.7671,0.7655,0.7655,1531429200,902.5,692.14,ZRX/USD
0.7606,0.7669,0.7606,0.7669,1531432800,1650.17,1257.97,ZRX/USD
0.78,0.78,0.7458,0.7606,1531436400,22320.25,17162.94,ZRX/USD
0.8553,0.8684,0.78,0.78,1531440000,72751.84,60394.84,ZRX/USD
0.8486,0.8553,0.8486,0.8553,1531443600,13205.94,11221.39,ZRX/USD
0.8593,0.8642,0.8486,0.8486,1531447200,2291.79,1975.34,ZRX/USD
0.8514,0.8593,0.8514,0.8593,1531450800,149.7,127.47,ZRX/USD
0.8586,0.8593,0.8514,0.8514,1531454400,5700.8,4870.69,ZRX/USD
0.8346,0.8615,0.8346,0.8586,1531458000,11130.52,9509.28,ZRX/USD
0.8147,0.8408,0.8134,0.8346,1531461600,10473.26,8668.68,ZRX/USD
0.8165,0.8165,0.8083,0.8147,1531465200,5937.99,4840.87,ZRX/USD
0.8082,0.8165,0.8082,0.8165,1531468800,1133.99,921.66,ZRX/USD
0.8082,0.8082,0.8082,0.8082,1531472400,0.0,0.0,ZRX/USD
0.8069,0.8145,0.8069,0.8082,1531476000,9170.0,7416.34,ZRX/USD
0.8144,0.8144,0.8069,0.8069,1531479600,3085.0,2505.25,ZRX/USD
0.842,0.8421,0.8144,0.8144,1531483200,25013.45,20859.77,ZRX/USD
0.8287,0.8426,0.8287,0.842,1531486800,25102.08,20951.73,ZRX/USD
0.8368,0.8368,0.8224,0.8287,1531490400,3376.35,2801.88,ZRX/USD
0.852,0.854,0.836,0.8368,1531494000,22939.58,19319.35,ZRX/USD
0.8798,0.894,0.8468,0.852,1531497600,44485.96,38708.26,ZRX/USD
0.8736,0.89,0.8626,0.8798,1531501200,68056.05,59728.91,ZRX/USD
0.8828,0.8958,0.8706,0.8736,1531504800,22013.24,19428.42,ZRX/USD
0.893,0.893,0.8571,0.8828,1531508400,44225.18,38497.08,ZRX/USD
1.01,1.03,0.883,0.893,1531512000,271524.66,264020.97,ZRX/USD
0.9759,1.01,0.9315,1.01,1531515600,147137.81,143028.97,ZRX/USD
0.9638,0.99,0.9528,0.9759,1531519200,27528.08,26681.21,ZRX/USD
0.9624,0.9806,0.9617,0.9638,1531522800,53800.56,52329.67,ZRX/USD
0.9446,0.9624,0.94,0.9624,1531526400,14723.41,14031.37,ZRX/USD
0.9867,0.9958,0.9446,0.9446,1531530000,60623.98,59647.4,ZRX/USD
0.9739,0.9918,0.9656,0.9867,1531533600,11357.93,11042.64,ZRX/USD
0.948,0.974,0.9404,0.9739,1531537200,28223.64,27070.5,ZRX/USD
0.9452,0.948,0.9347,0.948,1531540800,6340.06,5980.5,ZRX/USD
0.9499,0.9499,0.938,0.9452,1531544400,409.56,387.39,ZRX/USD
0.947,0.9667,0.947,0.9499,1531548000,2367.84,2268.7,ZRX/USD
0.941,0.9474,0.939,0.947,1531551600,14237.17,13443.43,ZRX/USD
0.94,0.9535,0.939,0.941,1531555200,12443.34,11723.61,ZRX/USD
0.92,0.9402,0.92,0.94,1531558800,9283.69,8647.94,ZRX/USD
0.9401,0.9401,0.92,0.92,1531562400,2462.35,2291.19,ZRX/USD
0.9574,0.97,0.9372,0.9401,1531566000,10350.63,9888.15,ZRX/USD
0.95,0.97,0.95,0.9574,1531569600,19363.52,18555.35,ZRX/USD
0.97,0.97,0.9491,0.95,1531573200,6709.17,6437.38,ZRX/USD
0.96,0.9738,0.9591,0.97,1531576800,4582.14,4414.19,ZRX/USD
0.9833,0.9835,0.96,0.96,1531580400,16472.18,16031.39,ZRX/USD
0.9798,0.9893,0.9743,0.9833,1531584000,6406.23,6285.29,ZRX/USD
0.9957,0.9976,0.9798,0.9798,1531587600,3910.0,3860.74,ZRX/USD
0.983,0.9957,0.9808,0.9957,1531591200,3386.64,3353.73,ZRX/USD
1.01,1.03,0.983,0.983,1531594800,20966.68,21311.04,ZRX/USD
0.9997,1.02,0.9927,1.01,1531598400,19467.99,19631.26,ZRX/USD
1.0,1.0,0.9901,0.9997,1531602000,3464.61,3446.36,ZRX/USD
0.9999,1.02,0.9999,1.0,1531605600,6167.12,6181.29,ZRX/USD
0.9974,0.9999,0.9838,0.9999,1531609200,6006.27,5933.89,ZRX/USD
0.9805,0.9974,0.9705,0.9974,1531612800,9929.39,9726.69,ZRX/USD
0.9838,0.9978,0.9805,0.9805,1531616400,354.42,351.83,ZRX/USD
1.01,1.01,0.9838,0.9838,1531620000,1039.49,1038.66,ZRX/USD
1.01,1.03,1.01,1.01,1531623600,3277.34,3366.67,ZRX/USD
1.04,1.04,1.01,1.01,1531627200,4218.17,4344.15,ZRX/USD
1.02,1.04,1.01,1.04,1531630800,4792.83,4903.85,ZRX/USD
1.01,1.02,1.01,1.02,1531634400,2780.88,2809.76,ZRX/USD
1.01,1.02,1.01,1.01,1531638000,2647.92,2675.53,ZRX/USD
1.05,1.05,1.0,1.01,1531641600,44044.75,45495.26,ZRX/USD
1.05,1.06,1.03,1.05,1531645200,10781.2,11352.82,ZRX/USD
1.07,1.07,1.04,1.05,1531648800,16376.76,17297.67,ZRX/USD
1.08,1.08,1.07,1.07,1531652400,23369.44,25193.81,ZRX/USD
1.12,1.12,1.08,1.08,1531656000,57347.68,62921.81,ZRX/USD
1.12,1.14,1.1,1.12,1531659600,42406.57,47501.41,ZRX/USD
1.1,1.14,1.09,1.12,1531663200,68533.61,76817.63,ZRX/USD
1.14,1.14,1.1,1.1,1531666800,50480.68,57198.92,ZRX/USD
1.16,1.19,1.14,1.14,1531670400,102598.22,119280.53,ZRX/USD
1.12,1.17,1.11,1.16,1531674000,67736.25,76475.17,ZRX/USD
1.14,1.15,1.12,1.12,1531677600,5106.35,5739.82,ZRX/USD
1.15,1.15,1.13,1.14,1531681200,2486.66,2836.63,ZRX/USD
1.14,1.15,1.14,1.15,1531684800,7050.21,8040.79,ZRX/USD
1.12,1.14,1.12,1.14,1531688400,1375.93,1564.96,ZRX/USD
1.09,1.14,1.08,1.12,1531692000,44017.61,48078.49,ZRX/USD
1.11,1.11,1.09,1.09,1531695600,11317.98,12416.3,ZRX/USD
1.09,1.13,1.09,1.11,1531699200,4755.4,5314.04,ZRX/USD
1.12,1.12,1.09,1.09,1531702800,7905.5,8616.99,ZRX/USD
1.14,1.14,1.1,1.12,1531706400,1934.12,2161.14,ZRX/USD
1.14,1.14,1.14,1.14,1531710000,7447.19,8472.13,ZRX/USD
1.1,1.14,1.1,1.14,1531713600,2918.87,3268.83,ZRX/USD
1.14,1.14,1.1,1.1,1531717200,7497.18,8419.38,ZRX/USD
1.16,1.16,1.14,1.14,1531720800,11753.16,13440.05,ZRX/USD
1.14,1.16,1.14,1.16,1531724400,1152.7,1319.53,ZRX/USD
1.13,1.14,1.13,1.14,1531728000,760.37,864.35,ZRX/USD
1.16,1.17,1.13,1.13,1531731600,32206.39,37291.79,ZRX/USD
1.18,1.18,1.16,1.16,1531735200,15336.82,17995.62,ZRX/USD
1.2,1.2,1.18,1.18,1531738800,41558.13,49467.91,ZRX/USD
1.17,1.2,1.17,1.2,1531742400,41146.32,48258.13,ZRX/USD
1.15,1.18,1.15,1.17,1531746000,38539.22,44678.9,ZRX/USD
1.17,1.18,1.15,1.15,1531749600,10261.53,11948.88,ZRX/USD
1.15,1.18,1.15,1.17,1531753200,3487.48,4041.95,ZRX/USD
1.15,1.17,1.15,1.15,1531756800,5727.57,6581.22,ZRX/USD
1.17,1.18,1.15,1.15,1531760400,19915.83,23112.28,ZRX/USD
1.14,1.17,1.14,1.17,1531764000,20785.02,23971.7,ZRX/USD
1.12,1.14,1.11,1.14,1531767600,28310.1,31852.47,ZRX/USD
1.12,1.13,1.12,1.12,1531771200,5978.55,6730.95,ZRX/USD
1.13,1.13,1.11,1.12,1531774800,13160.36,14774.68,ZRX/USD
1.14,1.14,1.12,1.13,1531778400,11850.95,13406.23,ZRX/USD
1.16,1.17,1.14,1.14,1531782000,17543.35,20288.41,ZRX/USD
1.15,1.17,1.14,1.16,1531785600,22817.88,26144.65,ZRX/USD
1.12,1.15,1.11,1.15,1531789200,49389.7,55879.16,ZRX/USD
1.14,1.14,1.12,1.12,1531792800,13076.26,14726.58,ZRX/USD
1.13,1.14,1.13,1.14,1531796400,11191.01,12686.6,ZRX/USD
1.13,1.13,1.13,1.13,1531800000,1746.98,1974.92,ZRX/USD
1.11,1.13,1.11,1.13,1531803600,11792.38,13215.76,ZRX/USD
1.09,1.11,1.09,1.11,1531807200,29759.94,32704.01,ZRX/USD
1.11,1.11,1.09,1.09,1531810800,435.57,482.39,ZRX/USD
1.13,1.14,1.11,1.11,1531814400,16891.33,19106.5,ZRX/USD
1.11,1.13,1.11,1.13,1531818000,10129.94,11278.37,ZRX/USD
1.12,1.12,1.11,1.11,1531821600,2318.4,2594.97,ZRX/USD
1.11,1.12,1.11,1.12,1531825200,2713.81,3031.68,ZRX/USD
1.11,1.11,1.1,1.11,1531828800,25975.95,28815.89,ZRX/USD
1.11,1.11,1.1,1.11,1531832400,1934.59,2141.73,ZRX/USD
1.12,1.12,1.11,1.11,1531836000,21196.79,23678.06,ZRX/USD
1.15,1.15,1.12,1.12,1531839600,7981.64,9064.41,ZRX/USD
1.15,1.15,1.14,1.15,1531843200,12850.73,14758.38,ZRX/USD
1.24,1.29,1.14,1.15,1531846800,112546.5,137652.57,ZRX/USD
1.25,1.29,1.23,1.24,1531850400,107659.61,135136.19,ZRX/USD
1.27,1.27,1.24,1.25,1531854000,11553.36,14652.71,ZRX/USD
1.28,1.31,1.27,1.27,1531857600,43860.29,56730.73,ZRX/USD
1.28,1.29,1.25,1.28,1531861200,36671.68,46454.81,ZRX/USD
1.26,1.34,1.25,1.28,1531864800,48095.4,61929.63,ZRX/USD
1.24,1.26,1.24,1.26,1531868400,1077.28,1341.74,ZRX/USD
1.29,1.3,1.24,1.24,1531872000,11885.96,15284.1,ZRX/USD
1.28,1.33,1.28,1.29,1531875600,21451.84,28065.3,ZRX/USD
1.32,1.32,1.28,1.28,1531879200,12582.62,16306.8,ZRX/USD
1.29,1.33,1.29,1.32,1531882800,14078.83,18462.71,ZRX/USD
1.27,1.29,1.27,1.29,1531886400,6270.63,8020.27,ZRX/USD
1.3,1.3,1.27,1.27,1531890000,2110.54,2729.03,ZRX/USD
1.3,1.3,1.29,1.3,1531893600,3498.0,4528.82,ZRX/USD
1.29,1.3,1.28,1.3,1531897200,4503.37,5793.98,ZRX/USD
1.25,1.29,1.24,1.29,1531900800,24473.17,30739.76,ZRX/USD
1.26,1.26,1.25,1.25,1531904400,1995.94,2511.49,ZRX/USD
1.27,1.29,1.25,1.26,1531908000,10190.14,12908.08,ZRX/USD
1.28,1.29,1.27,1.27,1531911600,15797.01,20179.68,ZRX/USD
1.26,1.29,1.25,1.28,1531915200,15455.84,19430.33,ZRX/USD
1.25,1.27,1.24,1.26,1531918800,9787.68,12226.57,ZRX/USD
1.25,1.28,1.25,1.25,1531922400,15147.45,19113.15,ZRX/USD
1.26,1.27,1.22,1.25,1531926000,28768.83,35530.97,ZRX/USD
1.27,1.28,1.26,1.26,1531929600,14153.85,17973.84,ZRX/USD
1.29,1.29,1.26,1.27,1531933200,28188.11,36099.59,ZRX/USD
1.28,1.3,1.27,1.29,1531936800,14134.33,18147.72,ZRX/USD
1.23,1.3,1.22,1.28,1531940400,183707.12,235410.22,ZRX/USD
1.2,1.23,1.16,1.23,1531944000,102579.09,121816.97,ZRX/USD
1.2,1.21,1.19,1.2,1531947600,13157.47,15764.88,ZRX/USD
1.2,1.2,1.16,1.2,1531951200,22921.25,27085.99,ZRX/USD
1.2,1.22,1.19,1.2,1531954800,18941.07,22565.52,ZRX/USD
1.22,1.23,1.2,1.2,1531958400,20011.34,24409.08,ZRX/USD
1.19,1.22,1.19,1.22,1531962000,3609.69,4313.09,ZRX/USD
1.21,1.21,1.19,1.19,1531965600,2799.14,3363.34,ZRX/USD
1.22,1.23,1.21,1.21,1531969200,9653.22,11795.28,ZRX/USD
1.24,1.25,1.22,1.22,1531972800,2442.37,3028.26,ZRX/USD
1.22,1.24,1.22,1.24,1531976400,6090.32,7503.26,ZRX/USD
1.23,1.25,1.22,1.22,1531980000,8495.06,10486.71,ZRX/USD
1.21,1.24,1.21,1.23,1531983600,5661.12,6871.18,ZRX/USD
1.2,1.21,1.2,1.21,1531987200,2700.17,3235.05,ZRX/USD
1.25,1.26,1.2,1.2,1531990800,37468.69,46565.2,ZRX/USD
1.24,1.25,1.22,1.25,1531994400,1007.47,1243.22,ZRX/USD
1.25,1.25,1.24,1.24,1531998000,6311.0,7839.59,ZRX/USD
1.26,1.28,1.25,1.25,1532001600,6921.67,8756.76,ZRX/USD
1.27,1.28,1.26,1.26,1532005200,23046.59,29358.22,ZRX/USD
1.26,1.27,1.24,1.27,1532008800,2798.45,3504.57,ZRX/USD
1.23,1.27,1.23,1.26,1532012400,1034.38,1295.24,ZRX/USD
1.22,1.23,1.21,1.23,1532016000,6248.04,7627.04,ZRX/USD
1.23,1.23,1.2,1.22,1532019600,10122.36,12408.99,ZRX/USD
1.22,1.23,1.22,1.23,1532023200,33.68,40.99,ZRX/USD
1.21,1.22,1.21,1.22,1532026800,7333.72,8875.18,ZRX/USD
1.22,1.22,1.2,1.21,1532030400,18760.22,22730.11,ZRX/USD
1.23,1.23,1.22,1.22,1532034000,424.75,523.58,ZRX/USD
1.23,1.24,1.22,1.23,1532037600,8908.14,10983.13,ZRX/USD
1.25,1.25,1.23,1.23,1532041200,25074.63,31326.38,ZRX/USD
1.21,1.25,1.2,1.25,1532044800,17001.23,20767.54,ZRX/USD
1.22,1.22,1.2,1.21,1532048400,3393.01,4094.42,ZRX/USD
1.22,1.22,1.2,1.22,1532052000,487.03,582.93,ZRX/USD
1.22,1.22,1.22,1.22,1532055600,92.17,110.97,ZRX/USD
1.21,1.22,1.21,1.22,1532059200,3000.0,3638.0,ZRX/USD
1.17,1.21,1.14,1.21,1532062800,85800.6,99890.6,ZRX/USD
1.13,1.17,1.12,1.17,1532066400,42176.44,47740.39,ZRX/USD
1.15,1.17,1.1,1.13,1532070000,44684.96,50256.35,ZRX/USD
1.17,1.19,1.15,1.15,1532073600,1241.18,1448.82,ZRX/USD
1.19,1.19,1.17,1.17,1532077200,500.68,593.66,ZRX/USD
1.16,1.19,1.15,1.19,1532080800,13110.31,15152.84,ZRX/USD
1.18,1.19,1.16,1.16,1532084400,7062.18,8378.47,ZRX/USD
1.17,1.18,1.15,1.18,1532088000,6549.63,7651.01,ZRX/USD
1.13,1.17,1.13,1.17,1532091600,18504.53,21324.78,ZRX/USD
1.13,1.17,1.11,1.13,1532095200,7133.84,8208.46,ZRX/USD
1.11,1.13,1.1,1.13,1532098800,128997.43,143710.52,ZRX/USD
1.15,1.17,1.11,1.11,1532102400,29316.68,33268.91,ZRX/USD
1.07,1.15,1.07,1.15,1532106000,49045.12,53512.54,ZRX/USD
1.08,1.1,1.06,1.07,1532109600,23183.02,24864.74,ZRX/USD
1.08,1.09,1.08,1.08,1532113200,6651.88,7233.41,ZRX/USD
1.08,1.09,1.07,1.08,1532116800,22935.58,24624.24,ZRX/USD
1.08,1.09,1.07,1.08,1532120400,1208.87,1309.53,ZRX/USD
1.06,1.08,1.04,1.08,1532124000,17194.48,18143.96,ZRX/USD
1.07,1.07,1.05,1.06,1532127600,6038.32,6413.18,ZRX/USD
1.03,1.07,1.03,1.07,1532131200,20445.65,21333.6,ZRX/USD
1.04,1.05,1.03,1.03,1532134800,17400.56,18125.88,ZRX/USD
1.05,1.05,1.04,1.04,1532138400,12610.63,13159.87,ZRX/USD
1.06,1.06,1.05,1.05,1532142000,1418.08,1496.8,ZRX/USD
1.05,1.06,1.04,1.06,1532145600,1397.92,1461.11,ZRX/USD
1.07,1.07,1.05,1.05,1532149200,1534.72,1623.77,ZRX/USD
1.1,1.1,1.07,1.07,1532152800,1472.73,1612.7,ZRX/USD
1.09,1.12,1.09,1.1,1532156400,4074.06,4472.68,ZRX/USD
1.1,1.1,1.09,1.09,1532160000,328.8,361.55,ZRX/USD
1.11,1.11,1.1,1.1,1532163600,5045.35,5581.41,ZRX/USD
1.1,1.11,1.1,1.11,1532167200,22324.16,24560.96,ZRX/USD
1.08,1.1,1.08,1.1,1532170800,5440.01,5899.75,ZRX/USD
1.1,1.1,1.08,1.08,1532174400,1350.0,1486.22,ZRX/USD
1.12,1.12,1.1,1.1,1532178000,6073.66,6744.96,ZRX/USD
1.13,1.14,1.11,1.12,1532181600,12906.41,14552.81,ZRX/USD
1.19,1.19,1.13,1.13,1532185200,56825.84,66680.59,ZRX/USD
1.2,1.24,1.18,1.19,1532188800,71179.35,86030.83,ZRX/USD
1.17,1.21,1.17,1.2,1532192400,12606.18,15114.11,ZRX/USD
1.17,1.2,1.17,1.17,1532196000,11058.53,13175.47,ZRX/USD
1.19,1.2,1.17,1.17,1532199600,9067.09,10739.71,ZRX/USD
1.17,1.2,1.16,1.19,1532203200,13480.92,15898.72,ZRX/USD
1.13,1.17,1.13,1.17,1532206800,5748.42,6536.58,ZRX/USD
1.15,1.15,1.13,1.13,1532210400,5028.0,5785.72,ZRX/USD
1.15,1.15,1.15,1.15,1532214000,0.0,0.0,ZRX/USD
1.15,1.15,1.13,1.15,1532217600,4033.22,4652.26,ZRX/USD
1.18,1.18,1.15,1.15,1532221200,540.86,637.27,ZRX/USD
1.18,1.18,1.18,1.18,1532224800,16.0,18.88,ZRX/USD
1.19,1.19,1.18,1.18,1532228400,3072.0,3631.52,ZRX/USD
1.17,1.19,1.17,1.19,1532232000,8048.59,9389.21,ZRX/USD
1.15,1.17,1.14,1.17,1532235600,5701.85,6552.75,ZRX/USD
1.15,1.15,1.14,1.15,1532239200,8827.44,10133.46,ZRX/USD
1.15,1.15,1.15,1.15,1532242800,598.15,687.23,ZRX/USD
1.18,1.19,1.15,1.15,1532246400,1637.29,1911.66,ZRX/USD
1.17,1.18,1.17,1.18,1532250000,671.28,787.61,ZRX/USD
1.2,1.2,1.17,1.17,1532253600,25002.68,29946.99,ZRX/USD
1.19,1.2,1.18,1.2,1532257200,31595.69,37188.0,ZRX/USD
1.18,1.19,1.18,1.19,1532260800,1997.0,2359.15,ZRX/USD
1.18,1.19,1.18,1.18,1532264400,1993.62,2356.13,ZRX/USD
1.2,1.2,1.18,1.18,1532268000,8901.08,10628.82,ZRX/USD
1.19,1.21,1.19,1.2,1532271600,33059.01,39846.71,ZRX/USD
1.19,1.2,1.17,1.19,1532275200,12854.94,15204.58,ZRX/USD
1.17,1.19,1.17,1.19,1532278800,3006.82,3548.1,ZRX/USD
1.19,1.19,1.17,1.17,1532282400,979.77,1159.0,ZRX/USD
1.18,1.19,1.18,1.19,1532286000,192.0,226.95,ZRX/USD
1.18,1.19,1.18,1.18,1532289600,15027.88,17723.72,ZRX/USD
1.15,1.19,1.14,1.18,1532293200,16143.66,18647.95,ZRX/USD
1.13,1.15,1.13,1.15,1532296800,7246.91,8321.02,ZRX/USD
1.12,1.13,1.12,1.13,1532300400,9196.55,10363.56,ZRX/USD
1.15,1.15,1.12,1.12,1532304000,3632.1,4173.68,ZRX/USD
1.16,1.16,1.15,1.15,1532307600,2102.46,2425.06,ZRX/USD
1.18,1.21,1.16,1.16,1532311200,14350.26,17194.26,ZRX/USD
1.18,1.19,1.18,1.18,1532314800,241.39,285.57,ZRX/USD
1.2,1.2,1.18,1.18,1532318400,3880.02,4654.7,ZRX/USD
1.17,1.2,1.16,1.2,1532322000,19397.34,22548.72,ZRX/USD
1.15,1.17,1.15,1.17,1532325600,8159.85,9459.03,ZRX/USD
1.16,1.18,1.15,1.15,1532329200,11280.74,13160.21,ZRX/USD
1.13,1.16,1.12,1.16,1532332800,15347.03,17545.22,ZRX/USD
1.16,1.16,1.13,1.13,1532336400,8280.01,9411.52,ZRX/USD
1.17,1.17,1.16,1.16,1532340000,1048.0,1221.74,ZRX/USD
1.14,1.17,1.14,1.17,1532343600,7566.16,8700.57,ZRX/USD
1.14,1.16,1.14,1.14,1532347200,4289.93,4922.65,ZRX/USD
1.17,1.2,1.14,1.14,1532350800,65403.8,76482.73,ZRX/USD
1.14,1.17,1.13,1.17,1532354400,29153.79,33294.74,ZRX/USD
1.15,1.15,1.14,1.14,1532358000,1668.99,1913.65,ZRX/USD
1.12,1.15,1.12,1.15,1532361600,5986.34,6743.32,ZRX/USD
1.12,1.12,1.12,1.12,1532365200,3499.42,3932.39,ZRX/USD
1.13,1.14,1.12,1.12,1532368800,5915.98,6647.09,ZRX/USD
1.11,1.13,1.11,1.13,1532372400,7823.86,8748.28,ZRX/USD
1.12,1.14,1.11,1.11,1532376000,2359.14,2655.21,ZRX/USD
1.12,1.12,1.12,1.12,1532379600,1048.62,1177.06,ZRX/USD
1.13,1.14,1.12,1.12,1532383200,936.22,1054.81,ZRX/USD
1.12,1.13,1.12,1.13,1532386800,4362.97,4889.06,ZRX/USD
1.11,1.14,1.1,1.12,1532390400,3197.29,3597.24,ZRX/USD
1.12,1.12,1.1,1.11,1532394000,2291.66,2528.52,ZRX/USD
1.12,1.12,1.12,1.12,1532397600,0.0,0.0,ZRX/USD
1.11,1.12,1.1,1.12,1532401200,3115.19,3455.01,ZRX/USD
1.06,1.11,1.06,1.11,1532404800,38334.37,41503.07,ZRX/USD
1.13,1.13,1.05,1.06,1532408400,49919.02,53374.85,ZRX/USD
1.15,1.16,1.1,1.13,1532412000,13355.61,15166.56,ZRX/USD
1.16,1.17,1.14,1.15,1532415600,11826.26,13684.7,ZRX/USD
1.13,1.17,1.13,1.16,1532419200,2100.57,2408.9,ZRX/USD
1.14,1.16,1.13,1.13,1532422800,25943.12,29694.41,ZRX/USD
1.11,1.15,1.1,1.14,1532426400,10233.58,11502.39,ZRX/USD
1.08,1.11,1.07,1.11,1532430000,36276.17,39384.01,ZRX/USD
1.1,1.1,1.08,1.08,1532433600,10400.2,11363.08,ZRX/USD
1.14,1.14,1.09,1.1,1532437200,25797.64,28827.54,ZRX/USD
1.12,1.16,1.1,1.14,1532440800,26123.7,29632.77,ZRX/USD
1.12,1.12,1.11,1.12,1532444400,3187.99,3554.3,ZRX/USD
1.11,1.12,1.11,1.12,1532448000,7469.67,8349.52,ZRX/USD
1.12,1.12,1.11,1.11,1532451600,6021.05,6732.89,ZRX/USD
1.11,1.12,1.1,1.12,1532455200,54601.63,60639.84,ZRX/USD
1.11,1.11,1.1,1.11,1532458800,5894.08,6546.59,ZRX/USD
1.13,1.13,1.11,1.11,1532462400,2059.72,2310.17,ZRX/USD
1.12,1.13,1.12,1.13,1532466000,790.7,887.38,ZRX/USD
1.12,1.12,1.11,1.12,1532469600,3122.98,3504.67,ZRX/USD
1.12,1.12,1.11,1.12,1532473200,16760.1,18668.46,ZRX/USD
1.13,1.13,1.12,1.12,1532476800,2046.67,2304.48,ZRX/USD
1.13,1.13,1.13,1.13,1532480400,0.0,0.0,ZRX/USD
1.13,1.13,1.13,1.13,1532484000,0.0,0.0,ZRX/USD
1.13,1.13,1.13,1.13,1532487600,0.0,0.0,ZRX/USD
1.13,1.13,1.13,1.13,1532491200,0.0,0.0,ZRX/USD
1.13,1.13,1.13,1.13,1532494800,0.0,0.0,ZRX/USD
1.13,1.13,1.13,1.13,1532498400,8.35,9.68,ZRX/USD
1.13,1.13,1.13,1.13,1532502000,0.0,0.0,ZRX/USD
1.13,1.13,1.13,1.13,1532505600,0.0,0.0,ZRX/USD
1.13,1.13,1.13,1.13,1532509200,0.0,0.0,ZRX/USD
1.13,1.13,1.13,1.13,1532512800,0.0,0.0,ZRX/USD
1.13,1.13,1.13,1.13,1532516400,40.0,43.04,ZRX/USD
1.13,1.13,1.13,1.13,1532520000,0.0,0.0,ZRX/USD
1.13,1.13,1.13,1.13,1532523600,5.8,5.87,ZRX/USD
1.13,1.13,1.13,1.13,1532527200,0.0,0.0,ZRX/USD
1.13,1.13,1.13,1.13,1532530800,0.0,0.0,ZRX/USD
1.13,1.13,1.13,1.13,1532534400,0.0,0.0,ZRX/USD
1.14,1.14,1.14,1.14,1532538000,476.29,541.84,ZRX/USD
1.13,1.13,1.13,1.13,1532541600,188.09,213.18,ZRX/USD
1.16,1.16,1.13,1.13,1532545200,6718.27,7745.18,ZRX/USD
1.18,1.19,1.15,1.16,1532548800,12512.72,14664.0,ZRX/USD
1.17,1.19,1.17,1.18,1532552400,21014.13,24793.57,ZRX/USD
1.17,1.19,1.17,1.17,1532556000,1138.84,1348.12,ZRX/USD
1.18,1.19,1.17,1.17,1532559600,20998.44,24913.98,ZRX/USD
1.18,1.18,1.18,1.18,1532563200,6334.02,7463.82,ZRX/USD
1.19,1.19,1.18,1.18,1532566800,6129.81,7297.05,ZRX/USD
1.16,1.19,1.16,1.19,1532570400,4566.81,5382.12,ZRX/USD
1.17,1.17,1.16,1.16,1532574000,3665.21,4286.46,ZRX/USD
1.18,1.18,1.16,1.17,1532577600,4287.28,5018.34,ZRX/USD
1.16,1.18,1.16,1.18,1532581200,10696.71,12531.04,ZRX/USD
1.2,1.2,1.16,1.16,1532584800,25609.7,30122.11,ZRX/USD
1.17,1.2,1.16,1.2,1532588400,5268.8,6220.36,ZRX/USD
1.16,1.17,1.16,1.17,1532592000,4020.67,4667.11,ZRX/USD
1.14,1.16,1.14,1.16,1532595600,19333.69,22089.33,ZRX/USD
1.16,1.16,1.14,1.14,1532599200,10350.6,11917.43,ZRX/USD
1.15,1.16,1.15,1.16,1532602800,461.16,532.63,ZRX/USD
1.15,1.15,1.14,1.15,1532606400,5114.85,5868.57,ZRX/USD
1.14,1.15,1.14,1.15,1532610000,3690.37,4211.55,ZRX/USD
1.14,1.15,1.14,1.14,1532613600,1570.7,1792.96,ZRX/USD
1.14,1.14,1.14,1.14,1532617200,3855.28,4392.67,ZRX/USD
1.14,1.14,1.14,1.14,1532620800,7713.73,8797.29,ZRX/USD
1.14,1.14,1.14,1.14,1532624400,3617.51,4122.84,ZRX/USD
1.13,1.14,1.12,1.14,1532628000,5847.11,6592.79,ZRX/USD
1.14,1.14,1.13,1.13,1532631600,1151.98,1306.5,ZRX/USD
1.12,1.15,1.12,1.14,1532635200,11074.15,12488.82,ZRX/USD
1.08,1.12,1.06,1.12,1532638800,78237.72,85047.24,ZRX/USD
1.07,1.1,1.06,1.08,1532642400,35246.73,38096.34,ZRX/USD
1.08,1.09,1.06,1.07,1532646000,7772.92,8346.3,ZRX/USD
1.08,1.09,1.07,1.08,1532649600,21938.85,23712.42,ZRX/USD
1.07,1.09,1.07,1.08,1532653200,3074.67,3521.33,ZRX/USD
1.08,1.08,1.07,1.07,1532656800,1489.81,1614.16,ZRX/USD
1.1,1.1,1.08,1.08,1532660400,1390.85,1506.65,ZRX/USD
1.1,1.1,1.1,1.1,1532664000,9060.6,9966.27,ZRX/USD
1.09,1.1,1.09,1.1,1532667600,2282.0,2505.11,ZRX/USD
1.08,1.09,1.08,1.09,1532671200,5572.64,6057.13,ZRX/USD
1.07,1.08,1.06,1.08,1532674800,2971.02,3164.95,ZRX/USD
1.09,1.09,1.07,1.07,1532678400,3111.63,3376.43,ZRX/USD
1.09,1.09,1.09,1.09,1532682000,1700.0,1852.34,ZRX/USD
1.09,1.09,1.08,1.09,1532685600,3084.17,3330.09,ZRX/USD
1.09,1.09,1.09,1.09,1532689200,5295.86,5751.77,ZRX/USD
1.06,1.09,1.06,1.09,1532692800,9570.3,10219.81,ZRX/USD
1.07,1.07,1.04,1.06,1532696400,13530.49,14201.37,ZRX/USD
1.06,1.07,1.06,1.07,1532700000,1514.61,1612.02,ZRX/USD
1.11,1.12,1.06,1.06,1532703600,18494.15,20464.3,ZRX/USD
1.15,1.17,1.11,1.11,1532707200,30663.39,35073.24,ZRX/USD
1.15,1.16,1.15,1.15,1532710800,9062.11,10445.05,ZRX/USD
1.15,1.16,1.15,1.15,1532714400,18232.84,21115.81,ZRX/USD
1.15,1.17,1.15,1.15,1532718000,38793.02,45002.54,ZRX/USD
1.16,1.16,1.15,1.15,1532721600,6327.6,7330.65,ZRX/USD
1.17,1.17,1.15,1.16,1532725200,8005.46,9280.44,ZRX/USD
1.18,1.18,1.17,1.17,1532728800,3241.82,3818.6,ZRX/USD
1.15,1.18,1.14,1.18,1532732400,12521.16,14298.5,ZRX/USD
1.15,1.15,1.14,1.14,1532736000,3195.84,3672.23,ZRX/USD
1.15,1.15,1.15,1.15,1532739600,0.0,0.0,ZRX/USD
1.15,1.15,1.14,1.15,1532743200,428.0,491.03,ZRX/USD
1.14,1.15,1.13,1.15,1532746800,171.84,195.57,ZRX/USD
1.16,1.17,1.14,1.14,1532750400,15274.91,17734.74,ZRX/USD
1.15,1.16,1.15,1.16,1532754000,1698.08,1958.25,ZRX/USD
1.16,1.16,1.14,1.15,1532757600,1058.9,1211.15,ZRX/USD
1.17,1.17,1.16,1.16,1532761200,6336.61,7397.68,ZRX/USD
1.16,1.17,1.16,1.17,1532764800,755.55,881.34,ZRX/USD
1.22,1.22,1.16,1.16,1532768400,58377.6,69334.39,ZRX/USD
1.21,1.22,1.18,1.22,1532772000,54061.11,65265.07,ZRX/USD
1.2,1.22,1.2,1.21,1532775600,34949.16,42394.37,ZRX/USD
1.2,1.2,1.2,1.2,1532779200,2508.3,3018.62,ZRX/USD
1.19,1.2,1.18,1.2,1532782800,13366.82,15940.59,ZRX/USD
1.22,1.25,1.19,1.19,1532786400,91764.71,112707.41,ZRX/USD
1.21,1.24,1.21,1.22,1532790000,42149.53,51832.7,ZRX/USD
1.23,1.23,1.21,1.21,1532793600,17583.71,21533.49,ZRX/USD
1.22,1.23,1.2,1.23,1532797200,12325.2,15034.74,ZRX/USD
1.23,1.23,1.22,1.22,1532800800,2443.56,2994.05,ZRX/USD
1.24,1.24,1.23,1.23,1532804400,5777.67,7133.21,ZRX/USD
1.24,1.26,1.23,1.24,1532808000,26941.42,33478.09,ZRX/USD
1.22,1.25,1.21,1.24,1532811600,12772.53,15533.11,ZRX/USD
1.24,1.24,1.22,1.22,1532815200,1809.04,2223.04,ZRX/USD
1.24,1.24,1.24,1.24,1532818800,66.0,81.77,ZRX/USD
1.23,1.24,1.23,1.24,1532822400,1483.06,1844.63,ZRX/USD
1.22,1.23,1.22,1.23,1532826000,1014.36,1239.09,ZRX/USD
1.21,1.22,1.19,1.22,1532829600,5113.44,6133.28,ZRX/USD
1.22,1.22,1.21,1.21,1532833200,1546.64,1882.93,ZRX/USD
1.22,1.22,1.21,1.22,1532836800,1098.1,1332.35,ZRX/USD
1.22,1.22,1.22,1.22,1532840400,0.0,0.0,ZRX/USD
1.22,1.23,1.22,1.22,1532844000,604.0,740.39,ZRX/USD
1.21,1.22,1.21,1.22,1532847600,2000.0,2416.17,ZRX/USD
1.21,1.21,1.2,1.21,1532851200,8344.31,10014.03,ZRX/USD
1.21,1.21,1.21,1.21,1532854800,40.63,48.99,ZRX/USD
1.21,1.22,1.21,1.21,1532858400,778.01,939.44,ZRX/USD
1.19,1.21,1.19,1.21,1532862000,23236.08,27840.32,ZRX/USD
1.19,1.19,1.19,1.19,1532865600,591.12,702.87,ZRX/USD
1.2,1.2,1.19,1.19,1532869200,4105.52,4923.71,ZRX/USD
1.19,1.2,1.19,1.2,1532872800,19192.86,22850.99,ZRX/USD
1.2,1.21,1.18,1.19,1532876400,19433.62,23199.02,ZRX/USD
1.19,1.2,1.19,1.2,1532880000,29.25,34.89,ZRX/USD
1.18,1.19,1.18,1.19,1532883600,588.25,699.7,ZRX/USD
1.19,1.19,1.18,1.18,1532887200,283.9,337.71,ZRX/USD
1.19,1.19,1.19,1.19,1532890800,575.47,684.35,ZRX/USD
1.19,1.19,1.19,1.19,1532894400,353.25,419.45,ZRX/USD
1.19,1.19,1.19,1.19,1532898000,363.04,432.4,ZRX/USD
1.2,1.2,1.19,1.19,1532901600,9163.95,10868.19,ZRX/USD
1.22,1.22,1.19,1.2,1532905200,3941.19,4758.69,ZRX/USD
1.17,1.22,1.17,1.22,1532908800,28477.74,33597.43,ZRX/USD
1.17,1.18,1.17,1.17,1532912400,5044.15,5903.35,ZRX/USD
1.17,1.17,1.17,1.17,1532916000,3228.14,3772.15,ZRX/USD
1.16,1.17,1.14,1.17,1532919600,21601.06,24906.41,ZRX/USD
1.15,1.16,1.15,1.16,1532923200,1296.6,1491.94,ZRX/USD
1.16,1.16,1.15,1.15,1532926800,4480.09,5191.16,ZRX/USD
1.16,1.16,1.16,1.16,1532930400,0.0,0.0,ZRX/USD
1.15,1.16,1.14,1.16,1532934000,14978.0,17202.98,ZRX/USD
1.14,1.15,1.14,1.15,1532937600,7189.87,8237.69,ZRX/USD
1.13,1.14,1.12,1.14,1532941200,30075.9,33953.24,ZRX/USD
1.13,1.13,1.13,1.13,1532944800,6075.55,6877.39,ZRX/USD
1.12,1.13,1.12,1.13,1532948400,3885.24,4360.96,ZRX/USD
1.13,1.14,1.12,1.12,1532952000,15087.88,17028.92,ZRX/USD
1.14,1.14,1.13,1.13,1532955600,23063.1,26167.06,ZRX/USD
1.14,1.14,1.12,1.14,1532959200,5258.36,5947.61,ZRX/USD
1.13,1.15,1.12,1.14,1532962800,19012.92,21491.63,ZRX/USD
1.12,1.13,1.11,1.13,1532966400,25977.79,28962.42,ZRX/USD
1.08,1.12,1.08,1.12,1532970000,46420.94,51036.37,ZRX/USD
1.1,1.1,1.07,1.08,1532973600,30027.85,32562.42,ZRX/USD
1.14,1.14,1.1,1.1,1532977200,24022.22,26772.28,ZRX/USD
1.15,1.15,1.14,1.14,1532980800,6170.4,7084.11,ZRX/USD
1.14,1.15,1.14,1.15,1532984400,2444.0,2790.92,ZRX/USD
1.16,1.17,1.14,1.14,1532988000,13632.88,15743.63,ZRX/USD
1.15,1.16,1.15,1.16,1532991600,100.0,115.02,ZRX/USD
1.15,1.15,1.14,1.15,1532995200,3047.05,3489.48,ZRX/USD
1.12,1.16,1.12,1.15,1532998800,8937.11,10092.51,ZRX/USD
1.13,1.14,1.12,1.12,1533002400,13689.62,15395.17,ZRX/USD
1.13,1.13,1.13,1.13,1533006000,0.0,0.0,ZRX/USD
1.14,1.14,1.13,1.13,1533009600,111.0,126.07,ZRX/USD
1.14,1.14,1.14,1.14,1533013200,671.0,762.26,ZRX/USD
1.14,1.14,1.13,1.14,1533016800,60.0,68.12,ZRX/USD
1.12,1.14,1.11,1.14,1533020400,4207.51,4710.45,ZRX/USD
1.09,1.12,1.09,1.12,1533024000,25351.07,27884.41,ZRX/USD
1.09,1.1,1.08,1.09,1533027600,7492.85,8126.59,ZRX/USD
1.05,1.09,1.05,1.09,1533031200,36626.98,38988.03,ZRX/USD
1.08,1.09,1.05,1.05,1533034800,27502.52,29376.69,ZRX/USD
1.05,1.08,1.04,1.08,1533038400,44040.25,46386.42,ZRX/USD
1.04,1.08,1.03,1.05,1533042000,29833.86,31251.6,ZRX/USD
1.04,1.05,1.03,1.04,1533045600,28209.79,29351.28,ZRX/USD
1.07,1.07,1.04,1.04,1533049200,11788.16,12415.69,ZRX/USD
1.08,1.09,1.06,1.07,1533052800,4613.58,4951.04,ZRX/USD
1.08,1.1,1.08,1.08,1533056400,8774.14,9559.12,ZRX/USD
1.07,1.08,1.05,1.08,1533060000,3518.67,3742.97,ZRX/USD
1.07,1.07,1.07,1.07,1533063600,1707.44,1825.31,ZRX/USD
1.05,1.07,1.05,1.07,1533067200,36251.35,38141.32,ZRX/USD
1.05,1.06,1.05,1.05,1533070800,157.33,166.09,ZRX/USD
1.05,1.06,1.04,1.05,1533074400,4707.77,4911.82,ZRX/USD
1.11,1.11,1.03,1.05,1533078000,30310.52,31823.81,ZRX/USD
1.07,1.12,1.07,1.11,1533081600,9708.83,10654.97,ZRX/USD
1.03,1.07,1.03,1.07,1533085200,19747.5,20561.77,ZRX/USD
1.04,1.04,1.02,1.03,1533088800,6500.61,6690.69,ZRX/USD
1.03,1.04,1.03,1.04,1533092400,784.88,809.57,ZRX/USD
1.04,1.04,1.02,1.03,1533096000,4343.26,4456.57,ZRX/USD
1.03,1.05,1.03,1.04,1533099600,5440.42,5652.21,ZRX/USD
1.05,1.05,1.03,1.03,1533103200,2610.94,2718.69,ZRX/USD
1.05,1.05,1.05,1.05,1533106800,0.0,0.0,ZRX/USD
1.07,1.07,1.05,1.05,1533110400,5486.22,5811.82,ZRX/USD
1.06,1.08,1.06,1.07,1533114000,15997.91,17125.41,ZRX/USD
1.05,1.06,1.05,1.06,1533117600,864.13,911.94,ZRX/USD
1.05,1.05,1.04,1.05,1533121200,2568.43,2684.16,ZRX/USD
1.04,1.05,1.04,1.05,1533124800,317.11,332.48,ZRX/USD
1.07,1.07,1.04,1.04,1533128400,23904.43,25352.86,ZRX/USD
1.06,1.07,1.06,1.07,1533132000,24451.22,25996.66,ZRX/USD
1.07,1.08,1.06,1.06,1533135600,43124.86,46373.05,ZRX/USD
1.06,1.08,1.05,1.07,1533139200,40310.0,43161.9,ZRX/USD
1.06,1.06,1.06,1.06,1533142800,0.0,0.0,ZRX/USD
1.06,1.06,1.05,1.06,1533146400,3439.35,3622.57,ZRX/USD
1.04,1.06,1.04,1.06,1533150000,1870.31,1980.21,ZRX/USD
1.02,1.04,1.02,1.04,1533153600,5435.84,5593.32,ZRX/USD
1.02,1.03,1.02,1.02,1533157200,6116.3,6218.99,ZRX/USD
1.05,1.05,1.01,1.02,1533160800,11297.84,11560.92,ZRX/USD
1.05,1.05,1.05,1.05,1533164400,1876.56,1970.88,ZRX/USD
1.06,1.07,1.05,1.05,1533168000,2208.56,2347.15,ZRX/USD
1.06,1.07,1.06,1.06,1533171600,2188.46,2329.06,ZRX/USD
1.07,1.07,1.06,1.06,1533175200,2473.97,2635.83,ZRX/USD
1.06,1.07,1.06,1.07,1533178800,223.97,237.1,ZRX/USD
1.06,1.06,1.06,1.06,1533182400,0.0,0.0,ZRX/USD
1.05,1.06,1.05,1.06,1533186000,172.67,182.43,ZRX/USD
1.06,1.06,1.05,1.05,1533189600,314.15,331.22,ZRX/USD
1.06,1.06,1.05,1.06,1533193200,798.56,844.76,ZRX/USD
1.05,1.06,1.05,1.06,1533196800,44.97,47.28,ZRX/USD
1.04,1.05,1.04,1.05,1533200400,3329.91,3471.95,ZRX/USD
1.01,1.04,1.01,1.04,1533204000,9322.12,9514.09,ZRX/USD
1.01,1.01,1.01,1.01,1533207600,5760.21,5826.87,ZRX/USD
0.9898,1.01,0.9842,1.01,1533211200,19718.74,19641.87,ZRX/USD
0.9683,0.9951,0.9554,0.9898,1533214800,16393.77,15901.28,ZRX/USD
0.9699,0.9699,0.9683,0.9683,1533218400,10364.03,10103.26,ZRX/USD
0.9746,0.9787,0.9709,0.9787,1533222000,8850.82,8610.69,ZRX/USD
1.01,1.02,0.9629,0.9746,1533225600,29106.17,29258.11,ZRX/USD
0.9701,1.01,0.9701,1.01,1533229200,25859.2,25706.76,ZRX/USD
0.9688,0.9724,0.9601,0.9701,1533232800,15431.84,14901.89,ZRX/USD
0.975,0.9783,0.9688,0.9688,1533236400,14151.92,13836.09,ZRX/USD
0.9802,0.9803,0.97,0.975,1533240000,6510.53,6350.07,ZRX/USD
0.9668,0.9802,0.963,0.9802,1533243600,91.61,88.81,ZRX/USD
0.9609,0.9668,0.95,0.9668,1533247200,1389.49,1331.42,ZRX/USD
0.9439,0.9609,0.9438,0.9609,1533250800,9618.7,9134.54,ZRX/USD
0.9062,0.944,0.9037,0.944,1533254400,26796.97,24605.12,ZRX/USD
0.9,0.9086,0.8919,0.9062,1533258000,21064.56,18882.41,ZRX/USD
0.8934,0.9,0.884,0.9,1533261600,14249.21,12675.75,ZRX/USD
0.8936,0.8936,0.8869,0.8934,1533265200,4855.4,4335.63,ZRX/USD
0.8852,0.8938,0.8788,0.8936,1533268800,25895.7,22908.09,ZRX/USD
0.9182,0.9182,0.8852,0.8852,1533272400,16130.33,14606.02,ZRX/USD
0.9109,0.92,0.8919,0.9182,1533276000,33000.71,30128.21,ZRX/USD
0.9365,0.965,0.9085,0.9109,1533279600,22529.28,20885.12,ZRX/USD
0.9385,0.9385,0.9292,0.9365,1533283200,778.7,730.57,ZRX/USD
0.9324,0.9407,0.9304,0.9385,1533286800,5113.42,4764.97,ZRX/USD
0.95,0.95,0.9324,0.9324,1533290400,919.26,869.7,ZRX/USD
0.94,0.95,0.9341,0.95,1533294000,1208.48,1132.49,ZRX/USD
0.94,0.9563,0.9351,0.94,1533297600,232.49,218.46,ZRX/USD
0.939,0.94,0.9375,0.94,1533301200,8632.81,8105.85,ZRX/USD
0.985,0.985,0.939,0.939,1533304800,25285.05,24274.09,ZRX/USD
1.01,1.01,0.9829,0.985,1533308400,15425.15,15529.32,ZRX/USD
0.9986,1.01,0.9817,1.01,1533312000,5119.92,5060.16,ZRX/USD
0.9962,1.01,0.9956,0.9986,1533315600,4679.85,4703.19,ZRX/USD
1.01,1.02,0.9962,0.9962,1533319200,1489.67,1506.98,ZRX/USD
1.01,1.01,1.01,1.01,1533322800,0.0,0.0,ZRX/USD
1.01,1.01,1.01,1.01,1533326400,0.0,0.0,ZRX/USD
1.01,1.01,1.01,1.01,1533330000,0.0,0.0,ZRX/USD
1.01,1.01,1.01,1.01,1533333600,0.0,0.0,ZRX/USD
0.966,0.966,0.966,0.966,1533337200,12726.62,12037.9,ZRX/USD
0.9601,0.9601,0.9469,0.9601,1533340800,1020.0,975.38,ZRX/USD
0.97,0.97,0.954,0.9601,1533344400,15640.28,15165.63,ZRX/USD
0.978,0.978,0.97,0.97,1533348000,190.61,186.21,ZRX/USD
0.9804,0.9948,0.978,0.978,1533351600,1746.3,1734.49,ZRX/USD
0.9842,0.9868,0.9804,0.9804,1533355200,599.71,589.06,ZRX/USD
0.993,0.9947,0.9842,0.9842,1533358800,2516.88,2498.58,ZRX/USD
0.9811,0.993,0.9811,0.993,1533362400,1652.77,1636.19,ZRX/USD
0.9862,0.9862,0.981,0.9811,1533366000,255.78,251.33,ZRX/USD
0.9816,0.9862,0.9816,0.9862,1533369600,77.94,76.51,ZRX/USD
0.9817,0.9817,0.9816,0.9816,1533373200,67.23,66.74,ZRX/USD
0.984,0.9915,0.9822,0.9822,1533376800,3656.33,3620.98,ZRX/USD
0.976,0.984,0.969,0.984,1533380400,5623.18,5461.64,ZRX/USD
0.9445,0.9765,0.9384,0.976,1533384000,9147.77,8651.3,ZRX/USD
0.9587,0.9587,0.9445,0.9445,1533387600,9522.21,9037.16,ZRX/USD
0.9507,0.9587,0.9,0.9587,1533391200,18468.72,17004.42,ZRX/USD
0.92,0.9507,0.91,0.9507,1533394800,10862.05,9915.81,ZRX/USD
0.92,0.928,0.9147,0.92,1533398400,12473.35,11507.17,ZRX/USD
0.9134,0.9255,0.9009,0.92,1533402000,7892.24,7200.0,ZRX/USD
0.9474,0.9478,0.9134,0.9134,1533405600,20906.74,19514.87,ZRX/USD
0.9405,0.9506,0.9393,0.9474,1533409200,1935.44,1824.14,ZRX/USD
0.9467,0.9533,0.9405,0.9405,1533412800,220.83,208.91,ZRX/USD
0.9323,0.9467,0.9323,0.9467,1533416400,2997.0,2794.93,ZRX/USD
0.9348,0.9348,0.9323,0.9323,1533420000,505.61,472.6,ZRX/USD
0.9324,0.9348,0.9324,0.9348,1533423600,1038.79,968.7,ZRX/USD
0.925,0.944,0.925,0.9324,1533427200,2198.11,2054.21,ZRX/USD
0.9205,0.925,0.9098,0.925,1533430800,7195.99,6559.13,ZRX/USD
0.9205,0.9205,0.9205,0.9205,1533434400,0.0,0.0,ZRX/USD
0.93,0.93,0.9205,0.9205,1533438000,11697.09,10877.6,ZRX/USD
0.9305,0.9305,0.93,0.93,1533441600,212.12,197.37,ZRX/USD
0.93,0.9305,0.93,0.9305,1533445200,171.16,159.18,ZRX/USD
0.925,0.93,0.925,0.93,1533448800,6334.0,5860.74,ZRX/USD
0.9274,0.9274,0.925,0.925,1533452400,1600.0,1483.79,ZRX/USD
0.9378,0.9414,0.9267,0.9274,1533456000,2977.95,2771.79,ZRX/USD
0.9499,0.9499,0.9375,0.9378,1533459600,12279.89,11565.63,ZRX/USD
0.939,0.9499,0.939,0.9499,1533463200,2292.11,2167.74,ZRX/USD
0.939,0.939,0.9348,0.939,1533466800,334.56,312.89,ZRX/USD
0.9482,0.9566,0.939,0.939,1533470400,5010.76,4760.86,ZRX/USD
0.9509,0.9591,0.945,0.9482,1533474000,907.71,866.43,ZRX/USD
0.9427,0.9509,0.94,0.9509,1533477600,1588.96,1494.09,ZRX/USD
0.9497,0.9497,0.9427,0.9427,1533481200,400.0,379.9,ZRX/USD
0.9497,0.9497,0.9497,0.9497,1533484800,20.0,18.2,ZRX/USD
0.95,0.9629,0.9497,0.9497,1533488400,5591.13,5316.74,ZRX/USD
0.9595,0.9595,0.95,0.95,1533492000,364.55,349.06,ZRX/USD
0.959,0.9595,0.959,0.9595,1533495600,215.19,206.41,ZRX/USD
0.9721,0.9721,0.959,0.959,1533499200,487.38,470.66,ZRX/USD
0.9721,0.9721,0.9721,0.9721,1533502800,0.0,0.0,ZRX/USD
0.9635,0.9721,0.9588,0.9721,1533506400,187.1,179.75,ZRX/USD
0.9588,0.9635,0.9588,0.9635,1533510000,38.21,36.64,ZRX/USD
0.9686,0.9686,0.9588,0.9588,1533513600,2123.54,2050.44,ZRX/USD
1.01,1.01,0.9686,0.9686,1533517200,8148.94,8188.93,ZRX/USD
0.9807,1.03,0.9759,1.01,1533520800,16672.75,16881.01,ZRX/USD
0.9994,0.9994,0.98,0.9807,1533524400,9294.14,9172.73,ZRX/USD
1.0,1.02,0.9994,0.9994,1533528000,8867.43,8947.2,ZRX/USD
0.997,1.0,0.9938,1.0,1533531600,3325.99,3306.09,ZRX/USD
1.01,1.02,0.9956,0.997,1533535200,10195.59,10299.26,ZRX/USD
0.9887,1.01,0.9847,1.01,1533538800,3214.23,3182.24,ZRX/USD
0.9619,0.9887,0.9566,0.9887,1533542400,55536.99,53470.31,ZRX/USD
0.95,0.9683,0.9495,0.9619,1533546000,26995.4,25811.36,ZRX/USD
0.9464,0.9584,0.9464,0.95,1533549600,4515.65,4321.27,ZRX/USD
0.9611,0.9613,0.9464,0.9464,1533553200,478.11,458.36,ZRX/USD
0.9613,0.9613,0.9555,0.9611,1533556800,898.53,862.64,ZRX/USD
0.952,0.9613,0.951,0.9613,1533560400,6461.02,6197.92,ZRX/USD
0.9475,0.952,0.9475,0.952,1533564000,1351.66,1284.18,ZRX/USD
0.9588,0.9588,0.9475,0.9475,1533567600,339.51,322.83,ZRX/USD
0.9501,0.96,0.9501,0.9588,1533571200,8550.75,8155.15,ZRX/USD
0.9477,0.9501,0.9456,0.9501,1533574800,1919.2,1818.47,ZRX/USD
0.9549,0.9549,0.9477,0.9477,1533578400,319.09,304.7,ZRX/USD
0.9549,0.9549,0.9549,0.9549,1533582000,0.0,0.0,ZRX/USD
0.9566,0.9613,0.9549,0.9549,1533585600,2072.2,1982.52,ZRX/USD
0.9454,0.9566,0.93,0.9566,1533589200,16939.88,15865.97,ZRX/USD
0.9326,0.9454,0.9326,0.9454,1533592800,6581.75,6152.63,ZRX/USD
0.9397,0.945,0.9326,0.9326,1533596400,6561.69,6144.2,ZRX/USD
0.945,0.9539,0.9397,0.9397,1533600000,1208.57,1143.02,ZRX/USD
0.9475,0.9475,0.945,0.945,1533603600,2047.24,1939.68,ZRX/USD
0.9359,0.9597,0.9359,0.9475,1533607200,1788.42,1685.78,ZRX/USD
0.9359,0.9359,0.9359,0.9359,1533610800,0.0,0.0,ZRX/USD
0.9444,0.9444,0.9359,0.9359,1533614400,685.4,646.3,ZRX/USD
0.9457,0.9457,0.9444,0.9444,1533618000,199.6,188.76,ZRX/USD
0.95,0.9522,0.9457,0.9457,1533621600,497.2,472.51,ZRX/USD
0.9699,0.9746,0.95,0.95,1533625200,4435.97,4301.33,ZRX/USD
0.981,0.991,0.9699,0.9699,1533628800,8783.82,8615.73,ZRX/USD
0.9827,0.9827,0.977,0.981,1533632400,562.94,550.18,ZRX/USD
0.992,0.997,0.9827,0.9827,1533636000,4556.55,4519.2,ZRX/USD
1.01,1.01,0.992,0.992,1533639600,3873.27,3879.36,ZRX/USD
0.9999,1.01,0.9999,1.01,1533643200,4926.82,4941.42,ZRX/USD
0.9972,1.01,0.9972,0.9999,1533646800,20127.77,20159.41,ZRX/USD
0.992,1.0,0.992,0.9972,1533650400,3676.04,3656.5,ZRX/USD
0.992,0.992,0.992,0.992,1533654000,0.0,0.0,ZRX/USD
0.992,0.992,0.992,0.992,1533657600,0.43,0.4085,ZRX/USD
0.992,0.992,0.992,0.992,1533661200,64.6,64.85,ZRX/USD
0.9927,0.9932,0.9927,0.9927,1533664800,2.16,2.2,ZRX/USD
0.9927,0.9927,0.9927,0.9927,1533668400,0.0,0.0,ZRX/USD
0.989,0.9927,0.989,0.9927,1533672000,2.56,2.43,ZRX/USD
0.989,0.989,0.989,0.989,1533675600,0.0,0.0,ZRX/USD
0.9879,0.9892,0.9858,0.989,1533679200,7747.34,7274.74,ZRX/USD
0.905,0.933,0.9046,0.933,1533682800,2483.23,2251.0,ZRX/USD
0.8785,0.905,0.8713,0.905,1533686400,16625.28,14617.26,ZRX/USD
0.884,0.901,0.8785,0.8785,1533690000,23552.97,20908.11,ZRX/USD
0.8732,0.884,0.8732,0.884,1533693600,1271.18,1113.03,ZRX/USD
0.86,0.8753,0.8593,0.8732,1533697200,1876.25,1625.32,ZRX/USD
0.85,0.8665,0.8404,0.86,1533700800,6538.37,5544.31,ZRX/USD
0.8736,0.8736,0.8449,0.85,1533704400,10147.28,8757.69,ZRX/USD
0.8682,0.8782,0.86,0.8736,1533708000,4379.72,3793.58,ZRX/USD
0.8671,0.879,0.8671,0.8682,1533711600,3651.67,3185.7,ZRX/USD
0.8638,0.8671,0.8564,0.8671,1533715200,5212.0,4464.46,ZRX/USD
0.856,0.8804,0.8558,0.8638,1533718800,5662.52,4882.42,ZRX/USD
0.8659,0.8704,0.8553,0.856,1533722400,3488.29,2995.96,ZRX/USD
0.8643,0.867,0.861,0.8659,1533726000,2015.6,1746.1,ZRX/USD
0.8646,0.8646,0.861,0.8643,1533729600,4515.75,3900.62,ZRX/USD
0.85,0.866,0.85,0.8646,1533733200,29705.69,25459.53,ZRX/USD
0.8481,0.8554,0.8429,0.85,1533736800,19967.35,16950.21,ZRX/USD
0.8552,0.8629,0.8481,0.8481,1533740400,1399.88,1197.97,ZRX/USD
0.818,0.8552,0.7879,0.8552,1533744000,73792.47,60137.68,ZRX/USD
0.8146,0.8349,0.7967,0.818,1533747600,23398.97,18921.38,ZRX/USD
0.8156,0.82,0.79,0.8146,1533751200,24057.15,19533.53,ZRX/USD
0.8525,0.8584,0.8156,0.8156,1533754800,21469.72,17969.27,ZRX/USD
0.86,0.86,0.8477,0.8525,1533758400,2891.8,2463.4,ZRX/USD
0.8262,0.86,0.8184,0.86,1533762000,8474.01,7023.89,ZRX/USD
0.8426,0.8426,0.8262,0.8262,1533765600,100.0,84.26,ZRX/USD
0.8473,0.8473,0.83,0.8426,1533769200,3870.56,3237.14,ZRX/USD
0.8426,0.8498,0.8403,0.8473,1533772800,610.11,514.61,ZRX/USD
0.8478,0.85,0.8426,0.8426,1533776400,804.57,683.0,ZRX/USD
0.8478,0.8478,0.8478,0.8478,1533780000,0.0,0.0,ZRX/USD
0.8387,0.8723,0.8387,0.8478,1533783600,1785.02,1509.26,ZRX/USD
0.8749,0.8749,0.8387,0.8387,1533787200,3241.72,2756.96,ZRX/USD
0.8774,0.8774,0.8651,0.8749,1533790800,2397.57,2089.49,ZRX/USD
0.882,0.882,0.8728,0.8774,1533794400,6066.05,5304.18,ZRX/USD
0.863,0.882,0.8495,0.882,1533798000,2605.86,2246.74,ZRX/USD
0.8579,0.8633,0.8523,0.863,1533801600,14136.8,12054.0,ZRX/USD
0.8633,0.8689,0.8579,0.8579,1533805200,900.18,779.95,ZRX/USD
0.864,0.8728,0.8633,0.8633,1533808800,1772.78,1538.43,ZRX/USD
0.8676,0.8676,0.8605,0.864,1533812400,12447.35,10724.2,ZRX/USD
0.85,0.8676,0.85,0.8676,1533816000,12016.27,10292.29,ZRX/USD
0.8757,0.88,0.8408,0.85,1533819600,14502.18,12491.64,ZRX/USD
0.9185,0.9185,0.85,0.8757,1533823200,9884.32,8932.56,ZRX/USD
0.897,0.92,0.8931,0.9185,1533826800,12766.44,11586.81,ZRX/USD
0.9116,0.9117,0.897,0.897,1533830400,3655.24,3307.98,ZRX/USD
0.9022,0.9116,0.9022,0.9116,1533834000,2760.95,2492.03,ZRX/USD
0.9016,0.9122,0.9016,0.9022,1533837600,272.82,247.76,ZRX/USD
0.9052,0.9134,0.9016,0.9016,1533841200,5557.83,5075.13,ZRX/USD
0.9052,0.9052,0.9052,0.9052,1533844800,0.0,0.0,ZRX/USD
0.9052,0.9052,0.9052,0.9052,1533848400,0.0,0.0,ZRX/USD
0.9052,0.9052,0.9052,0.9052,1533852000,0.0,0.0,ZRX/USD
0.9052,0.9052,0.9052,0.9052,1533855600,0.0,0.0,ZRX/USD
0.94,0.94,0.94,0.94,1533859200,6971.32,6556.74,ZRX/USD
0.9184,0.9448,0.9179,0.9448,1533862800,874.6,816.12,ZRX/USD
0.9097,0.9184,0.9097,0.9184,1533866400,3433.48,3123.56,ZRX/USD
0.9097,0.9097,0.9097,0.9097,1533870000,0.0,0.0,ZRX/USD
0.8935,0.9115,0.8887,0.9097,1533873600,10079.52,8979.04,ZRX/USD
0.894,0.894,0.8935,0.8935,1533877200,259.0,231.55,ZRX/USD
0.894,0.894,0.894,0.894,1533880800,0.0,0.0,ZRX/USD
0.9085,0.9174,0.894,0.894,1533884400,4182.11,3809.12,ZRX/USD
0.9149,0.9149,0.9149,0.9149,1533888000,2595.93,2347.4,ZRX/USD
0.8626,0.8984,0.8626,0.8984,1533891600,5417.48,4727.9,ZRX/USD
0.86,0.864,0.85,0.8626,1533895200,3412.49,2920.34,ZRX/USD
0.8521,0.86,0.8521,0.86,1533898800,300.0,255.63,ZRX/USD
0.8521,0.8521,0.8521,0.8521,1533902400,0.0,0.0,ZRX/USD
0.8521,0.8521,0.8521,0.8521,1533906000,0.0,0.0,ZRX/USD
0.8521,0.8521,0.8521,0.8521,1533909600,3586.9,3245.64,ZRX/USD
0.9037,0.9091,0.8521,0.8521,1533913200,9.64,9.17,ZRX/USD
0.8734,0.9037,0.8734,0.9037,1533916800,6214.03,5494.82,ZRX/USD
0.8858,0.8858,0.8638,0.8734,1533920400,17322.58,15152.15,ZRX/USD
0.8871,0.8871,0.8686,0.8858,1533924000,3294.59,2884.57,ZRX/USD
0.8871,0.8871,0.8871,0.8871,1533927600,0.0,0.0,ZRX/USD
0.8502,0.8871,0.8427,0.8871,1533931200,8485.61,7334.3,ZRX/USD
0.8555,0.861,0.8224,0.8502,1533934800,22536.63,19031.09,ZRX/USD
0.8739,0.8739,0.8479,0.8555,1533938400,815.73,704.9,ZRX/USD
0.8581,0.8739,0.8581,0.8739,1533942000,39.03,33.49,ZRX/USD
0.8581,0.8581,0.8581,0.8581,1533945600,0.0,0.0,ZRX/USD
0.8581,0.8581,0.8581,0.8581,1533949200,0.0,0.0,ZRX/USD
0.8581,0.8581,0.8581,0.8581,1533952800,0.0,0.0,ZRX/USD
0.8581,0.8581,0.8581,0.8581,1533956400,0.0,0.0,ZRX/USD
0.8581,0.8581,0.8581,0.8581,1533960000,0.0,0.0,ZRX/USD
0.8325,0.8667,0.8219,0.8581,1533963600,14024.13,11719.2,ZRX/USD
0.8522,0.8524,0.8325,0.8325,1533967200,3218.27,2731.37,ZRX/USD
0.825,0.8522,0.8165,0.8522,1533970800,5469.77,4503.17,ZRX/USD
0.8311,0.8311,0.825,0.825,1533974400,1180.63,974.68,ZRX/USD
0.8529,0.8529,0.8311,0.8311,1533978000,10544.64,8923.93,ZRX/USD
0.8598,0.8599,0.8417,0.8529,1533981600,9010.06,7690.22,ZRX/USD
0.8466,0.8598,0.8466,0.8598,1533985200,12557.78,10671.41,ZRX/USD
0.8518,0.8533,0.845,0.8466,1533988800,7868.95,6662.57,ZRX/USD
0.838,0.8518,0.8358,0.8518,1533992400,566.0,473.98,ZRX/USD
0.8316,0.8406,0.8301,0.838,1533996000,274.0,228.08,ZRX/USD
0.8398,0.8398,0.8316,0.8316,1533999600,260.0,218.35,ZRX/USD
0.84,0.84,0.83,0.8398,1534003200,30502.51,25404.16,ZRX/USD
0.8867,0.9,0.84,0.84,1534006800,21826.79,18827.75,ZRX/USD
0.8788,0.89,0.87,0.8867,1534010400,7471.88,6534.13,ZRX/USD
0.8651,0.8788,0.8651,0.8788,1534014000,6569.64,5710.51,ZRX/USD
0.857,0.8679,0.857,0.8651,1534017600,14363.99,12405.06,ZRX/USD
0.8681,0.8681,0.857,0.857,1534021200,2518.33,2186.07,ZRX/USD
0.8757,0.8757,0.8681,0.8681,1534024800,329.79,288.53,ZRX/USD
0.8484,0.8757,0.8432,0.8757,1534028400,17626.48,15129.91,ZRX/USD
0.844,0.8497,0.8414,0.8484,1534032000,2813.33,2370.15,ZRX/USD
0.844,0.844,0.844,0.844,1534035600,0.0,0.0,ZRX/USD
0.844,0.844,0.844,0.844,1534039200,0.0,0.0,ZRX/USD
0.844,0.844,0.844,0.844,1534042800,0.0,0.0,ZRX/USD
0.844,0.844,0.844,0.844,1534046400,0.0,0.0,ZRX/USD
0.844,0.844,0.844,0.844,1534050000,0.0,0.0,ZRX/USD
0.844,0.844,0.844,0.844,1534053600,0.0,0.0,ZRX/USD
0.886,0.886,0.886,0.886,1534057200,9937.77,8822.89,ZRX/USD
0.8764,0.8885,0.8764,0.8885,1534060800,1536.56,1353.85,ZRX/USD
0.8822,0.8822,0.8764,0.8764,1534064400,2911.68,2568.8,ZRX/USD
0.8739,0.8822,0.8739,0.8822,1534068000,834.62,729.54,ZRX/USD
0.882,0.882,0.8739,0.8739,1534071600,3285.44,2886.97,ZRX/USD
0.8617,0.882,0.8617,0.882,1534075200,8627.22,7449.72,ZRX/USD
0.8637,0.8637,0.857,0.8617,1534078800,3714.0,3205.84,ZRX/USD
0.8675,0.8675,0.8636,0.8637,1534082400,127279.29,109964.8,ZRX/USD
0.8737,0.8737,0.8654,0.8675,1534086000,572.32,498.53,ZRX/USD
0.8704,0.8737,0.8678,0.8737,1534089600,1236.13,1076.72,ZRX/USD
0.8588,0.8774,0.8525,0.8704,1534093200,4588.45,3956.13,ZRX/USD
0.86,0.86,0.8588,0.8588,1534096800,777.67,668.68,ZRX/USD
0.871,0.882,0.8471,0.86,1534100400,13826.6,12069.94,ZRX/USD
0.8588,0.871,0.8548,0.871,1534104000,10153.79,8697.99,ZRX/USD
0.8612,0.8612,0.8588,0.8588,1534107600,300.0,258.36,ZRX/USD
0.8769,0.8769,0.8612,0.8612,1534111200,19.77,17.34,ZRX/USD
0.8692,0.8769,0.8602,0.8769,1534114800,266.0,230.24,ZRX/USD
0.8737,0.8737,0.8692,0.8692,1534118400,33.48,29.25,ZRX/USD
0.8743,0.8743,0.8737,0.8737,1534122000,3511.58,3069.85,ZRX/USD
0.874,0.8743,0.874,0.8743,1534125600,3400.0,2971.6,ZRX/USD
0.8784,0.8784,0.874,0.874,1534129200,16.0,14.05,ZRX/USD
0.8703,0.8784,0.8703,0.8784,1534132800,20.0,17.41,ZRX/USD
0.8702,0.8703,0.8702,0.8703,1534136400,20.0,17.4,ZRX/USD
0.8739,0.8798,0.8702,0.8702,1534140000,3555.76,3109.31,ZRX/USD
0.8796,0.8796,0.8739,0.8739,1534143600,31.22,27.46,ZRX/USD
0.8885,0.899,0.8758,0.8796,1534147200,30974.56,27739.08,ZRX/USD
0.8916,0.8944,0.8884,0.8885,1534150800,3634.4,3238.59,ZRX/USD
0.8929,0.8929,0.8824,0.8916,1534154400,2129.7,1885.09,ZRX/USD
0.8788,0.8929,0.8788,0.8929,1534158000,4318.28,3796.53,ZRX/USD
0.8788,0.8788,0.8788,0.8788,1534161600,0.0,0.0,ZRX/USD
0.8788,0.8788,0.8788,0.8788,1534165200,0.0,0.0,ZRX/USD
0.8788,0.8788,0.8788,0.8788,1534168800,0.0,0.0,ZRX/USD
0.8788,0.8788,0.8788,0.8788,1534172400,0.0,0.0,ZRX/USD
0.8788,0.8788,0.8788,0.8788,1534176000,0.0,0.0,ZRX/USD
0.7998,0.7998,0.7998,0.7998,1534179600,9837.64,7814.32,ZRX/USD
0.7846,0.7975,0.7846,0.794,1534183200,24249.84,19132.24,ZRX/USD
0.7896,0.7896,0.7842,0.7846,1534186800,1784.0,1404.62,ZRX/USD
0.7796,0.7987,0.7796,0.7896,1534190400,4703.05,3701.83,ZRX/USD
0.7656,0.7901,0.7645,0.7796,1534194000,41201.17,31633.33,ZRX/USD
0.7731,0.7769,0.753,0.7656,1534197600,15400.71,11760.07,ZRX/USD
0.764,0.7731,0.7593,0.7731,1534201200,4420.35,3393.51,ZRX/USD
0.72,0.764,0.712,0.764,1534204800,26272.23,18802.59,ZRX/USD
0.67,0.729,0.67,0.72,1534208400,70729.75,49633.17,ZRX/USD
0.6499,0.693,0.6251,0.67,1534212000,160111.13,105615.99,ZRX/USD
0.6725,0.6854,0.62,0.6499,1534215600,152303.02,96513.63,ZRX/USD
0.684,0.7101,0.6725,0.6725,1534219200,14911.62,10196.11,ZRX/USD
0.6657,0.684,0.665,0.684,1534222800,22794.83,15299.9,ZRX/USD
0.649,0.6657,0.649,0.6657,1534226400,8631.59,5656.51,ZRX/USD
0.6494,0.6541,0.649,0.649,1534230000,22166.5,14685.65,ZRX/USD
0.6684,0.6727,0.6628,0.6688,1534233600,23846.57,15945.04,ZRX/USD
0.6641,0.6684,0.6591,0.6684,1534237200,1970.89,1310.24,ZRX/USD
0.6587,0.675,0.6587,0.6641,1534240800,12575.43,8366.62,ZRX/USD
0.6601,0.6604,0.6409,0.6587,1534244400,31463.4,20431.62,ZRX/USD
0.6855,0.6941,0.659,0.6601,1534248000,18443.88,12460.2,ZRX/USD
0.6978,0.6978,0.679,0.6855,1534251600,11831.27,8155.4,ZRX/USD
0.685,0.685,0.685,0.685,1534255200,80.0,54.8,ZRX/USD
0.6892,0.6892,0.685,0.685,1534258800,181.53,124.9,ZRX/USD
0.6847,0.6892,0.6755,0.6892,1534262400,3399.78,2302.76,ZRX/USD
0.6861,0.6922,0.6847,0.6847,1534266000,9866.42,6806.82,ZRX/USD
0.6665,0.6861,0.6618,0.6861,1534269600,2101.9,1407.54,ZRX/USD
0.6768,0.6768,0.6665,0.6665,1534273200,1132.61,761.02,ZRX/USD
0.6648,0.6768,0.6632,0.6768,1534276800,1645.4,1106.57,ZRX/USD
0.6411,0.6669,0.6409,0.6648,1534280400,3622.74,2351.88,ZRX/USD
0.6509,0.6613,0.6373,0.6411,1534284000,11340.7,7288.67,ZRX/USD
0.6688,0.7023,0.6428,0.6509,1534287600,2956.84,1949.09,ZRX/USD
0.6976,0.72,0.6688,0.6688,1534291200,40536.08,28875.09,ZRX/USD
0.729,0.74,0.6976,0.6976,1534294800,12264.76,8939.54,ZRX/USD
0.7264,0.7455,0.722,0.729,1534298400,37627.48,27870.29,ZRX/USD
0.7165,0.734,0.7165,0.7264,1534302000,9556.76,6929.66,ZRX/USD
0.7178,0.7258,0.7165,0.7165,1534305600,5262.83,3788.83,ZRX/USD
0.7085,0.7216,0.7063,0.7178,1534309200,4988.6,3529.01,ZRX/USD
0.7114,0.715,0.7046,0.7085,1534312800,5277.54,3749.87,ZRX/USD
0.73,0.7307,0.7114,0.7114,1534316400,6647.8,4818.74,ZRX/USD
0.7201,0.73,0.7201,0.73,1534320000,759.0,546.63,ZRX/USD
0.6963,0.7201,0.6883,0.7201,1534323600,14554.7,10200.03,ZRX/USD
0.6942,0.7034,0.693,0.6963,1534327200,528.59,368.25,ZRX/USD
0.6895,0.6942,0.6845,0.6942,1534330800,3193.37,2196.78,ZRX/USD
0.7052,0.7052,0.6895,0.6895,1534334400,448.17,314.23,ZRX/USD
0.7091,0.7098,0.6863,0.7052,1534338000,55775.3,39125.62,ZRX/USD
0.7107,0.7107,0.7031,0.7091,1534341600,24930.3,17622.9,ZRX/USD
0.719,0.7375,0.7107,0.7107,1534345200,4995.03,3619.06,ZRX/USD
0.764,0.764,0.719,0.719,1534348800,35039.04,25937.39,ZRX/USD
0.7499,0.7818,0.7475,0.764,1534352400,33913.44,26070.45,ZRX/USD
0.7409,0.7521,0.7401,0.7499,1534356000,6611.71,4901.46,ZRX/USD
0.7109,0.7411,0.7109,0.7409,1534359600,59682.29,42986.04,ZRX/USD
0.7095,0.7109,0.6971,0.7109,1534363200,18848.08,13299.38,ZRX/USD
0.7374,0.7374,0.7095,0.7095,1534366800,13277.16,9470.55,ZRX/USD
0.7221,0.7374,0.7221,0.7374,1534370400,273.0,199.11,ZRX/USD
0.68,0.7288,0.68,0.7221,1534374000,9742.83,6698.58,ZRX/USD
0.6889,0.6891,0.675,0.68,1534377600,23681.56,16114.12,ZRX/USD
0.67,0.69,0.669,0.6889,1534381200,8608.08,5797.46,ZRX/USD
0.6908,0.6908,0.67,0.67,1534384800,5237.93,3618.07,ZRX/USD
0.691,0.6967,0.6908,0.6908,1534388400,1176.88,816.07,ZRX/USD
0.6946,0.6946,0.691,0.691,1534392000,2565.52,1782.07,ZRX/USD
0.6809,0.6946,0.6801,0.6946,1534395600,5919.83,4031.15,ZRX/USD
0.6894,0.6894,0.6809,0.6809,1534399200,229.6,156.93,ZRX/USD
0.7017,0.7076,0.6894,0.6894,1534402800,7086.7,4922.68,ZRX/USD
0.7145,0.7145,0.7017,0.7017,1534406400,3156.13,2241.12,ZRX/USD
0.7131,0.7145,0.7016,0.7145,1534410000,6310.72,4469.96,ZRX/USD
0.7312,0.7387,0.7131,0.7131,1534413600,4342.79,3169.56,ZRX/USD
0.7296,0.7312,0.729,0.7312,1534417200,304.8,222.22,ZRX/USD
0.7094,0.7322,0.7094,0.7296,1534420800,19724.54,14065.14,ZRX/USD
0.7199,0.7199,0.7021,0.7094,1534424400,13645.85,9694.45,ZRX/USD
0.7182,0.7199,0.7138,0.7199,1534428000,7768.96,5573.43,ZRX/USD
0.7323,0.737,0.7182,0.7182,1534431600,15001.18,11021.46,ZRX/USD
0.731,0.7323,0.7265,0.7323,1534435200,3107.26,2267.7,ZRX/USD
0.7388,0.7388,0.7218,0.731,1534438800,5790.0,4250.85,ZRX/USD
0.74,0.74,0.7285,0.7388,1534442400,6737.99,4970.25,ZRX/USD
0.7338,0.7419,0.7338,0.74,1534446000,5034.6,3715.24,ZRX/USD
0.705,0.7395,0.7029,0.7338,1534449600,19026.26,13610.81,ZRX/USD
0.7089,0.7089,0.6926,0.705,1534453200,25692.26,17946.35,ZRX/USD
0.7089,0.7089,0.7089,0.7089,1534456800,0.0,0.0,ZRX/USD
0.7158,0.7158,0.7089,0.7089,1534460400,3485.63,2494.82,ZRX/USD
0.7241,0.7241,0.7158,0.7158,1534464000,5322.9,3851.74,ZRX/USD
0.7393,0.7397,0.7215,0.7241,1534467600,7041.99,5118.48,ZRX/USD
0.752,0.7577,0.7305,0.7393,1534471200,10547.53,7817.43,ZRX/USD
0.762,0.762,0.7491,0.752,1534474800,7181.77,5453.37,ZRX/USD
0.78,0.7854,0.762,0.762,1534478400,20162.04,15702.4,ZRX/USD
0.7734,0.7826,0.7722,0.78,1534482000,10999.09,8528.95,ZRX/USD
0.76,0.7734,0.758,0.7734,1534485600,2316.47,1763.96,ZRX/USD
0.773,0.78,0.76,0.76,1534489200,39591.55,30661.46,ZRX/USD
0.7763,0.7803,0.7708,0.773,1534492800,6569.0,5089.95,ZRX/USD
0.7863,0.787,0.7763,0.7763,1534496400,24767.52,19314.73,ZRX/USD
0.7586,0.7936,0.7586,0.7863,1534500000,51994.27,39882.34,ZRX/USD
0.7748,0.7863,0.7586,0.7586,1534503600,29289.9,22909.58,ZRX/USD
0.7748,0.778,0.768,0.7748,1534507200,2803.19,2162.52,ZRX/USD
0.7926,0.7989,0.7748,0.7748,1534510800,15036.3,11855.11,ZRX/USD
0.8004,0.8115,0.7926,0.7926,1534514400,31949.36,25677.54,ZRX/USD
0.7992,0.8089,0.7992,0.8004,1534518000,2299.04,1853.71,ZRX/USD
0.8152,0.85,0.7966,0.7992,1534521600,22199.33,18224.81,ZRX/USD
0.8136,0.8152,0.8094,0.8152,1534525200,1709.3,1385.06,ZRX/USD
0.8043,0.8195,0.7793,0.8136,1534528800,9798.1,7788.26,ZRX/USD
0.7959,0.8111,0.7959,0.8043,1534532400,9229.95,7431.78,ZRX/USD
0.795,0.8093,0.795,0.7959,1534536000,1149.91,921.39,ZRX/USD
0.8022,0.8089,0.7872,0.795,1534539600,4857.45,3914.22,ZRX/USD
0.835,0.8493,0.8022,0.8022,1534543200,10410.56,8651.65,ZRX/USD
0.831,0.835,0.81,0.835,1534546800,13927.17,11500.02,ZRX/USD
0.835,0.8367,0.831,0.831,1534550400,8124.29,6772.59,ZRX/USD
0.8082,0.8411,0.8073,0.835,1534554000,24653.66,20159.33,ZRX/USD
0.8051,0.815,0.805,0.8082,1534557600,7297.23,5879.47,ZRX/USD
0.795,0.8051,0.795,0.8051,1534561200,4594.09,3665.6,ZRX/USD
0.7973,0.8006,0.795,0.795,1534564800,5100.94,4080.1,ZRX/USD
0.7834,0.7993,0.7788,0.7973,1534568400,41283.23,32597.51,ZRX/USD
0.75,0.7834,0.747,0.7834,1534572000,23811.44,17940.38,ZRX/USD
0.755,0.7614,0.7475,0.75,1534575600,2001.19,1505.41,ZRX/USD
0.7724,0.7727,0.755,0.755,1534579200,18032.88,13854.58,ZRX/USD
0.7752,0.7801,0.7724,0.7724,1534582800,1074.78,833.17,ZRX/USD
0.7752,0.7752,0.7752,0.7752,1534586400,660.34,511.9,ZRX/USD
0.7752,0.7752,0.7752,0.7752,1534590000,0.0,0.0,ZRX/USD
0.7752,0.7752,0.7752,0.7752,1534593600,0.0,0.0,ZRX/USD
0.7752,0.7752,0.7752,0.7752,1534597200,0.0,0.0,ZRX/USD
0.7752,0.7752,0.7752,0.7752,1534600800,0.0,0.0,ZRX/USD
0.7752,0.7752,0.7752,0.7752,1534604400,0.0,0.0,ZRX/USD
0.7748,0.7748,0.7748,0.7748,1534608000,1.8,1.32,ZRX/USD
0.7748,0.7748,0.7748,0.7748,1534611600,0.0,0.0,ZRX/USD
0.7748,0.7748,0.7748,0.7748,1534615200,0.0,0.0,ZRX/USD
0.7748,0.7748,0.7748,0.7748,1534618800,0.0,0.0,ZRX/USD
0.725,0.725,0.725,0.725,1534622400,499.11,363.11,ZRX/USD
0.732,0.733,0.7271,0.7271,1534626000,1151.65,843.46,ZRX/USD
0.75,0.7517,0.732,0.732,1534629600,8455.29,6304.55,ZRX/USD
0.7535,0.7535,0.7444,0.75,1534633200,3744.07,2803.58,ZRX/USD
0.7452,0.7535,0.7444,0.7535,1534636800,931.77,695.99,ZRX/USD
0.745,0.7452,0.7322,0.7452,1534640400,21390.82,15862.17,ZRX/USD
0.745,0.745,0.745,0.745,1534644000,0.0,0.0,ZRX/USD
0.7272,0.745,0.7238,0.745,1534647600,565.93,412.38,ZRX/USD
0.7467,0.7467,0.7272,0.7272,1534651200,1082.31,807.21,ZRX/USD
0.7498,0.7498,0.7466,0.7467,1534654800,1016.5,761.86,ZRX/USD
0.7541,0.7546,0.7498,0.7498,1534658400,10150.0,7654.66,ZRX/USD
0.7453,0.7541,0.7453,0.7541,1534662000,23256.12,17425.23,ZRX/USD
0.7509,0.7535,0.7453,0.7453,1534665600,2803.27,2111.79,ZRX/USD
0.7702,0.7712,0.7489,0.7509,1534669200,25803.89,19454.19,ZRX/USD
0.7713,0.7714,0.7702,0.7702,1534672800,255.22,196.88,ZRX/USD
0.787,0.7928,0.7713,0.7713,1534676400,13308.89,10447.94,ZRX/USD
0.7744,0.787,0.7744,0.787,1534680000,717.3,559.52,ZRX/USD
0.7845,0.7906,0.7744,0.7744,1534683600,21421.0,16775.37,ZRX/USD
0.79,0.793,0.7845,0.7845,1534687200,232.0,183.85,ZRX/USD
0.769,0.79,0.763,0.79,1534690800,2111.0,1626.07,ZRX/USD
0.7555,0.769,0.7555,0.769,1534694400,5468.33,4136.62,ZRX/USD
0.7483,0.7559,0.735,0.7555,1534698000,1296.27,969.99,ZRX/USD
0.738,0.7483,0.7318,0.7483,1534701600,25449.3,18809.14,ZRX/USD
0.751,0.751,0.738,0.738,1534705200,4102.9,3080.39,ZRX/USD
0.767,0.767,0.7419,0.751,1534708800,3960.87,3028.07,ZRX/USD
0.771,0.777,0.7617,0.767,1534712400,8262.88,6330.45,ZRX/USD
0.771,0.771,0.771,0.771,1534716000,0.0,0.0,ZRX/USD
0.766,0.771,0.766,0.771,1534719600,245.64,187.82,ZRX/USD
0.7635,0.7657,0.7635,0.7657,1534723200,23.02,17.58,ZRX/USD
0.7635,0.7635,0.7627,0.7635,1534726800,879.0,671.05,ZRX/USD
0.7637,0.7637,0.7635,0.7635,1534730400,9632.98,7355.06,ZRX/USD
0.7637,0.7637,0.7637,0.7637,1534734000,0.0,0.0,ZRX/USD
0.7413,0.7722,0.7413,0.7637,1534737600,12961.25,9720.86,ZRX/USD
0.7561,0.7579,0.7413,0.7413,1534741200,2235.92,1684.66,ZRX/USD
0.7543,0.7561,0.7542,0.7561,1534744800,2420.84,1825.98,ZRX/USD
0.7543,0.7543,0.7543,0.7543,1534748400,0.0,0.0,ZRX/USD
0.7417,0.7543,0.7417,0.7543,1534752000,10652.78,7973.48,ZRX/USD
0.7417,0.7417,0.7417,0.7417,1534755600,0.0,0.0,ZRX/USD
0.7417,0.7417,0.7417,0.7417,1534759200,0.0,0.0,ZRX/USD
0.7417,0.7417,0.7417,0.7417,1534762800,0.0,0.0,ZRX/USD
0.7417,0.7417,0.7417,0.7417,1534766400,0.0,0.0,ZRX/USD
0.7417,0.7417,0.7417,0.7417,1534770000,0.0,0.0,ZRX/USD
0.7417,0.7417,0.7417,0.7417,1534773600,0.0,0.0,ZRX/USD
0.7417,0.7417,0.7417,0.7417,1534777200,0.0,0.0,ZRX/USD
0.7417,0.7417,0.7417,0.7417,1534780800,0.0,0.0,ZRX/USD
0.7417,0.7417,0.7417,0.7417,1534784400,0.0,0.0,ZRX/USD
0.74,0.74,0.74,0.74,1534788000,2122.21,1569.83,ZRX/USD
0.7306,0.7356,0.7306,0.7356,1534791600,2996.17,2189.27,ZRX/USD
0.7366,0.7366,0.7306,0.7306,1534795200,2495.0,1834.28,ZRX/USD
0.7367,0.7367,0.7305,0.7366,1534798800,658.69,483.36,ZRX/USD
0.71,0.7367,0.7065,0.7367,1534802400,23724.78,16939.6,ZRX/USD
0.7006,0.71,0.7002,0.71,1534806000,1891.87,1332.72,ZRX/USD
0.6896,0.7006,0.6803,0.7006,1534809600,20956.84,14484.16,ZRX/USD
0.6853,0.6926,0.675,0.6896,1534813200,24529.26,16735.36,ZRX/USD
0.6893,0.6893,0.6756,0.6853,1534816800,7951.28,5436.36,ZRX/USD
0.6893,0.6893,0.6893,0.6893,1534820400,0.0,0.0,ZRX/USD
0.6912,0.6912,0.6893,0.6893,1534824000,2398.21,1655.06,ZRX/USD
0.6981,0.6981,0.6902,0.6912,1534827600,19180.0,13303.09,ZRX/USD
0.7111,0.7138,0.6981,0.6981,1534831200,8166.33,5787.74,ZRX/USD
0.7085,0.7111,0.7085,0.7111,1534834800,30.0,21.26,ZRX/USD
0.725,0.725,0.7085,0.7085,1534838400,1158.0,839.55,ZRX/USD
0.708,0.7258,0.708,0.725,1534842000,10051.65,7185.26,ZRX/USD
0.7069,0.708,0.7002,0.708,1534845600,3531.8,2486.5,ZRX/USD
0.6992,0.7069,0.6991,0.7069,1534849200,2223.17,1556.3,ZRX/USD
0.698,0.7026,0.695,0.6992,1534852800,4919.03,3435.66,ZRX/USD
0.69,0.698,0.6874,0.698,1534856400,3545.49,2453.92,ZRX/USD
0.69,0.6908,0.6888,0.69,1534860000,1040.74,717.84,ZRX/USD
0.6832,0.6977,0.6832,0.69,1534863600,378.36,259.79,ZRX/USD
0.6832,0.6832,0.6832,0.6832,1534867200,852.0,582.11,ZRX/USD
0.6834,0.6927,0.6808,0.6832,1534870800,1078.1,742.66,ZRX/USD
0.6865,0.6865,0.6834,0.6834,1534874400,1216.11,832.11,ZRX/USD
0.689,0.6935,0.6865,0.6865,1534878000,7381.79,5109.46,ZRX/USD
0.6945,0.6945,0.6835,0.689,1534881600,11426.86,7909.67,ZRX/USD
0.6968,0.6968,0.6945,0.6945,1534885200,1430.0,996.44,ZRX/USD
0.7082,0.7082,0.6968,0.6968,1534888800,7420.72,5224.9,ZRX/USD
0.7082,0.7104,0.708,0.7082,1534892400,13773.06,9775.7,ZRX/USD
0.7119,0.7119,0.7082,0.7082,1534896000,261.95,186.49,ZRX/USD
0.7119,0.7119,0.7119,0.7119,1534899600,0.0,0.0,ZRX/USD
0.7119,0.7119,0.7119,0.7119,1534903200,0.0,0.0,ZRX/USD
0.7119,0.7119,0.7119,0.7119,1534906800,0.0,0.0,ZRX/USD
0.7127,0.7127,0.7119,0.7119,1534910400,19.23,14.97,ZRX/USD
0.7127,0.7127,0.7127,0.7127,1534914000,0.0,0.0,ZRX/USD
0.7127,0.7127,0.7127,0.7127,1534917600,0.0,0.0,ZRX/USD
0.7127,0.7127,0.7127,0.7127,1534921200,0.0,0.0,ZRX/USD
0.7127,0.7127,0.7127,0.7127,1534924800,0.0,0.0,ZRX/USD
0.7127,0.7127,0.7127,0.7127,1534928400,0.0,0.0,ZRX/USD
0.7127,0.7127,0.7127,0.7127,1534932000,0.0,0.0,ZRX/USD
0.7127,0.7127,0.7127,0.7127,1534935600,0.0,0.0,ZRX/USD
0.7119,0.7127,0.7119,0.7127,1534939200,10.74,7.64,ZRX/USD
0.7119,0.7119,0.7119,0.7119,1534942800,0.0,0.0,ZRX/USD
0.7119,0.7119,0.7119,0.7119,1534946400,2.0,1.42,ZRX/USD
0.7119,0.7119,0.7119,0.7119,1534950000,0.0,0.0,ZRX/USD
0.7116,0.7119,0.7116,0.7119,1534953600,70.6,50.21,ZRX/USD
0.7117,0.7117,0.7116,0.7116,1534957200,2.26,1.61,ZRX/USD
0.7117,0.7117,0.7117,0.7117,1534960800,0.2264,0.1607,ZRX/USD
0.7087,0.7117,0.7087,0.7117,1534964400,19.32,13.57,ZRX/USD
0.7087,0.7087,0.7087,0.7087,1534968000,0.0,0.0,ZRX/USD
0.7087,0.7087,0.7087,0.7087,1534971600,0.0,0.0,ZRX/USD
0.6477,0.7087,0.645,0.7087,1534975200,2474.56,1627.14,ZRX/USD
0.66,0.6659,0.6477,0.6477,1534978800,7275.69,4824.89,ZRX/USD
0.6725,0.6725,0.66,0.66,1534982400,23114.43,15392.26,ZRX/USD
0.6824,0.683,0.6725,0.6725,1534986000,345.18,235.33,ZRX/USD
0.672,0.6824,0.672,0.6824,1534989600,2087.47,1409.04,ZRX/USD
0.6591,0.672,0.6573,0.672,1534993200,1643.95,1081.74,ZRX/USD
0.6629,0.6641,0.6574,0.6591,1534996800,11335.94,7462.34,ZRX/USD
0.6732,0.6732,0.66,0.6629,1535000400,2640.44,1744.58,ZRX/USD
0.671,0.6861,0.669,0.6732,1535004000,17086.5,11558.01,ZRX/USD
0.677,0.677,0.6687,0.671,1535007600,320.71,215.29,ZRX/USD
0.6671,0.6773,0.6671,0.677,1535011200,4975.97,3353.12,ZRX/USD
0.666,0.6671,0.666,0.6671,1535014800,124.32,82.8,ZRX/USD
0.67,0.67,0.666,0.666,1535018400,100.0,67.0,ZRX/USD
0.6644,0.6728,0.6644,0.67,1535022000,3256.01,2174.32,ZRX/USD
0.6725,0.6725,0.6644,0.6644,1535025600,799.0,537.35,ZRX/USD
0.6707,0.6725,0.6689,0.6725,1535029200,4029.08,2697.66,ZRX/USD
0.6784,0.6784,0.6707,0.6707,1535032800,248.48,168.57,ZRX/USD
0.6819,0.6819,0.6725,0.6784,1535036400,14516.91,9770.37,ZRX/USD
0.6976,0.7,0.6819,0.6819,1535040000,35970.12,25077.94,ZRX/USD
0.6976,0.6976,0.6976,0.6976,1535043600,0.0,0.0,ZRX/USD
0.6976,0.6976,0.6976,0.6976,1535047200,0.0,0.0,ZRX/USD
0.6976,0.6976,0.6976,0.6976,1535050800,0.0,0.0,ZRX/USD
0.6937,0.6937,0.6937,0.6937,1535054400,7945.43,5510.33,ZRX/USD
0.7085,0.71,0.6928,0.6928,1535058000,9055.1,6405.22,ZRX/USD
0.7184,0.7252,0.7085,0.7085,1535061600,27148.4,19531.83,ZRX/USD
0.7122,0.7184,0.7122,0.7184,1535065200,792.6,564.71,ZRX/USD
0.71,0.7122,0.71,0.7122,1535068800,149.9,106.43,ZRX/USD
0.7104,0.7104,0.71,0.71,1535072400,113.61,80.7,ZRX/USD
0.7182,0.7182,0.7104,0.7104,1535076000,656.8,471.71,ZRX/USD
0.7155,0.7182,0.7155,0.7182,1535079600,4000.0,2862.45,ZRX/USD
0.71,0.7155,0.7085,0.7155,1535083200,359.52,255.01,ZRX/USD
0.71,0.71,0.71,0.71,1535086800,0.0,0.0,ZRX/USD
0.7142,0.7168,0.71,0.71,1535090400,483.64,345.9,ZRX/USD
0.7142,0.7162,0.7141,0.7142,1535094000,741.21,535.74,ZRX/USD
0.72,0.7253,0.72,0.7253,1535097600,3930.8,2830.18,ZRX/USD
0.7116,0.7216,0.7116,0.72,1535101200,5392.58,3876.22,ZRX/USD
0.726,0.726,0.7116,0.7116,1535104800,170.97,124.09,ZRX/USD
0.719,0.726,0.719,0.726,1535108400,3400.0,2462.6,ZRX/USD
0.7121,0.719,0.7121,0.719,1535112000,6741.4,4824.26,ZRX/USD
0.7231,0.7231,0.7121,0.7121,1535115600,88.0,63.63,ZRX/USD
0.704,0.7231,0.704,0.7231,1535119200,12116.69,8566.38,ZRX/USD
0.707,0.71,0.704,0.704,1535122800,365.54,259.35,ZRX/USD
0.7108,0.7108,0.7026,0.707,1535126400,15365.17,10905.31,ZRX/USD
0.711,0.7123,0.7108,0.7108,1535130000,157.66,112.21,ZRX/USD
0.7157,0.7157,0.711,0.711,1535133600,2299.0,1638.85,ZRX/USD
0.7152,0.7163,0.7125,0.7157,1535137200,833.14,594.11,ZRX/USD
0.722,0.722,0.7152,0.7152,1535140800,16.0,11.55,ZRX/USD
0.7233,0.7274,0.7203,0.722,1535144400,1335.99,966.56,ZRX/USD
0.7271,0.73,0.7222,0.7233,1535148000,4795.32,3496.18,ZRX/USD
0.723,0.7271,0.723,0.7271,1535151600,834.26,603.17,ZRX/USD
0.7272,0.73,0.723,0.723,1535155200,219.64,159.8,ZRX/USD
0.7272,0.7272,0.7272,0.7272,1535158800,0.0,0.0,ZRX/USD
0.7272,0.7272,0.7272,0.7272,1535162400,0.0,0.0,ZRX/USD
0.7273,0.7273,0.7272,0.7272,1535166000,611.02,444.38,ZRX/USD
0.7273,0.7273,0.7273,0.7273,1535169600,0.0,0.0,ZRX/USD
0.7151,0.7273,0.7151,0.7273,1535173200,35.56,25.43,ZRX/USD
0.714,0.7151,0.714,0.7151,1535176800,610.0,435.54,ZRX/USD
0.714,0.714,0.714,0.714,1535180400,0.0,0.0,ZRX/USD
0.7189,0.7189,0.714,0.714,1535184000,984.14,707.39,ZRX/USD
0.7176,0.7189,0.7102,0.7189,1535187600,482.28,345.27,ZRX/USD
0.7176,0.7176,0.7176,0.7176,1535191200,0.0,0.0,ZRX/USD
0.715,0.7199,0.715,0.7176,1535194800,382.37,274.06,ZRX/USD
0.7067,0.715,0.6975,0.715,1535198400,41091.08,28890.88,ZRX/USD
0.7051,0.7067,0.705,0.7067,1535202000,2021.73,1428.04,ZRX/USD
0.715,0.715,0.7051,0.7051,1535205600,1666.92,1182.13,ZRX/USD
0.715,0.715,0.715,0.715,1535209200,0.3907,0.2793,ZRX/USD
0.712,0.715,0.712,0.715,1535212800,529.99,377.35,ZRX/USD
0.712,0.712,0.712,0.712,1535216400,0.0,0.0,ZRX/USD
0.716,0.716,0.712,0.712,1535220000,1378.45,986.97,ZRX/USD
0.72,0.72,0.716,0.716,1535223600,8335.62,6001.65,ZRX/USD
0.7245,0.7245,0.72,0.72,1535227200,15675.21,11343.39,ZRX/USD
0.716,0.7245,0.716,0.7245,1535230800,1152.6,825.65,ZRX/USD
0.7144,0.716,0.7144,0.716,1535234400,453.21,323.86,ZRX/USD
0.7144,0.7144,0.7144,0.7144,1535238000,0.0,0.0,ZRX/USD
0.7144,0.7144,0.7144,0.7144,1535241600,993.8,709.98,ZRX/USD
0.7166,0.7166,0.7144,0.7144,1535245200,116.0,83.11,ZRX/USD
0.7013,0.7166,0.699,0.7166,1535248800,7673.93,5377.06,ZRX/USD
0.6957,0.7013,0.6957,0.7013,1535252400,5593.73,3900.85,ZRX/USD
0.6939,0.6957,0.6847,0.6957,1535256000,2571.65,1783.99,ZRX/USD
0.6939,0.6939,0.6939,0.6939,1535259600,0.0,0.0,ZRX/USD
0.6864,0.6939,0.6734,0.6939,1535263200,9265.31,6257.86,ZRX/USD
0.6939,0.6939,0.6864,0.6864,1535266800,900.89,625.13,ZRX/USD
0.687,0.6939,0.683,0.6939,1535270400,5397.07,3703.15,ZRX/USD
0.6862,0.687,0.6836,0.687,1535274000,279.45,191.24,ZRX/USD
0.6869,0.6927,0.6862,0.6862,1535277600,1429.41,984.58,ZRX/USD
0.6994,0.6994,0.6869,0.6869,1535281200,624.55,433.15,ZRX/USD
0.703,0.703,0.6994,0.6994,1535284800,813.36,570.06,ZRX/USD
0.7134,0.7145,0.703,0.703,1535288400,5211.7,3698.17,ZRX/USD
0.7134,0.7134,0.7134,0.7134,1535292000,0.0,0.0,ZRX/USD
0.7134,0.7134,0.7134,0.7134,1535295600,250.0,178.34,ZRX/USD
0.712,0.715,0.7115,0.7134,1535299200,908.41,646.5,ZRX/USD
0.71,0.712,0.707,0.712,1535302800,2728.0,1929.26,ZRX/USD
0.727,0.727,0.7067,0.71,1535306400,11924.31,8621.04,ZRX/USD
0.717,0.727,0.7119,0.727,1535310000,2473.4,1772.69,ZRX/USD
0.72,0.7253,0.717,0.717,1535313600,1084.36,783.82,ZRX/USD
0.7196,0.723,0.7196,0.72,1535317200,365.04,263.58,ZRX/USD
0.7196,0.7196,0.7196,0.7196,1535320800,0.0,0.0,ZRX/USD
0.7168,0.7196,0.7168,0.7196,1535324400,100.0,71.68,ZRX/USD
0.7168,0.7168,0.7168,0.7168,1535328000,0.0,0.0,ZRX/USD
0.7149,0.7168,0.7149,0.7168,1535331600,1703.3,1218.26,ZRX/USD
0.7172,0.7172,0.7149,0.7149,1535335200,1495.59,1072.67,ZRX/USD
0.72,0.723,0.715,0.7172,1535338800,1368.46,985.31,ZRX/USD
0.737,0.737,0.72,0.72,1535342400,3439.31,2529.87,ZRX/USD
0.7479,0.75,0.737,0.737,1535346000,25755.14,19236.71,ZRX/USD
0.7454,0.7479,0.7389,0.7479,1535349600,1231.73,917.55,ZRX/USD
0.7279,0.749,0.7256,0.7454,1535353200,7646.61,5597.08,ZRX/USD
0.725,0.7335,0.725,0.7279,1535356800,1530.62,1113.33,ZRX/USD
0.7248,0.725,0.7205,0.725,1535360400,2299.22,1657.35,ZRX/USD
0.73,0.7319,0.7248,0.7248,1535364000,474.72,345.9,ZRX/USD
0.7287,0.733,0.7287,0.73,1535367600,1434.43,1047.18,ZRX/USD
0.7278,0.73,0.7265,0.7287,1535371200,565.81,412.25,ZRX/USD
0.73,0.73,0.7233,0.7278,1535374800,1971.58,1438.89,ZRX/USD
0.7399,0.74,0.73,0.73,1535378400,13239.62,9754.87,ZRX/USD
0.74,0.74,0.7352,0.7399,1535382000,4661.78,3441.81,ZRX/USD
0.7439,0.7439,0.74,0.74,1535385600,4665.7,3462.33,ZRX/USD
0.7489,0.7535,0.7439,0.7439,1535389200,2791.66,2093.37,ZRX/USD
0.7763,0.7763,0.7489,0.7489,1535392800,3119.76,2363.42,ZRX/USD
0.7901,0.7965,0.7746,0.7763,1535396400,33715.52,26464.44,ZRX/USD
0.7689,0.7901,0.7668,0.7901,1535400000,31655.12,24444.64,ZRX/USD
0.7708,0.7708,0.7689,0.7689,1535403600,4275.52,3292.61,ZRX/USD
0.7708,0.7708,0.7708,0.7708,1535407200,0.0,0.0,ZRX/USD
0.8186,0.8191,0.7708,0.7708,1535410800,26503.85,21410.35,ZRX/USD
0.802,0.82,0.793,0.8186,1535414400,9776.57,7828.14,ZRX/USD
0.7992,0.8159,0.794,0.802,1535418000,11030.85,8893.2,ZRX/USD
0.7862,0.8049,0.7862,0.7992,1535421600,1583.57,1257.95,ZRX/USD
0.7937,0.796,0.7862,0.7862,1535425200,750.0,595.47,ZRX/USD
0.8038,0.8038,0.7937,0.7937,1535428800,4304.12,3456.65,ZRX/USD
0.8044,0.8044,0.8036,0.8038,1535432400,648.69,521.64,ZRX/USD
0.8072,0.8101,0.7965,0.8044,1535436000,35631.37,28723.73,ZRX/USD
0.8191,0.82,0.7992,0.8072,1535439600,5626.12,4550.38,ZRX/USD
0.8085,0.8227,0.8085,0.8191,1535443200,4901.01,3999.55,ZRX/USD
0.8077,0.8185,0.8077,0.8085,1535446800,4465.58,3619.39,ZRX/USD
0.804,0.817,0.8023,0.8077,1535450400,6423.64,5197.97,ZRX/USD
0.8227,0.8227,0.8022,0.804,1535454000,2782.31,2272.45,ZRX/USD
0.83,0.83,0.8227,0.8227,1535457600,8764.26,7259.44,ZRX/USD
0.846,0.847,0.83,0.83,1535461200,10273.15,8650.01,ZRX/USD
0.8395,0.848,0.8374,0.846,1535464800,8789.24,7392.99,ZRX/USD
0.8318,0.8395,0.8199,0.8395,1535468400,28642.02,23602.82,ZRX/USD
0.8028,0.8318,0.8026,0.8318,1535472000,15517.55,12502.52,ZRX/USD
0.8114,0.8114,0.7929,0.8028,1535475600,27644.12,22125.12,ZRX/USD
0.7993,0.8241,0.7854,0.8114,1535479200,36690.12,29622.42,ZRX/USD
0.8173,0.8189,0.7993,0.7993,1535482800,27127.69,22016.31,ZRX/USD
0.813,0.8297,0.813,0.8173,1535486400,14864.53,12172.2,ZRX/USD
0.8156,0.817,0.8128,0.813,1535490000,1030.18,839.89,ZRX/USD
0.8128,0.8156,0.806,0.8156,1535493600,12304.4,9987.82,ZRX/USD
0.806,0.8128,0.806,0.8128,1535497200,2844.57,2305.63,ZRX/USD
0.798,0.8128,0.798,0.806,1535500800,4670.48,3739.47,ZRX/USD
0.798,0.798,0.798,0.798,1535504400,0.0,0.0,ZRX/USD
0.789,0.8006,0.786,0.798,1535508000,6111.48,4862.62,ZRX/USD
0.784,0.789,0.7822,0.789,1535511600,1984.28,1552.8,ZRX/USD
0.7958,0.7958,0.784,0.784,1535515200,200.0,159.16,ZRX/USD
0.8038,0.805,0.7958,0.7958,1535518800,1183.68,952.19,ZRX/USD
0.805,0.805,0.8038,0.8038,1535522400,0.9177,0.7388,ZRX/USD
0.8059,0.8064,0.8038,0.805,1535526000,10065.0,8115.34,ZRX/USD
0.8086,0.8088,0.7976,0.8059,1535529600,7963.26,6360.5,ZRX/USD
0.8128,0.8128,0.7976,0.8086,1535533200,5131.34,4160.4,ZRX/USD
0.8091,0.822,0.8091,0.8128,1535536800,2514.0,2049.76,ZRX/USD
0.8082,0.8091,0.798,0.8091,1535540400,34858.62,27900.18,ZRX/USD
0.8149,0.8149,0.8082,0.8082,1535544000,2000.0,1629.19,ZRX/USD
0.8399,0.8399,0.8145,0.8149,1535547600,11339.04,9431.64,ZRX/USD
0.8209,0.8399,0.8209,0.8399,1535551200,75802.7,63130.98,ZRX/USD
0.7794,0.821,0.7681,0.8209,1535554800,28499.3,22373.21,ZRX/USD
0.7912,0.7921,0.7729,0.7794,1535558400,12319.85,9632.14,ZRX/USD
0.7967,0.8021,0.79,0.7912,1535562000,7459.76,5928.84,ZRX/USD
0.7939,0.798,0.789,0.7967,1535565600,1523.96,1213.65,ZRX/USD
0.7968,0.7968,0.7939,0.7939,1535569200,144.85,115.41,ZRX/USD
0.799,0.8018,0.7968,0.7968,1535572800,2419.0,1938.97,ZRX/USD
0.8017,0.8109,0.799,0.799,1535576400,10163.14,8204.47,ZRX/USD
0.798,0.8019,0.798,0.8017,1535580000,4391.68,3515.89,ZRX/USD
0.799,0.799,0.798,0.798,1535583600,4683.13,3740.3,ZRX/USD
0.7994,0.8014,0.798,0.799,1535587200,28845.43,23038.46,ZRX/USD
0.7994,0.7994,0.7994,0.7994,1535590800,0.0,0.0,ZRX/USD
0.7938,0.7994,0.7938,0.7994,1535594400,481.94,383.28,ZRX/USD
0.8036,0.822,0.7872,0.7938,1535598000,74048.49,59278.6,ZRX/USD
0.7965,0.8036,0.7965,0.8036,1535601600,2265.91,1814.25,ZRX/USD
0.7876,0.8045,0.7876,0.7965,1535605200,1035.02,822.88,ZRX/USD
0.7785,0.7876,0.7782,0.7876,1535608800,1347.94,1051.66,ZRX/USD
0.7844,0.7844,0.7785,0.7785,1535612400,200.0,156.89,ZRX/USD
0.765,0.7844,0.7633,0.7844,1535616000,10186.96,7866.73,ZRX/USD
0.7567,0.7697,0.7557,0.765,1535619600,7848.23,5976.5,ZRX/USD
0.7586,0.7586,0.7548,0.7567,1535623200,43.91,33.22,ZRX/USD
0.7446,0.7608,0.7446,0.7586,1535626800,23397.02,17570.63,ZRX/USD
0.734,0.745,0.734,0.7446,1535630400,7523.41,5563.51,ZRX/USD
0.7435,0.7435,0.733,0.734,1535634000,685.12,505.36,ZRX/USD
0.758,0.7628,0.7435,0.7435,1535637600,8268.53,6280.98,ZRX/USD
0.7404,0.758,0.7403,0.758,1535641200,2223.72,1650.12,ZRX/USD
0.735,0.7404,0.735,0.7404,1535644800,5428.59,3992.61,ZRX/USD
0.7393,0.7399,0.735,0.735,1535648400,704.82,521.48,ZRX/USD
0.726,0.7393,0.726,0.7393,1535652000,10189.12,7476.45,ZRX/USD
0.7295,0.7303,0.716,0.726,1535655600,3460.04,2496.87,ZRX/USD
0.7547,0.7552,0.725,0.7295,1535659200,16673.58,12510.56,ZRX/USD
0.7755,0.7755,0.7528,0.7547,1535662800,3241.2,2481.53,ZRX/USD
0.751,0.7755,0.751,0.7755,1535666400,1454.02,1097.95,ZRX/USD
0.7569,0.7569,0.751,0.751,1535670000,409.2,308.75,ZRX/USD
0.7552,0.7569,0.755,0.7569,1535673600,2715.38,2050.47,ZRX/USD
0.7552,0.7552,0.7552,0.7552,1535677200,0.0,0.0,ZRX/USD
0.7484,0.7552,0.7484,0.7552,1535680800,70.0,52.39,ZRX/USD
0.7558,0.7558,0.7484,0.7484,1535684400,100.0,75.58,ZRX/USD
0.7675,0.7675,0.7544,0.7558,1535688000,2194.35,1666.43,ZRX/USD
0.7683,0.7752,0.7623,0.7675,1535691600,5564.27,4262.65,ZRX/USD
0.77,0.77,0.7683,0.7683,1535695200,100.0,77.0,ZRX/USD
0.77,0.777,0.77,0.77,1535698800,2800.13,2165.92,ZRX/USD
0.767,0.7767,0.7636,0.77,1535702400,3330.79,2561.57,ZRX/USD
0.763,0.7715,0.763,0.767,1535706000,5864.0,4480.73,ZRX/USD
0.763,0.763,0.763,0.763,1535709600,0.0,0.0,ZRX/USD
0.7743,0.7743,0.763,0.763,1535713200,1034.18,800.8,ZRX/USD
0.7595,0.7745,0.755,0.7743,1535716800,2899.55,2215.61,ZRX/USD
0.7595,0.7595,0.7595,0.7595,1535720400,0.0,0.0,ZRX/USD
0.7595,0.7595,0.7595,0.7595,1535724000,0.0,0.0,ZRX/USD
0.7595,0.7595,0.7595,0.7595,1535727600,0.0,0.0,ZRX/USD
0.776,0.776,0.7595,0.7595,1535731200,2947.0,2278.95,ZRX/USD
0.8,0.8,0.776,0.776,1535734800,4670.43,3692.47,ZRX/USD
0.7936,0.802,0.7936,0.8,1535738400,32254.94,25783.93,ZRX/USD
0.7716,0.7936,0.768,0.7936,1535742000,6127.77,4733.75,ZRX/USD
0.7726,0.7726,0.7607,0.7716,1535745600,1481.69,1128.87,ZRX/USD
0.7571,0.7726,0.7571,0.7726,1535749200,621.89,473.34,ZRX/USD
0.7571,0.7571,0.7571,0.7571,1535752800,0.0,0.0,ZRX/USD
0.7706,0.7706,0.7571,0.7571,1535756400,1057.33,812.5,ZRX/USD
0.7722,0.7722,0.7706,0.7706,1535760000,86.0,66.41,ZRX/USD
0.7945,0.7945,0.7722,0.7722,1535763600,39344.3,30938.37,ZRX/USD
0.7989,0.7989,0.7904,0.7945,1535767200,2337.0,1857.77,ZRX/USD
0.7989,0.7989,0.7989,0.7989,1535770800,0.0,0.0,ZRX/USD
0.7989,0.7989,0.7989,0.7989,1535774400,0.0,0.0,ZRX/USD
0.7763,0.7989,0.7763,0.7989,1535778000,1847.59,1453.81,ZRX/USD
0.783,0.783,0.7763,0.7763,1535781600,301.56,236.11,ZRX/USD
0.7898,0.7903,0.783,0.783,1535785200,148.94,117.67,ZRX/USD
0.7807,0.7898,0.7805,0.7898,1535788800,148.0,115.71,ZRX/USD
0.7868,0.7868,0.7807,0.7807,1535792400,207.97,163.05,ZRX/USD
0.799,0.799,0.7868,0.7868,1535796000,120.45,95.33,ZRX/USD
0.8022,0.8022,0.799,0.799,1535799600,5449.99,4369.97,ZRX/USD
0.7821,0.8022,0.7821,0.8022,1535803200,222.87,174.58,ZRX/USD
0.7918,0.7918,0.7821,0.7821,1535806800,177.0,139.69,ZRX/USD
0.8108,0.8108,0.7918,0.7918,1535810400,4178.48,3356.5,ZRX/USD
0.8204,0.828,0.8108,0.8108,1535814000,16912.6,13963.03,ZRX/USD
0.8338,0.8346,0.8204,0.8204,1535817600,15016.36,12406.87,ZRX/USD
0.8267,0.8338,0.8212,0.8338,1535821200,3521.23,2911.77,ZRX/USD
0.8303,0.8303,0.8267,0.8267,1535824800,999.11,829.54,ZRX/USD
0.8348,0.8349,0.8303,0.8303,1535828400,1374.84,1143.79,ZRX/USD
0.8243,0.8348,0.821,0.8348,1535832000,1718.96,1415.9,ZRX/USD
0.8071,0.8243,0.8071,0.8243,1535835600,3613.67,2940.13,ZRX/USD
0.8035,0.8071,0.8035,0.8071,1535839200,50.0,40.18,ZRX/USD
0.7985,0.8035,0.7979,0.8035,1535842800,9111.99,7278.53,ZRX/USD
0.7985,0.7985,0.7985,0.7985,1535846400,0.0,0.0,ZRX/USD
0.7922,0.8029,0.7922,0.7985,1535850000,747.0,598.3,ZRX/USD
0.8015,0.8107,0.7922,0.7922,1535853600,3586.23,2897.21,ZRX/USD
0.82,0.82,0.8015,0.8015,1535857200,3890.32,3183.86,ZRX/USD
0.82,0.82,0.82,0.82,1535860800,101.0,82.82,ZRX/USD
0.8201,0.8201,0.82,0.82,1535864400,3.74,3.27,ZRX/USD
0.8176,0.8201,0.8176,0.8201,1535868000,199.0,162.71,ZRX/USD
0.8237,0.8277,0.8176,0.8176,1535871600,5054.53,4180.4,ZRX/USD
0.8214,0.8325,0.8198,0.8237,1535875200,9180.65,7605.52,ZRX/USD
0.8235,0.8303,0.8135,0.8214,1535878800,8037.03,6590.66,ZRX/USD
0.8003,0.8235,0.8003,0.8235,1535882400,7349.06,5937.95,ZRX/USD
0.7876,0.8003,0.7824,0.8003,1535886000,10672.79,8389.36,ZRX/USD
0.7946,0.7946,0.7876,0.7876,1535889600,145.52,115.63,ZRX/USD
0.779,0.7946,0.779,0.7946,1535893200,637.31,498.19,ZRX/USD
0.78,0.78,0.779,0.779,1535896800,2426.22,1892.02,ZRX/USD
0.7802,0.787,0.78,0.78,1535900400,124.09,97.52,ZRX/USD
0.7924,0.7924,0.7801,0.7802,1535904000,215.1,169.03,ZRX/USD
0.7883,0.7999,0.7883,0.7924,1535907600,153.89,121.93,ZRX/USD
0.791,0.795,0.7883,0.7883,1535911200,5664.0,4494.02,ZRX/USD
0.794,0.794,0.791,0.791,1535914800,114.7,91.07,ZRX/USD
0.7989,0.7989,0.7914,0.794,1535918400,876.0,695.14,ZRX/USD
0.79,0.7989,0.79,0.7989,1535922000,190.01,150.39,ZRX/USD
0.7866,0.79,0.7866,0.79,1535925600,846.53,665.9,ZRX/USD
0.7866,0.7866,0.7866,0.7866,1535929200,0.0,0.0,ZRX/USD
0.8,0.8,0.7866,0.7866,1535932800,149.0,119.2,ZRX/USD
0.7951,0.8,0.793,0.8,1535936400,750.42,595.29,ZRX/USD
0.7951,0.7951,0.7951,0.7951,1535940000,0.0,0.0,ZRX/USD
0.7979,0.7979,0.7951,0.7951,1535943600,75.17,59.97,ZRX/USD
0.7801,0.7979,0.78,0.7979,1535947200,426.45,332.68,ZRX/USD
0.776,0.7801,0.776,0.7801,1535950800,499.0,389.06,ZRX/USD
0.7905,0.7905,0.7755,0.776,1535954400,19066.08,14816.12,ZRX/USD
0.7851,0.7905,0.7851,0.7905,1535958000,93.0,73.01,ZRX/USD
0.781,0.7851,0.781,0.7851,1535961600,600.0,468.61,ZRX/USD
0.774,0.781,0.774,0.781,1535965200,40.0,31.0,ZRX/USD
0.774,0.774,0.774,0.774,1535968800,0.0,0.0,ZRX/USD
0.77,0.774,0.7694,0.774,1535972400,163.2,125.63,ZRX/USD
0.7817,0.7817,0.7695,0.77,1535976000,1515.68,1168.13,ZRX/USD
0.7915,0.7959,0.781,0.7817,1535979600,11536.99,9128.01,ZRX/USD
0.8054,0.8054,0.7862,0.7915,1535983200,2895.32,2329.12,ZRX/USD
0.7945,0.8054,0.7945,0.8054,1535986800,4755.54,3786.95,ZRX/USD
0.7916,0.795,0.7888,0.7945,1535990400,454.01,359.62,ZRX/USD
0.784,0.7916,0.784,0.7916,1535994000,1100.0,862.43,ZRX/USD
0.795,0.795,0.784,0.784,1535997600,189.72,150.62,ZRX/USD
0.8048,0.83,0.7851,0.795,1536001200,22948.89,18437.92,ZRX/USD
0.8048,0.8048,0.8048,0.8048,1536004800,0.0,0.0,ZRX/USD
0.8024,0.8048,0.8024,0.8048,1536008400,754.48,606.6,ZRX/USD
0.79,0.8024,0.7881,0.8024,1536012000,3399.71,2685.0,ZRX/USD
0.7866,0.79,0.7866,0.79,1536015600,2775.24,2183.74,ZRX/USD
0.7886,0.7887,0.7866,0.7866,1536019200,2132.66,1679.02,ZRX/USD
0.7995,0.7995,0.7886,0.7886,1536022800,500.0,399.74,ZRX/USD
0.787,0.7995,0.787,0.7995,1536026400,29999.32,23611.16,ZRX/USD
0.7833,0.7897,0.7833,0.787,1536030000,495.01,389.8,ZRX/USD
0.7897,0.7897,0.7833,0.7833,1536033600,31863.82,25162.61,ZRX/USD
0.7897,0.7897,0.7897,0.7897,1536037200,0.0,0.0,ZRX/USD
0.79,0.7929,0.7897,0.7897,1536040800,229.9,182.02,ZRX/USD
0.8081,0.8081,0.79,0.79,1536044400,5100.0,4120.31,ZRX/USD
0.81,0.81,0.804,0.8081,1536048000,1415.08,1145.23,ZRX/USD
0.8012,0.81,0.8012,0.81,1536051600,844.55,679.88,ZRX/USD
0.803,0.8176,0.8012,0.8012,1536055200,388.0,314.49,ZRX/USD
0.8137,0.8138,0.803,0.803,1536058800,389.33,316.47,ZRX/USD
0.82,0.8263,0.8137,0.8137,1536062400,5160.05,4237.82,ZRX/USD
0.8198,0.82,0.8085,0.82,1536066000,6375.43,5188.94,ZRX/USD
0.812,0.8198,0.8078,0.8198,1536069600,693.23,562.14,ZRX/USD
0.8106,0.812,0.809,0.812,1536073200,8085.76,6562.71,ZRX/USD
0.8106,0.8106,0.8106,0.8106,1536076800,0.0,0.0,ZRX/USD
0.8095,0.8106,0.8087,0.8106,1536080400,2634.72,2131.92,ZRX/USD
0.8055,0.8161,0.8055,0.8095,1536084000,6780.6,5475.23,ZRX/USD
0.795,0.8055,0.795,0.8055,1536087600,19524.65,15660.23,ZRX/USD
0.7987,0.7987,0.795,0.795,1536091200,348.3,278.18,ZRX/USD
0.7959,0.7988,0.7947,0.7987,1536094800,6457.78,5134.81,ZRX/USD
0.7959,0.7959,0.7959,0.7959,1536098400,0.0,0.0,ZRX/USD
0.7959,0.7959,0.7959,0.7959,1536102000,0.0,0.0,ZRX/USD
0.7959,0.7959,0.7959,0.7959,1536105600,0.0,0.0,ZRX/USD
0.7959,0.7959,0.7959,0.7959,1536109200,0.0,0.0,ZRX/USD
0.8018,0.8018,0.7959,0.7959,1536112800,13610.77,10909.89,ZRX/USD
0.8018,0.8018,0.8018,0.8018,1536116400,100.0,80.18,ZRX/USD
0.795,0.805,0.7702,0.8018,1536120000,50591.09,39733.36,ZRX/USD
0.7958,0.8002,0.7943,0.795,1536123600,2690.25,2144.41,ZRX/USD
0.8052,0.8052,0.7923,0.7958,1536127200,2390.0,1898.12,ZRX/USD
0.8052,0.8052,0.8052,0.8052,1536130800,0.0,0.0,ZRX/USD
0.7938,0.8052,0.7929,0.8052,1536134400,291.67,231.38,ZRX/USD
0.75,0.7948,0.75,0.7938,1536138000,19498.96,15004.79,ZRX/USD
0.7153,0.7534,0.7153,0.75,1536141600,28382.51,20819.6,ZRX/USD
0.71,0.717,0.71,0.7153,1536145200,5444.98,3888.49,ZRX/USD
0.713,0.7179,0.71,0.71,1536148800,4010.69,2866.45,ZRX/USD
0.7283,0.7338,0.712,0.713,1536152400,55207.5,39445.61,ZRX/USD
0.7132,0.729,0.7132,0.7283,1536156000,3453.21,2486.07,ZRX/USD
0.7154,0.717,0.6979,0.7132,1536159600,67616.34,47879.64,ZRX/USD
0.69,0.7167,0.69,0.7154,1536163200,31724.32,21995.26,ZRX/USD
0.669,0.69,0.6548,0.69,1536166800,77557.31,52207.14,ZRX/USD
0.6695,0.695,0.6683,0.669,1536170400,58417.13,39781.78,ZRX/USD
0.6655,0.6716,0.664,0.6695,1536174000,22604.12,15112.08,ZRX/USD
0.6782,0.6782,0.6655,0.6655,1536177600,1589.73,1073.22,ZRX/USD
0.669,0.6782,0.669,0.6782,1536181200,1623.42,1086.97,ZRX/USD
0.6527,0.67,0.6527,0.669,1536184800,20926.23,13795.45,ZRX/USD
0.6232,0.6557,0.6175,0.6527,1536188400,62782.39,39748.92,ZRX/USD
0.6258,0.6344,0.5811,0.6232,1536192000,59354.18,35652.11,ZRX/USD
0.6311,0.6469,0.6258,0.6258,1536195600,5613.44,3554.13,ZRX/USD
0.631,0.6402,0.631,0.6311,1536199200,1721.0,1095.15,ZRX/USD
0.6293,0.631,0.6274,0.631,1536202800,2065.73,1298.43,ZRX/USD
0.6398,0.64,0.6293,0.6293,1536206400,1007.85,644.44,ZRX/USD
0.63,0.6398,0.63,0.6398,1536210000,26855.94,16953.14,ZRX/USD
0.6215,0.63,0.6199,0.63,1536213600,29431.0,18345.51,ZRX/USD
0.6218,0.6218,0.6135,0.6215,1536217200,2361.64,1461.35,ZRX/USD
0.6237,0.6237,0.6141,0.6218,1536220800,3314.8,2037.46,ZRX/USD
0.6129,0.6237,0.6049,0.6237,1536224400,1508.11,926.37,ZRX/USD
0.6085,0.6131,0.6068,0.6129,1536228000,867.89,528.19,ZRX/USD
0.617,0.617,0.6085,0.6085,1536231600,1955.69,1203.48,ZRX/USD
0.6213,0.6295,0.6117,0.617,1536235200,5239.86,3261.14,ZRX/USD
0.6443,0.6466,0.6213,0.6213,1536238800,8988.54,5710.91,ZRX/USD
0.649,0.654,0.6443,0.6443,1536242400,11824.95,7690.47,ZRX/USD
0.6404,0.6505,0.632,0.649,1536246000,5336.01,3443.39,ZRX/USD
0.6458,0.6458,0.6404,0.6404,1536249600,495.0,319.65,ZRX/USD
0.6336,0.6551,0.6336,0.6458,1536253200,11389.69,7333.34,ZRX/USD
0.6341,0.6341,0.6308,0.6336,1536256800,2000.0,1264.87,ZRX/USD
0.6424,0.6448,0.6341,0.6341,1536260400,3967.95,2549.82,ZRX/USD
0.6453,0.6508,0.6424,0.6424,1536264000,7400.0,4812.11,ZRX/USD
0.6523,0.6537,0.6445,0.6453,1536267600,5692.42,3683.47,ZRX/USD
0.6572,0.6572,0.6523,0.6523,1536271200,1743.11,1142.18,ZRX/USD
0.6856,0.6858,0.6572,0.6572,1536274800,3299.52,2241.84,ZRX/USD
0.6717,0.6856,0.6717,0.6856,1536278400,78.0,52.39,ZRX/USD
0.669,0.6717,0.6682,0.6717,1536282000,850.0,568.06,ZRX/USD
0.6687,0.669,0.666,0.669,1536285600,514.97,343.35,ZRX/USD
0.6659,0.6687,0.6659,0.6687,1536289200,2230.23,1485.0,ZRX/USD
0.6617,0.6659,0.6617,0.6659,1536292800,5349.35,3548.19,ZRX/USD
0.6659,0.6659,0.6617,0.6617,1536296400,100.0,66.59,ZRX/USD
0.66,0.6725,0.66,0.6659,1536300000,2653.84,1755.84,ZRX/USD
0.6588,0.66,0.6507,0.66,1536303600,28032.27,18448.63,ZRX/USD
0.6523,0.6611,0.6482,0.6588,1536307200,2259.56,1466.51,ZRX/USD
0.6469,0.6523,0.6469,0.6523,1536310800,9905.37,6413.84,ZRX/USD
0.625,0.6469,0.607,0.6469,1536314400,37994.21,23323.75,ZRX/USD
0.6219,0.625,0.6211,0.625,1536318000,6168.27,3830.51,ZRX/USD
0.6374,0.638,0.6219,0.6219,1536321600,39116.71,24921.19,ZRX/USD
0.642,0.6473,0.6374,0.6374,1536325200,14391.75,9219.68,ZRX/USD
0.639,0.6444,0.639,0.642,1536328800,23168.05,14892.78,ZRX/USD
0.6314,0.6461,0.6314,0.639,1536332400,3183.22,2045.62,ZRX/USD
0.637,0.6445,0.6314,0.6314,1536336000,1180.0,753.24,ZRX/USD
0.64,0.6409,0.637,0.637,1536339600,60116.7,38457.58,ZRX/USD
0.635,0.64,0.6313,0.64,1536343200,4892.32,3100.13,ZRX/USD
0.6264,0.635,0.6258,0.635,1536346800,705.0,441.18,ZRX/USD
0.6345,0.6369,0.6264,0.6264,1536350400,3603.05,2282.73,ZRX/USD
0.6308,0.6345,0.6308,0.6345,1536354000,2156.26,1360.28,ZRX/USD
0.6233,0.6308,0.6233,0.6308,1536357600,205.04,127.82,ZRX/USD
0.6307,0.6307,0.6233,0.6233,1536361200,370.0,233.36,ZRX/USD
0.6307,0.6307,0.6307,0.6307,1536364800,0.0,0.0,ZRX/USD
0.6307,0.6307,0.6307,0.6307,1536368400,0.0,0.0,ZRX/USD
0.6375,0.6375,0.6307,0.6307,1536372000,728.94,464.5,ZRX/USD
0.6375,0.6375,0.6375,0.6375,1536375600,0.0,0.0,ZRX/USD
0.6375,0.6375,0.6375,0.6375,1536379200,0.0,0.0,ZRX/USD
0.6375,0.6375,0.6375,0.6375,1536382800,0.0,0.0,ZRX/USD
0.6375,0.6375,0.6375,0.6375,1536386400,0.0,0.0,ZRX/USD
0.6375,0.6375,0.6375,0.6375,1536390000,0.0,0.0,ZRX/USD
0.6375,0.6375,0.6375,0.6375,1536393600,0.0,0.0,ZRX/USD
0.64,0.644,0.6375,0.6375,1536397200,5403.89,3474.77,ZRX/USD
0.6445,0.6498,0.64,0.64,1536400800,387.92,251.56,ZRX/USD
0.6358,0.6445,0.6358,0.6445,1536404400,403.56,256.6,ZRX/USD
0.6292,0.6358,0.6292,0.6358,1536408000,14554.83,9181.76,ZRX/USD
0.6292,0.6292,0.6292,0.6292,1536411600,0.0,0.0,ZRX/USD
0.6282,0.631,0.6282,0.6292,1536415200,392.06,247.28,ZRX/USD
0.6282,0.6282,0.6282,0.6282,1536418800,0.0,0.0,ZRX/USD
0.6183,0.6382,0.6183,0.6282,1536422400,3575.63,2237.83,ZRX/USD
0.5822,0.6183,0.5787,0.6183,1536426000,108094.37,64223.64,ZRX/USD
0.5833,0.5859,0.5594,0.5822,1536429600,99193.86,56901.2,ZRX/USD
0.577,0.5887,0.577,0.5833,1536433200,30382.9,17636.67,ZRX/USD
0.5708,0.577,0.5616,0.577,1536436800,21690.28,12347.49,ZRX/USD
0.5761,0.5761,0.566,0.5708,1536440400,1751.62,995.57,ZRX/USD
0.568,0.5779,0.568,0.5761,1536444000,9379.38,5394.02,ZRX/USD
0.5743,0.5743,0.568,0.568,1536447600,446.0,256.14,ZRX/USD
0.5743,0.5743,0.5743,0.5743,1536451200,0.0,0.0,ZRX/USD
0.57,0.5743,0.5689,0.5743,1536454800,3703.91,2113.28,ZRX/USD
0.5594,0.5749,0.5594,0.57,1536458400,9375.88,5370.91,ZRX/USD
0.5602,0.5602,0.5594,0.5594,1536462000,150.0,84.03,ZRX/USD
0.5571,0.566,0.5571,0.5602,1536465600,3808.8,2133.67,ZRX/USD
0.5639,0.5639,0.5571,0.5571,1536469200,100.0,56.37,ZRX/USD
0.564,0.564,0.5638,0.5639,1536472800,1910.43,1077.2,ZRX/USD
0.5643,0.5675,0.564,0.564,1536476400,3899.91,2207.47,ZRX/USD
0.561,0.5643,0.5606,0.5643,1536480000,134.0,75.14,ZRX/USD
0.5856,0.5969,0.561,0.561,1536483600,50629.97,29245.16,ZRX/USD
0.5899,0.5905,0.5817,0.5856,1536487200,13438.0,7860.28,ZRX/USD
0.5908,0.5908,0.5819,0.5899,1536490800,30494.41,18007.95,ZRX/USD
0.6005,0.6016,0.59,0.5908,1536494400,5425.02,3257.14,ZRX/USD
0.5986,0.6036,0.5983,0.6005,1536498000,2285.8,1368.88,ZRX/USD
0.5919,0.6003,0.5919,0.5986,1536501600,26161.63,15637.31,ZRX/USD
0.5943,0.6,0.5919,0.5919,1536505200,691.29,413.6,ZRX/USD
0.59,0.595,0.5883,0.5943,1536508800,1738.43,1032.75,ZRX/USD
0.5843,0.5906,0.5843,0.59,1536512400,763.35,449.74,ZRX/USD
0.587,0.587,0.5843,0.5843,1536516000,2060.34,1209.34,ZRX/USD
0.591,0.591,0.587,0.587,1536519600,1358.53,801.37,ZRX/USD
0.5942,0.5968,0.591,0.591,1536523200,1484.35,882.28,ZRX/USD
0.588,0.5963,0.588,0.5942,1536526800,665.65,394.09,ZRX/USD
0.5671,0.588,0.5663,0.588,1536530400,3576.7,2047.81,ZRX/USD
0.5671,0.5671,0.5671,0.5671,1536534000,0.0,0.0,ZRX/USD
0.5665,0.57,0.5665,0.5671,1536537600,659.84,375.59,ZRX/USD
0.5801,0.5801,0.5665,0.5665,1536541200,732.42,424.28,ZRX/USD
0.5802,0.5802,0.5801,0.5801,1536544800,300.0,174.06,ZRX/USD
0.576,0.5802,0.5757,0.5802,1536548400,1147.06,661.15,ZRX/USD
0.5737,0.576,0.573,0.576,1536552000,1594.03,914.99,ZRX/USD
0.5803,0.5803,0.5737,0.5737,1536555600,445.46,263.33,ZRX/USD
0.5738,0.5803,0.5737,0.5803,1536559200,265.39,152.26,ZRX/USD
0.575,0.5794,0.5738,0.5738,1536562800,138.0,80.68,ZRX/USD
0.5713,0.5816,0.5713,0.575,1536566400,1634.48,941.04,ZRX/USD
0.5713,0.5713,0.5713,0.5713,1536570000,199.57,114.01,ZRX/USD
0.5713,0.5751,0.5713,0.5713,1536573600,1781.0,1017.95,ZRX/USD
0.5752,0.5752,0.5671,0.5713,1536577200,1845.88,1053.28,ZRX/USD
0.5745,0.5752,0.5745,0.5752,1536580800,100.0,57.45,ZRX/USD
0.5631,0.5745,0.5631,0.5745,1536584400,9158.2,5212.52,ZRX/USD
0.5631,0.5631,0.5631,0.5631,1536588000,0.0,0.0,ZRX/USD
0.5723,0.5723,0.5631,0.5631,1536591600,5000.84,2861.69,ZRX/USD
0.5586,0.5723,0.5586,0.5723,1536595200,53049.49,29652.95,ZRX/USD
0.5436,0.5586,0.542,0.5586,1536598800,15402.58,8477.95,ZRX/USD
0.5508,0.5518,0.5436,0.5436,1536602400,12790.87,7050.17,ZRX/USD
0.554,0.554,0.5475,0.5508,1536606000,519.65,286.53,ZRX/USD
0.56,0.5607,0.5447,0.554,1536609600,3608.54,1997.48,ZRX/USD
0.5585,0.56,0.5585,0.56,1536613200,5057.84,2829.26,ZRX/USD
0.5551,0.5585,0.5551,0.5585,1536616800,2043.39,1135.66,ZRX/USD
0.5595,0.5595,0.5551,0.5551,1536620400,887.33,496.49,ZRX/USD
0.5595,0.5595,0.5595,0.5595,1536624000,0.0,0.0,ZRX/USD
0.56,0.56,0.5595,0.5595,1536627600,1795.0,1005.2,ZRX/USD
0.56,0.56,0.56,0.56,1536631200,0.07429,0.0416,ZRX/USD
0.558,0.561,0.558,0.56,1536634800,519.28,290.51,ZRX/USD
0.551,0.5585,0.551,0.558,1536638400,11161.66,6190.68,ZRX/USD
0.5532,0.5535,0.551,0.551,1536642000,6028.78,3322.31,ZRX/USD
0.5516,0.5532,0.5509,0.5532,1536645600,104.79,57.78,ZRX/USD
0.5503,0.5516,0.5503,0.5516,1536649200,241.0,132.62,ZRX/USD
0.5503,0.5529,0.5503,0.5503,1536652800,11203.38,6183.31,ZRX/USD
0.5553,0.5553,0.5503,0.5503,1536656400,2147.76,1189.69,ZRX/USD
0.5578,0.5578,0.5553,0.5553,1536660000,47.0,26.22,ZRX/USD
0.554,0.5578,0.546,0.5578,1536663600,5264.59,2898.57,ZRX/USD
0.5511,0.554,0.5511,0.554,1536667200,499.0,275.0,ZRX/USD
0.548,0.5511,0.548,0.5511,1536670800,4334.78,2375.63,ZRX/USD
0.535,0.5505,0.535,0.548,1536674400,15320.4,8274.07,ZRX/USD
0.5278,0.5372,0.5278,0.535,1536678000,11254.59,5993.37,ZRX/USD
0.5264,0.5297,0.521,0.5278,1536681600,8028.5,4219.58,ZRX/USD
0.515,0.5264,0.515,0.5264,1536685200,6978.68,3627.77,ZRX/USD
0.5101,0.5193,0.505,0.515,1536688800,6925.04,3532.26,ZRX/USD
0.5205,0.5205,0.5101,0.5101,1536692400,6593.63,3393.42,ZRX/USD
0.512,0.5205,0.5081,0.5205,1536696000,2958.0,1506.42,ZRX/USD
0.5,0.5198,0.4997,0.512,1536699600,40817.69,20648.31,ZRX/USD
0.519,0.52,0.5,0.5,1536703200,1910.27,988.53,ZRX/USD
0.515,0.519,0.515,0.519,1536706800,6268.61,3228.34,ZRX/USD
0.5056,0.515,0.5056,0.515,1536710400,11797.33,6057.04,ZRX/USD
0.5056,0.5084,0.5056,0.5056,1536714000,9863.1,4987.27,ZRX/USD
0.5038,0.5056,0.5024,0.5056,1536717600,14824.46,7486.07,ZRX/USD
0.481,0.5038,0.4806,0.5038,1536721200,9560.93,4679.5,ZRX/USD
0.4901,0.4901,0.481,0.481,1536724800,15989.28,7800.25,ZRX/USD
0.4842,0.4901,0.4821,0.4901,1536728400,8182.46,3976.13,ZRX/USD
0.4733,0.4879,0.4733,0.4842,1536732000,9421.76,4516.23,ZRX/USD
0.4686,0.4768,0.4611,0.4733,1536735600,39825.69,18546.93,ZRX/USD
0.4545,0.476,0.454,0.4686,1536739200,35724.68,16440.6,ZRX/USD
0.4699,0.4699,0.4545,0.4545,1536742800,6632.68,3093.82,ZRX/USD
0.4718,0.4757,0.4691,0.4699,1536746400,12638.07,5976.91,ZRX/USD
0.4679,0.4718,0.4628,0.4718,1536750000,3308.92,1536.5,ZRX/USD
0.4966,0.4966,0.4679,0.4679,1536753600,23390.2,11400.6,ZRX/USD
0.497,0.5,0.4966,0.4966,1536757200,4694.99,2335.89,ZRX/USD
0.491,0.497,0.4884,0.497,1536760800,27000.0,13189.03,ZRX/USD
0.4876,0.491,0.4876,0.491,1536764400,1980.87,969.47,ZRX/USD
0.4772,0.4876,0.4772,0.4876,1536768000,6282.42,3025.55,ZRX/USD
0.49,0.4914,0.4771,0.4772,1536771600,16766.4,8216.67,ZRX/USD
0.4999,0.5,0.484,0.49,1536775200,43446.43,21454.33,ZRX/USD
0.4961,0.5053,0.4961,0.4999,1536778800,33329.48,16693.18,ZRX/USD
0.5,0.5,0.4961,0.4961,1536782400,15339.6,7659.38,ZRX/USD
0.505,0.505,0.499,0.5,1536786000,29727.47,14880.92,ZRX/USD
0.51,0.51,0.5049,0.505,1536789600,1832.36,929.4,ZRX/USD
0.5061,0.5126,0.504,0.51,1536793200,9970.36,5044.97,ZRX/USD
0.5251,0.5251,0.5048,0.5061,1536796800,6195.75,3211.84,ZRX/USD
0.5264,0.5264,0.5251,0.5251,1536800400,3706.95,1951.12,ZRX/USD
0.5163,0.5264,0.5163,0.5264,1536804000,22928.91,12010.4,ZRX/USD
0.5176,0.5176,0.5163,0.5163,1536807600,79.53,41.16,ZRX/USD
0.5237,0.5237,0.5176,0.5176,1536811200,853.88,444.94,ZRX/USD
0.52,0.5237,0.52,0.5237,1536814800,997.74,518.91,ZRX/USD
0.5262,0.5327,0.52,0.52,1536818400,15880.88,8353.58,ZRX/USD
0.5275,0.535,0.5255,0.5262,1536822000,2218.64,1172.06,ZRX/USD
0.5356,0.5445,0.5275,0.5275,1536825600,2319.2,1246.72,ZRX/USD
0.5431,0.5431,0.5356,0.5356,1536829200,2378.44,1284.7,ZRX/USD
0.5414,0.558,0.5412,0.5431,1536832800,20811.58,11455.2,ZRX/USD
0.5506,0.5506,0.54,0.5414,1536836400,9312.45,5033.2,ZRX/USD
0.549,0.5506,0.5428,0.5506,1536840000,10032.71,5494.41,ZRX/USD
0.55,0.5579,0.5477,0.549,1536843600,2209.68,1222.8,ZRX/USD
0.5443,0.5558,0.5443,0.55,1536847200,5610.09,3097.83,ZRX/USD
0.5367,0.5558,0.5343,0.5443,1536850800,36617.77,19670.56,ZRX/USD
0.5507,0.5548,0.5367,0.5367,1536854400,1403.82,805.32,ZRX/USD
0.5423,0.551,0.5423,0.5507,1536858000,17132.23,9364.89,ZRX/USD
0.5416,0.5453,0.5368,0.5423,1536861600,1860.32,1005.03,ZRX/USD
0.5265,0.5416,0.5265,0.5416,1536865200,5524.15,2938.94,ZRX/USD
0.53,0.5423,0.5226,0.5265,1536868800,10981.98,5756.05,ZRX/USD
0.5305,0.532,0.5253,0.53,1536872400,317.87,168.07,ZRX/USD
0.5441,0.5452,0.5305,0.5305,1536876000,5039.93,2721.75,ZRX/USD
0.5396,0.553,0.5396,0.5441,1536879600,858.79,469.16,ZRX/USD
0.5411,0.5521,0.5396,0.5396,1536883200,807.95,438.34,ZRX/USD
0.5484,0.5487,0.5411,0.5411,1536886800,6550.0,3571.05,ZRX/USD
0.5581,0.5581,0.5484,0.5484,1536890400,6479.23,3589.22,ZRX/USD
0.558,0.5669,0.558,0.5581,1536894000,28900.11,16263.57,ZRX/USD
0.5647,0.5647,0.5548,0.558,1536897600,1276.49,720.37,ZRX/USD
0.5647,0.5647,0.5647,0.5647,1536901200,0.0,0.0,ZRX/USD
0.5528,0.5647,0.5528,0.5647,1536904800,200.0,110.56,ZRX/USD
0.5496,0.5528,0.5487,0.5528,1536908400,199.0,109.23,ZRX/USD
0.5262,0.5496,0.5262,0.5496,1536912000,12327.36,6661.23,ZRX/USD
0.53,0.53,0.5176,0.5262,1536915600,22930.74,11916.47,ZRX/USD
0.53,0.5307,0.5223,0.53,1536919200,2389.91,1260.04,ZRX/USD
0.53,0.536,0.53,0.53,1536922800,119.8,63.61,ZRX/USD
0.5265,0.53,0.5263,0.53,1536926400,622.0,359.58,ZRX/USD
0.5235,0.5409,0.5225,0.5265,1536930000,13591.5,7166.57,ZRX/USD
0.526,0.526,0.5235,0.5235,1536933600,672.38,353.67,ZRX/USD
0.5381,0.5381,0.526,0.526,1536937200,3611.06,1924.45,ZRX/USD
0.5589,0.5591,0.5381,0.5381,1536940800,12462.35,6901.26,ZRX/USD
0.55,0.5589,0.55,0.5589,1536944400,1283.74,706.73,ZRX/USD
0.5617,0.5684,0.55,0.55,1536948000,545.28,304.97,ZRX/USD
0.5914,0.6094,0.5617,0.5617,1536951600,48610.54,28469.86,ZRX/USD
0.5828,0.5972,0.5769,0.5791,1536955200,2014.09,1181.14,ZRX/USD
0.5701,0.5866,0.5701,0.5828,1536958800,3550.57,2081.36,ZRX/USD
0.57,0.5701,0.57,0.5701,1536962400,1938.56,1105.0,ZRX/USD
0.57,0.5793,0.57,0.57,1536966000,242.3,138.37,ZRX/USD
0.5611,0.57,0.5561,0.57,1536969600,15071.41,8472.55,ZRX/USD
0.5611,0.5611,0.5611,0.5611,1536973200,0.0,0.0,ZRX/USD
0.5611,0.5611,0.5611,0.5611,1536976800,0.0,0.0,ZRX/USD
0.57,0.5711,0.5611,0.5611,1536980400,1059.65,604.0,ZRX/USD
0.5711,0.5711,0.57,0.57,1536984000,12.1,6.91,ZRX/USD
0.5711,0.5711,0.5711,0.5711,1536987600,0.0,0.0,ZRX/USD
0.5623,0.5711,0.5623,0.5711,1536991200,2479.74,1409.24,ZRX/USD
0.5623,0.5623,0.5623,0.5623,1536994800,0.0,0.0,ZRX/USD
0.5734,0.5734,0.5623,0.5623,1536998400,4353.34,2490.64,ZRX/USD
0.5789,0.5789,0.5734,0.5734,1537002000,190.63,109.81,ZRX/USD
0.5869,0.5869,0.5789,0.5789,1537005600,759.49,441.13,ZRX/USD
0.5738,0.5869,0.5738,0.5869,1537009200,1335.87,775.71,ZRX/USD
0.5734,0.5742,0.5734,0.5738,1537012800,317.09,186.96,ZRX/USD
0.5758,0.5758,0.5734,0.5734,1537016400,1191.01,684.49,ZRX/USD
0.572,0.5798,0.5717,0.5758,1537020000,1012.54,584.71,ZRX/USD
0.572,0.572,0.572,0.572,1537023600,0.0,0.0,ZRX/USD
0.59,0.59,0.572,0.572,1537027200,239.92,140.04,ZRX/USD
0.5978,0.5978,0.59,0.59,1537030800,334.81,200.03,ZRX/USD
0.5978,0.5978,0.5978,0.5978,1537034400,0.0,0.0,ZRX/USD
0.581,0.5978,0.581,0.5978,1537038000,257.23,149.49,ZRX/USD
0.5816,0.5866,0.5809,0.581,1537041600,889.61,517.73,ZRX/USD
0.5793,0.5816,0.575,0.5816,1537045200,6522.9,3752.17,ZRX/USD
0.582,0.5887,0.5793,0.5793,1537048800,7749.74,4505.61,ZRX/USD
0.582,0.582,0.582,0.582,1537052400,0.0,0.0,ZRX/USD
0.5732,0.582,0.5728,0.582,1537056000,1000.0,572.98,ZRX/USD
0.5732,0.5732,0.5732,0.5732,1537059600,0.0,0.0,ZRX/USD
0.5732,0.5732,0.5732,0.5732,1537063200,0.0,0.0,ZRX/USD
0.5649,0.5732,0.5649,0.5732,1537066800,842.8,477.57,ZRX/USD
0.5574,0.5649,0.553,0.5649,1537070400,20841.38,11549.73,ZRX/USD
0.5738,0.5738,0.5574,0.5574,1537074000,255.0,146.33,ZRX/USD
0.5634,0.5738,0.557,0.5738,1537077600,2099.0,1169.71,ZRX/USD
0.5723,0.5723,0.5634,0.5634,1537081200,20.0,11.45,ZRX/USD
0.5723,0.5723,0.5723,0.5723,1537084800,0.0,0.0,ZRX/USD
0.5828,0.5849,0.5675,0.5723,1537088400,1251.37,727.81,ZRX/USD
0.5828,0.5828,0.5828,0.5828,1537092000,0.0,0.0,ZRX/USD
0.5828,0.5828,0.5828,0.5828,1537095600,0.0,0.0,ZRX/USD
0.5711,0.5828,0.5668,0.5828,1537099200,10975.02,6321.78,ZRX/USD
0.5675,0.5711,0.5675,0.5711,1537102800,20.0,11.35,ZRX/USD
0.561,0.5675,0.561,0.5675,1537106400,1290.0,725.53,ZRX/USD
0.5586,0.561,0.5564,0.561,1537110000,102.54,57.17,ZRX/USD
0.5711,0.5711,0.5482,0.5586,1537113600,51735.47,28792.35,ZRX/USD
0.5592,0.5711,0.55,0.5711,1537117200,21127.07,11703.29,ZRX/USD
0.5592,0.5592,0.5592,0.5592,1537120800,0.0,0.0,ZRX/USD
0.5592,0.5592,0.5592,0.5592,1537124400,0.0,0.0,ZRX/USD
0.5681,0.5681,0.5592,0.5592,1537128000,27.74,15.76,ZRX/USD
0.5681,0.5681,0.5681,0.5681,1537131600,0.0,0.0,ZRX/USD
0.5681,0.5681,0.5681,0.5681,1537135200,0.0,0.0,ZRX/USD
0.5601,0.5681,0.5601,0.5681,1537138800,12865.99,7207.04,ZRX/USD
0.5704,0.5704,0.5601,0.5601,1537142400,468.12,266.88,ZRX/USD
0.5727,0.5727,0.5704,0.5704,1537146000,334.05,191.32,ZRX/USD
0.5727,0.5727,0.5727,0.5727,1537149600,650.0,372.27,ZRX/USD
0.5729,0.5729,0.5722,0.5727,1537153200,585.97,335.47,ZRX/USD
0.57,0.5729,0.57,0.5729,1537156800,154.0,87.78,ZRX/USD
0.5568,0.57,0.5568,0.57,1537160400,6427.0,3614.54,ZRX/USD
0.5622,0.5622,0.5568,0.5568,1537164000,99.48,55.93,ZRX/USD
0.5572,0.5622,0.5572,0.5622,1537167600,1858.43,1035.5,ZRX/USD
0.5568,0.5642,0.5568,0.5572,1537171200,65.33,36.6,ZRX/USD
0.5623,0.5623,0.554,0.5568,1537174800,2622.0,1468.66,ZRX/USD
0.5622,0.5623,0.5622,0.5623,1537178400,2276.03,1279.67,ZRX/USD
0.5583,0.5622,0.5583,0.5622,1537182000,20.0,11.17,ZRX/USD
0.5522,0.5585,0.5504,0.5583,1537185600,9370.0,5167.71,ZRX/USD
0.5495,0.5522,0.5492,0.5522,1537189200,2647.05,1454.23,ZRX/USD
0.5307,0.561,0.5305,0.5495,1537192800,7929.11,4315.83,ZRX/USD
0.5206,0.5307,0.5077,0.5307,1537196400,23687.71,12312.37,ZRX/USD
0.5149,0.5216,0.5149,0.5206,1537200000,4148.82,2155.72,ZRX/USD
0.521,0.521,0.5149,0.5149,1537203600,29908.0,15546.82,ZRX/USD
0.5295,0.5295,0.521,0.521,1537207200,214.61,112.53,ZRX/USD
0.5132,0.5295,0.5132,0.5295,1537210800,10183.15,5297.37,ZRX/USD
0.5098,0.5132,0.5036,0.5132,1537214400,14278.75,7275.55,ZRX/USD
0.509,0.5152,0.509,0.5098,1537218000,9749.11,5019.33,ZRX/USD
0.512,0.512,0.509,0.509,1537221600,120.0,61.24,ZRX/USD
0.5179,0.5185,0.5064,0.512,1537225200,1273.95,653.11,ZRX/USD
0.5118,0.5179,0.5118,0.5179,1537228800,99.9,51.12,ZRX/USD
0.5118,0.5118,0.5118,0.5118,1537232400,0.0,0.0,ZRX/USD
0.509,0.5118,0.509,0.5118,1537236000,1899.84,967.02,ZRX/USD
0.5037,0.509,0.5037,0.509,1537239600,3396.32,1714.88,ZRX/USD
0.5114,0.5114,0.5037,0.5037,1537243200,217.0,110.96,ZRX/USD
0.5114,0.5114,0.5114,0.5114,1537246800,0.0,0.0,ZRX/USD
0.5114,0.5114,0.5114,0.5114,1537250400,0.0,0.0,ZRX/USD
0.516,0.516,0.5101,0.5114,1537254000,23415.56,11944.05,ZRX/USD
0.5177,0.5205,0.516,0.516,1537257600,1174.53,606.18,ZRX/USD
0.5111,0.5177,0.5111,0.5177,1537261200,134.61,68.8,ZRX/USD
0.5133,0.5133,0.5111,0.5111,1537264800,40.33,20.7,ZRX/USD
0.5133,0.5133,0.5133,0.5133,1537268400,0.0,0.0,ZRX/USD
0.5261,0.53,0.5133,0.5133,1537272000,9037.05,4703.88,ZRX/USD
0.5373,0.5398,0.5261,0.5261,1537275600,6960.6,3739.38,ZRX/USD
0.5379,0.5379,0.5326,0.5373,1537279200,401.88,214.52,ZRX/USD
0.5313,0.54,0.5313,0.5379,1537282800,4572.75,2455.92,ZRX/USD
0.535,0.5399,0.5313,0.5313,1537286400,11185.06,5985.22,ZRX/USD
0.525,0.5352,0.525,0.535,1537290000,6275.22,3324.52,ZRX/USD
0.5311,0.5311,0.525,0.525,1537293600,900.0,477.97,ZRX/USD
0.5275,0.5339,0.5275,0.5311,1537297200,3154.28,1664.6,ZRX/USD
0.519,0.5344,0.513,0.5275,1537300800,5574.2,2905.19,ZRX/USD
0.522,0.5305,0.519,0.519,1537304400,5100.0,2704.43,ZRX/USD
0.5238,0.5333,0.522,0.522,1537308000,107.68,56.93,ZRX/USD
0.5287,0.5287,0.5238,0.5238,1537311600,10000.0,5286.92,ZRX/USD
0.5287,0.5287,0.5287,0.5287,1537315200,0.0,0.0,ZRX/USD
0.5287,0.5287,0.5287,0.5287,1537318800,0.0,0.0,ZRX/USD
0.5287,0.5287,0.5287,0.5287,1537322400,0.0,0.0,ZRX/USD
0.5226,0.5341,0.5225,0.5287,1537326000,13104.07,6997.6,ZRX/USD
0.5293,0.5293,0.5226,0.5226,1537329600,377.89,200.01,ZRX/USD
0.5259,0.5293,0.5259,0.5293,1537333200,750.0,394.4,ZRX/USD
0.5259,0.5259,0.5259,0.5259,1537336800,0.0,0.0,ZRX/USD
0.5259,0.5259,0.5259,0.5259,1537340400,0.0,0.0,ZRX/USD
0.523,0.5322,0.523,0.5259,1537344000,410.0,214.81,ZRX/USD
0.5324,0.5333,0.523,0.523,1537347600,112.4,59.86,ZRX/USD
0.5324,0.5324,0.5324,0.5324,1537351200,0.0,0.0,ZRX/USD
0.5324,0.5324,0.5324,0.5324,1537354800,0.0,0.0,ZRX/USD
0.5172,0.5324,0.5172,0.5324,1537358400,86.17,44.57,ZRX/USD
0.5172,0.5172,0.5172,0.5172,1537362000,0.0,0.0,ZRX/USD
0.5155,0.5172,0.5146,0.5172,1537365600,12974.0,6677.82,ZRX/USD
0.5264,0.5265,0.5155,0.5155,1537369200,17900.0,9387.95,ZRX/USD
0.52,0.5264,0.52,0.5264,1537372800,349.3,181.64,ZRX/USD
0.52,0.5264,0.52,0.5264,1537372800,349.3,181.64,ZRX/USD
0.5149,0.52,0.5149,0.52,1537376400,11976.0,6173.29,ZRX/USD
0.5049,0.523,0.5,0.5149,1537380000,39267.89,19859.59,ZRX/USD
0.5255,0.53,0.497,0.5049,1537383600,74361.41,37581.98,ZRX/USD
0.5252,0.5267,0.5157,0.5157,1537387200,15642.3,8201.85,ZRX/USD
0.5283,0.5339,0.5252,0.5252,1537390800,73.71,39.24,ZRX/USD
0.5272,0.5283,0.5272,0.5283,1537394400,333.76,175.95,ZRX/USD
0.5271,0.5272,0.5271,0.5272,1537398000,100.0,52.71,ZRX/USD
0.531,0.5313,0.5271,0.5271,1537401600,3729.67,1973.58,ZRX/USD
0.534,0.534,0.531,0.531,1537405200,728.94,388.44,ZRX/USD
0.5298,0.534,0.5298,0.534,1537408800,351.32,186.13,ZRX/USD
0.5298,0.5298,0.5298,0.5298,1537412400,0.0,0.0,ZRX/USD
0.5298,0.5298,0.5298,0.5298,1537416000,0.0,0.0,ZRX/USD
0.53,0.53,0.5298,0.5298,1537419600,201.0,106.53,ZRX/USD
0.5355,0.5355,0.53,0.53,1537423200,25.0,13.39,ZRX/USD
0.532,0.5355,0.532,0.5355,1537426800,641.36,341.22,ZRX/USD
0.5337,0.5337,0.532,0.532,1537430400,100.0,53.37,ZRX/USD
0.5301,0.5337,0.53,0.5337,1537434000,1756.48,931.14,ZRX/USD
0.5349,0.5349,0.5301,0.5301,1537437600,839.75,448.99,ZRX/USD
0.5384,0.5384,0.5349,0.5349,1537441200,1100.0,588.85,ZRX/USD
0.54,0.5434,0.5368,0.5384,1537444800,2282.21,1231.29,ZRX/USD
0.5441,0.5447,0.5352,0.54,1537448400,6467.38,3509.48,ZRX/USD
0.5346,0.5484,0.531,0.5441,1537452000,25505.29,13692.85,ZRX/USD
0.5404,0.5404,0.5342,0.5346,1537455600,537.58,290.08,ZRX/USD
0.5396,0.5486,0.5347,0.5404,1537459200,11807.08,6371.37,ZRX/USD
0.537,0.5477,0.537,0.5396,1537462800,2365.22,1284.39,ZRX/USD
0.5194,0.537,0.5194,0.537,1537466400,1208.73,586.39,ZRX/USD
0.5385,0.5421,0.5194,0.5194,1537470000,2790.62,1493.98,ZRX/USD
0.5311,0.5624,0.531,0.5385,1537473600,15505.06,8536.6,ZRX/USD
0.5432,0.57,0.531,0.5311,1537477200,20735.83,11232.1,ZRX/USD
0.5715,0.5715,0.5432,0.5432,1537480800,1839.03,1033.56,ZRX/USD
0.5658,0.5795,0.565,0.5715,1537484400,18269.23,10502.8,ZRX/USD
0.565,0.5744,0.565,0.5658,1537488000,2730.61,1553.23,ZRX/USD
0.5652,0.5656,0.565,0.565,1537491600,26946.0,15227.09,ZRX/USD
0.575,0.575,0.5652,0.5652,1537495200,193.14,111.06,ZRX/USD
0.5774,0.5836,0.5726,0.575,1537498800,28877.43,16722.72,ZRX/USD
0.58,0.5853,0.5774,0.5774,1537502400,1901.78,1105.16,ZRX/USD
0.5871,0.5871,0.58,0.58,1537506000,5963.4,3498.07,ZRX/USD
0.5856,0.5871,0.5785,0.5871,1537509600,15943.91,9247.02,ZRX/USD
0.6044,0.6044,0.58,0.5856,1537513200,10242.83,6031.17,ZRX/USD
0.61,0.6199,0.6044,0.6044,1537516800,25370.13,15452.96,ZRX/USD
0.6227,0.6227,0.5985,0.61,1537520400,25400.99,15472.98,ZRX/USD
0.613,0.63,0.6113,0.6227,1537524000,6255.75,3887.62,ZRX/USD
0.634,0.6346,0.613,0.613,1537527600,3552.43,2217.05,ZRX/USD
0.655,0.655,0.6261,0.634,1537531200,4945.68,3157.63,ZRX/USD
0.6415,0.6697,0.64,0.655,1537534800,41273.4,26954.97,ZRX/USD
0.62,0.6415,0.62,0.6415,1537538400,35178.8,21972.42,ZRX/USD
0.6,0.6282,0.5972,0.62,1537542000,63591.39,39226.49,ZRX/USD
0.613,0.6319,0.5974,0.6,1537545600,6199.0,3820.84,ZRX/USD
0.6061,0.613,0.6061,0.613,1537549200,4950.72,3003.12,ZRX/USD
0.633,0.633,0.6061,0.6061,1537552800,23268.71,14594.59,ZRX/USD
0.6433,0.6529,0.633,0.633,1537556400,6741.37,4365.7,ZRX/USD
0.6164,0.6433,0.6164,0.6433,1537560000,19272.85,12173.15,ZRX/USD
0.6259,0.6261,0.6049,0.6164,1537563600,4105.53,2523.05,ZRX/USD
0.6261,0.6261,0.6259,0.6259,1537567200,1459.0,913.48,ZRX/USD
0.6357,0.64,0.6261,0.6261,1537570800,4875.43,3110.58,ZRX/USD
0.6489,0.6489,0.6353,0.6357,1537574400,12740.9,8154.86,ZRX/USD
0.624,0.6489,0.624,0.6489,1537578000,725.5,453.75,ZRX/USD
0.621,0.624,0.621,0.624,1537581600,25.0,15.53,ZRX/USD
0.62,0.621,0.6057,0.621,1537585200,2007.92,1226.13,ZRX/USD
0.615,0.62,0.615,0.62,1537588800,20000.0,12300.0,ZRX/USD
0.6137,0.615,0.6008,0.615,1537592400,21764.56,13122.82,ZRX/USD
0.6137,0.6137,0.6137,0.6137,1537596000,0.0,0.0,ZRX/USD
0.6075,0.6137,0.6071,0.6137,1537599600,2829.25,1718.78,ZRX/USD
0.5997,0.6103,0.5997,0.6075,1537603200,2630.7,1592.93,ZRX/USD
0.5978,0.5999,0.5931,0.5997,1537606800,8931.15,5308.45,ZRX/USD
0.5908,0.6013,0.5908,0.5978,1537610400,21377.73,12724.25,ZRX/USD
0.5958,0.5978,0.5908,0.5908,1537614000,646.93,385.8,ZRX/USD
0.5982,0.5983,0.5952,0.5958,1537617600,2780.52,1658.69,ZRX/USD
0.611,0.6114,0.5982,0.5982,1537621200,2218.21,1352.78,ZRX/USD
0.6027,0.6112,0.6027,0.611,1537624800,9948.99,6073.35,ZRX/USD
0.6099,0.6188,0.6027,0.6027,1537628400,1986.0,1206.0,ZRX/USD
0.6155,0.6155,0.6099,0.6099,1537632000,80.0,49.24,ZRX/USD
0.61,0.6155,0.6044,0.6155,1537635600,12848.0,7838.82,ZRX/USD
0.62,0.6229,0.61,0.61,1537639200,5680.66,3494.02,ZRX/USD
0.6148,0.62,0.6143,0.62,1537642800,13.15,7.29,ZRX/USD
0.6139,0.6148,0.6026,0.6148,1537646400,16100.8,9842.68,ZRX/USD
0.6146,0.6146,0.6126,0.6139,1537650000,1835.07,1125.34,ZRX/USD
0.6167,0.6167,0.6146,0.6146,1537653600,292.87,180.54,ZRX/USD
0.6167,0.6167,0.6167,0.6167,1537657200,0.0,0.0,ZRX/USD
0.6167,0.6167,0.6167,0.6167,1537660800,0.0,0.0,ZRX/USD
0.601,0.6167,0.601,0.6167,1537664400,1724.9,1037.36,ZRX/USD
0.601,0.601,0.601,0.601,1537668000,0.0,0.0,ZRX/USD
0.605,0.605,0.601,0.601,1537671600,1118.49,676.32,ZRX/USD
0.6101,0.6101,0.605,0.605,1537675200,100.0,61.01,ZRX/USD
0.6127,0.6127,0.6101,0.6101,1537678800,1273.99,780.52,ZRX/USD
0.6103,0.617,0.6103,0.6127,1537682400,2988.12,1832.37,ZRX/USD
0.6103,0.6103,0.6103,0.6103,1537686000,0.0,0.0,ZRX/USD
0.6259,0.6259,0.6103,0.6103,1537689600,7525.49,4682.25,ZRX/USD
0.636,0.6412,0.6259,0.6259,1537693200,26925.41,17235.95,ZRX/USD
0.6269,0.6377,0.6256,0.636,1537696800,8898.06,5630.1,ZRX/USD
0.6364,0.64,0.6269,0.6269,1537700400,11382.69,7166.91,ZRX/USD
0.6364,0.6396,0.6364,0.6364,1537704000,1180.54,753.11,ZRX/USD
0.6304,0.6375,0.6255,0.6364,1537707600,2036.57,1285.14,ZRX/USD
0.6272,0.6364,0.6235,0.6304,1537711200,1682.05,1051.41,ZRX/USD
0.6198,0.6272,0.6162,0.6272,1537714800,11196.63,6966.23,ZRX/USD
0.625,0.625,0.6147,0.6198,1537718400,13126.37,8179.81,ZRX/USD
0.6295,0.6312,0.625,0.625,1537722000,8997.26,5671.87,ZRX/USD
0.6326,0.6326,0.6263,0.6295,1537725600,11480.18,7201.11,ZRX/USD
0.64,0.6459,0.6317,0.6326,1537729200,7571.07,4849.65,ZRX/USD
0.6334,0.64,0.6334,0.64,1537732800,1332.45,849.69,ZRX/USD
0.6468,0.6468,0.6334,0.6334,1537736400,3569.5,2307.15,ZRX/USD
0.6483,0.65,0.6439,0.6468,1537740000,5928.29,3848.62,ZRX/USD
0.65,0.6521,0.6483,0.6483,1537743600,69.21,45.03,ZRX/USD
0.655,0.6568,0.6464,0.65,1537747200,9920.96,6505.05,ZRX/USD
0.661,0.6688,0.6496,0.655,1537750800,4278.47,2824.97,ZRX/USD
0.6591,0.664,0.6557,0.661,1537754400,16716.69,11022.81,ZRX/USD
0.66,0.66,0.6591,0.6591,1537758000,19967.39,13163.16,ZRX/USD
0.6541,0.6633,0.6539,0.66,1537761600,6938.2,4551.45,ZRX/USD
0.6511,0.6541,0.6361,0.6541,1537765200,12978.22,8370.91,ZRX/USD
0.6322,0.6649,0.6308,0.6511,1537768800,13284.62,8667.45,ZRX/USD
0.6328,0.6398,0.6297,0.6322,1537772400,7836.11,4956.31,ZRX/USD
0.6294,0.6397,0.6294,0.6328,1537776000,319.05,203.79,ZRX/USD
0.6123,0.6295,0.611,0.6295,1537779600,11605.6,7158.17,ZRX/USD
0.6188,0.6208,0.6123,0.6123,1537783200,2186.86,1346.47,ZRX/USD
0.6133,0.6188,0.613,0.6188,1537786800,123.16,75.52,ZRX/USD
0.6242,0.6325,0.6133,0.6133,1537790400,7033.82,4425.71,ZRX/USD
0.6389,0.6389,0.6238,0.6242,1537794000,1508.71,961.45,ZRX/USD
0.6536,0.6579,0.6389,0.6389,1537797600,47747.65,31239.66,ZRX/USD
0.683,0.7219,0.6536,0.6536,1537801200,156113.79,107931.71,ZRX/USD
0.6715,0.6963,0.6714,0.683,1537804800,52349.44,35757.55,ZRX/USD
0.6917,0.6931,0.6714,0.6715,1537808400,26127.71,17929.48,ZRX/USD
0.7123,0.7376,0.6917,0.6917,1537812000,129835.19,93256.39,ZRX/USD
0.718,0.7251,0.7029,0.7123,1537815600,31017.85,22217.15,ZRX/USD
0.7056,0.718,0.7056,0.718,1537819200,5939.71,4213.6,ZRX/USD
0.6798,0.7088,0.6772,0.7056,1537822800,20860.38,14447.84,ZRX/USD
0.6675,0.6867,0.6514,0.6798,1537826400,29929.79,19856.42,ZRX/USD
0.6579,0.6675,0.65,0.6675,1537830000,5088.14,3331.67,ZRX/USD
0.64,0.6588,0.64,0.6579,1537833600,14819.31,9598.88,ZRX/USD
0.6201,0.64,0.6197,0.64,1537837200,23936.62,14952.5,ZRX/USD
0.6331,0.639,0.6171,0.6201,1537840800,18713.01,11746.18,ZRX/USD
0.6347,0.645,0.6331,0.6331,1537844400,2458.99,1578.54,ZRX/USD
0.6351,0.6407,0.6309,0.6347,1537848000,1178.4,749.12,ZRX/USD
0.6364,0.6389,0.6271,0.6351,1537851600,6092.09,3841.16,ZRX/USD
0.611,0.6364,0.611,0.6364,1537855200,11713.76,7267.62,ZRX/USD
0.5999,0.6163,0.5954,0.611,1537858800,7790.85,4723.13,ZRX/USD
0.6049,0.6072,0.5999,0.5999,1537862400,20971.52,12694.58,ZRX/USD
0.6179,0.6179,0.6049,0.6049,1537866000,4638.41,2854.9,ZRX/USD
0.6155,0.6179,0.61,0.6179,1537869600,14456.27,8820.74,ZRX/USD
0.6048,0.6155,0.6004,0.6155,1537873200,16377.1,9942.31,ZRX/USD
0.6144,0.6229,0.6,0.6048,1537876800,39890.19,24089.05,ZRX/USD
0.6113,0.6166,0.6113,0.6144,1537880400,1925.17,1184.18,ZRX/USD
0.6173,0.6173,0.6046,0.6113,1537884000,8420.53,5140.86,ZRX/USD
0.6123,0.6173,0.6061,0.6173,1537887600,2225.54,1363.23,ZRX/USD
0.6124,0.6124,0.6078,0.6123,1537891200,207.82,126.72,ZRX/USD
0.6048,0.6124,0.6048,0.6124,1537894800,4896.07,2972.06,ZRX/USD
0.6079,0.61,0.5991,0.6048,1537898400,9373.2,5645.05,ZRX/USD
0.6108,0.611,0.6021,0.6079,1537902000,3149.54,1908.0,ZRX/USD
0.6308,0.6318,0.6094,0.6108,1537905600,11146.54,6927.68,ZRX/USD
0.659,0.659,0.6182,0.6308,1537909200,21900.33,14079.47,ZRX/USD
0.6537,0.6683,0.648,0.659,1537912800,14118.19,9309.93,ZRX/USD
0.6641,0.6719,0.6408,0.6537,1537916400,54473.29,35281.71,ZRX/USD
0.6422,0.6641,0.6408,0.6641,1537920000,4687.03,3039.44,ZRX/USD
0.6277,0.6422,0.624,0.6422,1537923600,10149.18,6349.65,ZRX/USD
0.6277,0.6277,0.6277,0.6277,1537927200,0.0001208,7.582e-05,ZRX/USD
0.6302,0.6302,0.623,0.6277,1537930800,1506.19,941.67,ZRX/USD
0.6255,0.6302,0.6255,0.6302,1537934400,1030.42,644.56,ZRX/USD
0.6496,0.6496,0.6255,0.6255,1537938000,7007.4,4514.52,ZRX/USD
0.6316,0.6496,0.6316,0.6496,1537941600,1397.76,889.92,ZRX/USD
0.6399,0.6399,0.6264,0.6316,1537945200,1261.08,802.18,ZRX/USD
0.669,0.669,0.633,0.6399,1537948800,10519.6,6830.16,ZRX/USD
0.6495,0.669,0.633,0.669,1537952400,6806.33,4352.37,ZRX/USD
0.6518,0.6612,0.6487,0.6495,1537956000,4917.25,3203.46,ZRX/USD
0.6608,0.6624,0.6518,0.6518,1537959600,29512.26,19380.72,ZRX/USD
0.6656,0.6701,0.6605,0.6608,1537963200,30213.96,20090.03,ZRX/USD
0.6509,0.6668,0.6509,0.6656,1537966800,18641.48,12196.58,ZRX/USD
0.675,0.675,0.6509,0.6509,1537970400,16786.61,11131.28,ZRX/USD
0.666,0.6841,0.666,0.675,1537974000,41029.15,27657.88,ZRX/USD
0.6674,0.6723,0.6652,0.666,1537977600,14352.81,9587.04,ZRX/USD
0.6715,0.6729,0.6674,0.6674,1537981200,13273.31,8925.74,ZRX/USD
0.6754,0.6815,0.6715,0.6715,1537984800,1240.95,844.13,ZRX/USD
0.6607,0.6811,0.6607,0.6754,1537988400,3571.97,2398.09,ZRX/USD
0.6675,0.6676,0.6588,0.6607,1537992000,2610.01,1736.26,ZRX/USD
0.6481,0.6706,0.6481,0.6675,1537995600,33767.73,22384.04,ZRX/USD
0.6431,0.6584,0.6397,0.6481,1537999200,18419.35,11877.01,ZRX/USD
0.6428,0.6504,0.6428,0.6431,1538002800,376.58,246.01,ZRX/USD
0.6544,0.6544,0.6428,0.6428,1538006400,4773.5,3120.5,ZRX/USD
0.6551,0.656,0.6544,0.6544,1538010000,118.4,81.35,ZRX/USD
0.6548,0.6552,0.6548,0.6551,1538013600,649.12,425.28,ZRX/USD
0.657,0.657,0.6546,0.6548,1538017200,1106.22,725.09,ZRX/USD
0.6559,0.6618,0.6559,0.657,1538020800,2647.45,1738.67,ZRX/USD
0.6646,0.6646,0.6559,0.6559,1538024400,100.0,66.41,ZRX/USD
0.6629,0.6646,0.6629,0.6646,1538028000,1571.04,1041.86,ZRX/USD
0.6551,0.6629,0.6551,0.6629,1538031600,994.62,654.69,ZRX/USD
0.6467,0.6551,0.636,0.6551,1538035200,30242.4,19419.23,ZRX/USD
0.6447,0.6471,0.6447,0.6467,1538038800,1114.21,720.0,ZRX/USD
0.6513,0.6517,0.6447,0.6447,1538042400,2340.53,1523.06,ZRX/USD
0.6563,0.665,0.6502,0.6513,1538046000,14646.51,9626.28,ZRX/USD
0.6678,0.6678,0.6535,0.6563,1538049600,4680.95,3105.36,ZRX/USD
0.6658,0.6687,0.6626,0.6678,1538053200,8590.48,5724.56,ZRX/USD
0.67,0.6706,0.6621,0.6658,1538056800,10674.11,7142.47,ZRX/USD
0.6621,0.67,0.6621,0.67,1538060400,156.16,104.19,ZRX/USD
0.6741,0.6741,0.6621,0.6621,1538064000,1125.03,754.69,ZRX/USD
0.6656,0.6741,0.6656,0.6741,1538067600,4022.56,2691.53,ZRX/USD
0.665,0.67,0.665,0.6656,1538071200,422.5,282.09,ZRX/USD
0.6961,0.6985,0.665,0.665,1538074800,29375.72,20350.9,ZRX/USD
0.694,0.7095,0.6877,0.6961,1538078400,13923.84,9679.42,ZRX/USD
0.6943,0.6988,0.6936,0.694,1538082000,1142.58,795.54,ZRX/USD
0.6813,0.6943,0.6813,0.6943,1538085600,14648.27,10077.85,ZRX/USD
0.6817,0.685,0.6813,0.6813,1538089200,1964.53,1342.34,ZRX/USD
0.6884,0.6884,0.6817,0.6817,1538092800,2082.04,1431.13,ZRX/USD
0.6891,0.6906,0.6884,0.6884,1538096400,4343.7,2991.36,ZRX/USD
0.6848,0.6919,0.6848,0.6891,1538100000,753.53,519.71,ZRX/USD
0.6802,0.7004,0.6802,0.6848,1538103600,2030.26,1402.09,ZRX/USD
0.6827,0.6827,0.68,0.6802,1538107200,2807.53,1913.11,ZRX/USD
0.6827,0.6827,0.6827,0.6827,1538110800,0.0,0.0,ZRX/USD
0.6836,0.6939,0.6827,0.6827,1538114400,16145.22,11153.64,ZRX/USD
0.6992,0.6992,0.6836,0.6836,1538118000,13114.21,9122.59,ZRX/USD
0.6885,0.6992,0.686,0.6992,1538121600,661.43,458.21,ZRX/USD
0.6725,0.6885,0.668,0.6885,1538125200,36985.88,24768.31,ZRX/USD
0.6773,0.6777,0.6713,0.6725,1538128800,1267.35,859.24,ZRX/USD
0.6756,0.6789,0.6756,0.6773,1538132400,597.46,403.81,ZRX/USD
0.6618,0.6756,0.6617,0.6756,1538136000,13864.37,9240.12,ZRX/USD
0.666,0.6672,0.6616,0.6618,1538139600,9391.5,6254.43,ZRX/USD
0.6701,0.6701,0.666,0.666,1538143200,209.32,141.51,ZRX/USD
0.6697,0.6701,0.6657,0.6701,1538146800,133.65,89.33,ZRX/USD
0.663,0.6697,0.661,0.6697,1538150400,813.16,543.71,ZRX/USD
0.663,0.663,0.663,0.663,1538154000,2295.69,1522.04,ZRX/USD
0.661,0.6651,0.66,0.663,1538157600,3777.91,2508.87,ZRX/USD
0.6691,0.6692,0.641,0.661,1538161200,12382.16,8030.3,ZRX/USD
0.6638,0.6691,0.6584,0.6691,1538164800,534.8,352.46,ZRX/USD
0.6531,0.6638,0.6531,0.6638,1538168400,3387.97,2231.99,ZRX/USD
0.6596,0.6596,0.6531,0.6531,1538172000,150.0,98.94,ZRX/USD
0.6561,0.6596,0.6561,0.6596,1538175600,40.0,26.25,ZRX/USD
0.6536,0.6561,0.6518,0.6561,1538179200,560.03,365.8,ZRX/USD
0.6348,0.6536,0.6348,0.6536,1538182800,7549.18,4834.2,ZRX/USD
0.635,0.635,0.6348,0.6348,1538186400,720.0,457.2,ZRX/USD
0.6277,0.635,0.6277,0.635,1538190000,5869.71,3693.04,ZRX/USD
0.6327,0.6327,0.6269,0.6277,1538193600,115.79,73.04,ZRX/USD
0.63,0.635,0.629,0.6327,1538197200,12624.52,8010.76,ZRX/USD
0.6296,0.63,0.6227,0.63,1538200800,1072.47,671.34,ZRX/USD
0.6379,0.6379,0.6296,0.6296,1538204400,8185.48,5193.43,ZRX/USD
0.648,0.6533,0.6379,0.6379,1538208000,1809.7,1172.92,ZRX/USD
0.6598,0.6671,0.648,0.648,1538211600,5172.3,3393.69,ZRX/USD
0.658,0.6598,0.6515,0.6598,1538215200,425.39,278.04,ZRX/USD
0.6584,0.6648,0.6542,0.658,1538218800,29338.98,19370.25,ZRX/USD
0.6653,0.6653,0.6584,0.6584,1538222400,979.28,651.5,ZRX/USD
0.6516,0.6653,0.6507,0.6653,1538226000,8102.36,5322.91,ZRX/USD
0.6471,0.6526,0.6471,0.6516,1538229600,1570.59,1021.61,ZRX/USD
0.652,0.6549,0.6471,0.6471,1538233200,2044.09,1333.79,ZRX/USD
0.6428,0.6562,0.6428,0.652,1538236800,12226.27,7899.63,ZRX/USD
0.6497,0.6497,0.6428,0.6428,1538240400,21.0,13.64,ZRX/USD
0.642,0.6497,0.642,0.6497,1538244000,2000.0,1284.05,ZRX/USD
0.6463,0.6496,0.642,0.642,1538247600,2027.0,1306.53,ZRX/USD
0.6472,0.6499,0.6462,0.6463,1538251200,3056.98,1976.06,ZRX/USD
0.644,0.6472,0.644,0.6472,1538254800,458.86,295.83,ZRX/USD
0.6476,0.6486,0.644,0.644,1538258400,100.0,64.81,ZRX/USD
0.6499,0.6504,0.6445,0.6476,1538262000,14345.04,9247.5,ZRX/USD
0.6442,0.6499,0.6417,0.6499,1538265600,4746.8,3046.97,ZRX/USD
0.6442,0.6442,0.6442,0.6442,1538269200,0.0,0.0,ZRX/USD
0.638,0.6442,0.638,0.6442,1538272800,6934.12,4448.6,ZRX/USD
0.6369,0.638,0.6369,0.638,1538276400,170.0,108.27,ZRX/USD
0.6313,0.6369,0.6313,0.6369,1538280000,474.76,302.14,ZRX/USD
0.6344,0.6346,0.6313,0.6313,1538283600,1536.69,975.04,ZRX/USD
0.6348,0.6348,0.6287,0.6344,1538287200,15039.47,9489.26,ZRX/USD
0.6386,0.6386,0.6348,0.6348,1538290800,303.37,193.72,ZRX/USD
0.6349,0.6386,0.6272,0.6386,1538294400,5179.15,3270.24,ZRX/USD
0.635,0.635,0.6349,0.6349,1538298000,150.7,97.88,ZRX/USD
0.6406,0.6498,0.631,0.635,1538301600,4904.64,3139.13,ZRX/USD
0.6486,0.65,0.6406,0.6406,1538305200,12814.94,8322.78,ZRX/USD
0.649,0.6491,0.6486,0.6486,1538308800,2020.0,1311.08,ZRX/USD
0.649,0.649,0.649,0.649,1538312400,800.0,519.21,ZRX/USD
0.6537,0.6537,0.6462,0.649,1538316000,2360.87,1535.77,ZRX/USD
0.6431,0.6537,0.6431,0.6537,1538319600,5805.48,3747.74,ZRX/USD
0.6482,0.6483,0.6429,0.6431,1538323200,5073.86,3262.43,ZRX/USD
0.6421,0.6482,0.642,0.6482,1538326800,1073.87,689.53,ZRX/USD
0.6481,0.6481,0.642,0.6421,1538330400,315.34,203.96,ZRX/USD
0.6481,0.6481,0.6481,0.6481,1538334000,0.0,0.0,ZRX/USD
0.6335,0.6481,0.6335,0.6481,1538337600,256.79,163.26,ZRX/USD
0.6411,0.6411,0.6335,0.6335,1538341200,311.52,198.99,ZRX/USD
0.6483,0.6483,0.6384,0.6411,1538344800,312.99,200.61,ZRX/USD
0.644,0.6483,0.644,0.6483,1538348400,1845.21,1188.32,ZRX/USD
0.6476,0.6476,0.644,0.644,1538352000,344.19,222.79,ZRX/USD
0.653,0.653,0.6476,0.6476,1538355600,3104.61,2026.02,ZRX/USD
0.653,0.653,0.653,0.653,1538359200,0.0,0.0,ZRX/USD
0.6509,0.653,0.6509,0.653,1538362800,218.0,141.89,ZRX/USD
0.65,0.6509,0.65,0.6509,1538366400,948.96,616.82,ZRX/USD
0.6504,0.6504,0.645,0.65,1538370000,301.28,195.44,ZRX/USD
0.6495,0.6504,0.6441,0.6504,1538373600,2761.1,1788.25,ZRX/USD
0.64,0.6495,0.64,0.6495,1538377200,10206.2,6557.5,ZRX/USD
0.6362,0.64,0.6362,0.64,1538380800,9428.91,6032.53,ZRX/USD
0.6388,0.6449,0.6371,0.6371,1538384400,605.0,386.81,ZRX/USD
0.6444,0.6454,0.6388,0.6388,1538388000,9847.31,6348.75,ZRX/USD
0.6411,0.6444,0.638,0.6444,1538391600,1228.01,786.83,ZRX/USD
0.6382,0.6411,0.638,0.6411,1538395200,1032.64,658.97,ZRX/USD
0.6335,0.6386,0.6335,0.6382,1538398800,2079.65,1317.72,ZRX/USD
0.6306,0.6345,0.6306,0.6335,1538402400,2570.89,1628.21,ZRX/USD
0.6306,0.6306,0.6306,0.6306,1538406000,132.06,83.28,ZRX/USD
0.6382,0.6382,0.6301,0.6306,1538409600,393.62,249.94,ZRX/USD
0.6348,0.6416,0.6306,0.6382,1538413200,2670.49,1700.09,ZRX/USD
0.634,0.6348,0.634,0.6348,1538416800,1042.0,660.74,ZRX/USD
0.6348,0.6348,0.6306,0.634,1538420400,439.65,278.64,ZRX/USD
0.6325,0.6348,0.6325,0.6348,1538424000,229.49,145.15,ZRX/USD
0.6412,0.6421,0.6312,0.6325,1538427600,2547.08,1612.35,ZRX/USD
0.6316,0.6412,0.6316,0.6412,1538431200,91.7,57.92,ZRX/USD
0.632,0.6328,0.6316,0.6316,1538434800,122.54,77.47,ZRX/USD
0.6398,0.6398,0.632,0.632,1538438400,711.9,454.89,ZRX/USD
0.6407,0.6407,0.6369,0.6398,1538442000,1047.0,667.0,ZRX/USD
0.643,0.6435,0.6407,0.6407,1538445600,220.0,141.55,ZRX/USD
0.643,0.643,0.643,0.643,1538449200,0.0,0.0,ZRX/USD
0.6436,0.6436,0.643,0.643,1538452800,38.08,24.51,ZRX/USD
0.6436,0.6436,0.6436,0.6436,1538456400,0.0,0.0,ZRX/USD
0.6435,0.6436,0.6435,0.6436,1538460000,88.0,56.63,ZRX/USD
0.6435,0.6435,0.6435,0.6435,1538463600,0.0,0.0,ZRX/USD
0.645,0.6471,0.6435,0.6435,1538467200,6110.44,3947.73,ZRX/USD
0.645,0.645,0.645,0.645,1538470800,0.0,0.0,ZRX/USD
0.6389,0.645,0.6382,0.645,1538474400,633.69,404.73,ZRX/USD
0.6389,0.6389,0.6389,0.6389,1538478000,0.0,0.0,ZRX/USD
0.6381,0.6443,0.6381,0.6389,1538481600,4997.06,3191.66,ZRX/USD
0.6357,0.6381,0.634,0.6381,1538485200,6895.01,4384.52,ZRX/USD
0.6332,0.6357,0.6332,0.6357,1538488800,284.98,180.63,ZRX/USD
0.6313,0.6332,0.6313,0.6332,1538492400,1098.0,693.23,ZRX/USD
0.6324,0.6329,0.6269,0.6313,1538496000,3075.47,1944.1,ZRX/USD
0.6249,0.6324,0.6247,0.6324,1538499600,6943.55,4338.61,ZRX/USD
0.6292,0.6335,0.6249,0.6249,1538503200,4805.62,3024.61,ZRX/USD
0.6292,0.6292,0.6292,0.6292,1538506800,0.0,0.0,ZRX/USD
0.6292,0.6292,0.6292,0.6292,1538510400,0.0,0.0,ZRX/USD
0.63,0.63,0.6266,0.6292,1538514000,1275.37,802.86,ZRX/USD
0.6371,0.6372,0.63,0.63,1538517600,6102.09,3888.08,ZRX/USD
0.634,0.6371,0.634,0.6371,1538521200,127.46,80.81,ZRX/USD
0.6214,0.634,0.6214,0.634,1538524800,645.39,402.61,ZRX/USD
0.6222,0.6222,0.6214,0.6214,1538528400,1433.9,892.15,ZRX/USD
0.6131,0.6222,0.6131,0.6222,1538532000,24950.55,15382.21,ZRX/USD
0.6025,0.6131,0.6025,0.6131,1538535600,23770.23,14399.84,ZRX/USD
0.605,0.6059,0.601,0.6025,1538539200,517.3,313.07,ZRX/USD
0.6127,0.6127,0.605,0.605,1538542800,121.0,73.78,ZRX/USD
0.6111,0.6127,0.611,0.6127,1538546400,7681.95,4694.8,ZRX/USD
0.6115,0.6115,0.6111,0.6111,1538550000,40.0,24.46,ZRX/USD
0.6087,0.6115,0.6026,0.6115,1538553600,4194.95,2550.53,ZRX/USD
0.606,0.6087,0.6033,0.6087,1538557200,2063.14,1249.11,ZRX/USD
0.6089,0.6164,0.606,0.606,1538560800,1276.2,780.79,ZRX/USD
0.6089,0.6091,0.6089,0.6089,1538564400,400.0,243.58,ZRX/USD
0.6072,0.6092,0.6072,0.6089,1538568000,1750.34,1064.62,ZRX/USD
0.6043,0.6072,0.6026,0.6072,1538571600,594.51,358.69,ZRX/USD
0.6081,0.6117,0.6043,0.6043,1538575200,17389.87,10585.82,ZRX/USD
0.6081,0.6177,0.6081,0.6081,1538578800,1208.68,737.06,ZRX/USD
0.615,0.6155,0.6081,0.6081,1538582400,79.55,48.95,ZRX/USD
0.6168,0.617,0.61,0.615,1538586000,3095.24,1908.05,ZRX/USD
0.6058,0.6168,0.6058,0.6168,1538589600,100.0,60.67,ZRX/USD
0.6037,0.6106,0.6037,0.6058,1538593200,168.15,102.44,ZRX/USD
0.6046,0.6046,0.6037,0.6037,1538596800,154.94,93.68,ZRX/USD
0.6037,0.6102,0.6037,0.6046,1538600400,2691.47,1625.55,ZRX/USD
0.6079,0.608,0.6037,0.6037,1538604000,902.0,547.91,ZRX/USD
0.6058,0.608,0.605,0.6079,1538607600,24665.51,14974.66,ZRX/USD
0.6058,0.6058,0.6058,0.6058,1538611200,0.0,0.0,ZRX/USD
0.6198,0.6198,0.6058,0.6058,1538614800,227.06,140.43,ZRX/USD
0.6284,0.6284,0.6198,0.6198,1538618400,6175.37,3880.64,ZRX/USD
0.6284,0.6328,0.6284,0.6284,1538622000,17549.73,11050.93,ZRX/USD
0.6271,0.6284,0.6271,0.6284,1538625600,100.0,62.71,ZRX/USD
0.6271,0.6271,0.6271,0.6271,1538629200,0.0,0.0,ZRX/USD
0.6245,0.6271,0.6242,0.6271,1538632800,809.47,506.98,ZRX/USD
0.6238,0.6245,0.6238,0.6245,1538636400,31.9,19.9,ZRX/USD
0.6238,0.6238,0.6238,0.6238,1538640000,0.0,0.0,ZRX/USD
0.6238,0.6238,0.6238,0.6238,1538643600,0.0,0.0,ZRX/USD
0.6296,0.6297,0.6238,0.6238,1538647200,1898.0,1194.21,ZRX/USD
0.6238,0.6296,0.6238,0.6296,1538650800,132.95,82.94,ZRX/USD
0.6247,0.6247,0.6238,0.6238,1538654400,40.82,25.5,ZRX/USD
0.6336,0.6336,0.6237,0.6247,1538658000,13676.01,8596.24,ZRX/USD
0.6348,0.636,0.6293,0.6336,1538661600,13023.98,8238.75,ZRX/USD
0.6357,0.6357,0.6348,0.6348,1538665200,570.0,362.36,ZRX/USD
0.6441,0.6442,0.6357,0.6357,1538668800,5146.42,3306.21,ZRX/USD
0.6388,0.6441,0.636,0.6441,1538672400,256.07,163.13,ZRX/USD
0.65,0.65,0.6388,0.6388,1538676000,2888.58,1869.03,ZRX/USD
0.6446,0.6519,0.6446,0.65,1538679600,21179.78,13693.86,ZRX/USD
0.645,0.6481,0.6446,0.6446,1538683200,369.67,238.79,ZRX/USD
0.6379,0.645,0.632,0.645,1538686800,11351.58,7201.49,ZRX/USD
0.642,0.6446,0.6379,0.6379,1538690400,4596.06,2949.7,ZRX/USD
0.642,0.642,0.642,0.642,1538694000,0.0,0.0,ZRX/USD
0.6445,0.6445,0.642,0.642,1538697600,1709.19,1101.6,ZRX/USD
0.642,0.6445,0.642,0.6445,1538701200,17447.79,11210.56,ZRX/USD
0.6324,0.642,0.6324,0.642,1538704800,29268.81,18781.1,ZRX/USD
0.6324,0.6324,0.6324,0.6324,1538708400,0.0,0.0,ZRX/USD
0.632,0.6357,0.632,0.6324,1538712000,13841.19,8757.53,ZRX/USD
0.6341,0.6341,0.6291,0.632,1538715600,5376.2,3382.41,ZRX/USD
0.636,0.636,0.6341,0.6341,1538719200,52.49,34.58,ZRX/USD
0.6333,0.636,0.6333,0.636,1538722800,637.36,403.7,ZRX/USD
0.6305,0.6333,0.6305,0.6333,1538726400,20.0,12.61,ZRX/USD
0.6306,0.6306,0.629,0.6305,1538730000,256.86,163.34,ZRX/USD
0.6314,0.6314,0.6306,0.6306,1538733600,124.46,78.78,ZRX/USD
0.632,0.632,0.6314,0.6314,1538737200,304.15,192.23,ZRX/USD
0.6324,0.6377,0.632,0.632,1538740800,2881.54,1821.29,ZRX/USD
0.6324,0.6324,0.6324,0.6324,1538744400,0.0,0.0,ZRX/USD
0.6311,0.6324,0.6311,0.6324,1538748000,50.0,31.55,ZRX/USD
0.6315,0.6325,0.6311,0.6311,1538751600,473.34,299.05,ZRX/USD
0.6267,0.6325,0.6267,0.6315,1538755200,14503.94,9105.55,ZRX/USD
0.6299,0.6299,0.6267,0.6267,1538758800,20.5,12.91,ZRX/USD
0.6301,0.6304,0.6299,0.6299,1538762400,117.68,74.18,ZRX/USD
0.6335,0.6335,0.6301,0.6301,1538766000,370.94,234.92,ZRX/USD
0.6414,0.6432,0.6335,0.6335,1538769600,4480.7,2861.62,ZRX/USD
0.6389,0.6414,0.6331,0.6414,1538773200,1142.84,724.79,ZRX/USD
0.6421,0.6481,0.6389,0.6389,1538776800,18699.6,12061.0,ZRX/USD
0.6421,0.6421,0.6421,0.6421,1538780400,0.0,0.0,ZRX/USD
0.6493,0.6493,0.6421,0.6421,1538784000,8109.0,5265.1,ZRX/USD
0.6539,0.6539,0.6493,0.6493,1538787600,1661.97,1086.3,ZRX/USD
0.6539,0.6539,0.6539,0.6539,1538791200,0.0,0.0,ZRX/USD
0.6539,0.6539,0.6539,0.6539,1538794800,0.0,0.0,ZRX/USD
0.6539,0.6539,0.6539,0.6539,1538798400,0.0,0.0,ZRX/USD
0.6499,0.6539,0.6455,0.6539,1538802000,6350.65,4106.41,ZRX/USD
0.6455,0.6499,0.6455,0.6499,1538805600,2496.24,1620.44,ZRX/USD
0.6459,0.651,0.6455,0.6455,1538809200,6200.0,4032.45,ZRX/USD
0.6459,0.6459,0.6459,0.6459,1538812800,0.0,0.0,ZRX/USD
0.6459,0.6459,0.6459,0.6459,1538816400,0.0,0.0,ZRX/USD
0.6455,0.6493,0.6454,0.6459,1538820000,1233.2,799.92,ZRX/USD
0.6454,0.6455,0.6454,0.6455,1538823600,49.69,32.07,ZRX/USD
0.647,0.647,0.6395,0.6454,1538827200,517.02,333.89,ZRX/USD
0.6384,0.647,0.6384,0.647,1538830800,757.84,484.77,ZRX/USD
0.635,0.6384,0.635,0.6384,1538834400,8729.1,5569.88,ZRX/USD
0.6382,0.67,0.6337,0.635,1538838000,72132.22,46748.56,ZRX/USD
0.64,0.6404,0.638,0.6382,1538841600,1640.08,1048.47,ZRX/USD
0.6399,0.64,0.6399,0.64,1538845200,32.35,20.7,ZRX/USD
0.6361,0.6399,0.6361,0.6399,1538848800,281.24,179.19,ZRX/USD
0.636,0.6361,0.636,0.6361,1538852400,1659.03,1055.21,ZRX/USD
0.6411,0.6411,0.636,0.636,1538856000,2334.41,1490.72,ZRX/USD
0.6411,0.6446,0.6394,0.6411,1538859600,424.53,273.06,ZRX/USD
0.6421,0.6421,0.6392,0.6411,1538863200,5600.0,3588.33,ZRX/USD
0.6463,0.6463,0.6421,0.6421,1538866800,29.59,19.12,ZRX/USD
0.6463,0.6463,0.6463,0.6463,1538870400,0.0,0.0,ZRX/USD
0.6463,0.6463,0.6463,0.6463,1538874000,12.06,7.79,ZRX/USD
0.6463,0.6463,0.6463,0.6463,1538877600,0.0,0.0,ZRX/USD
0.6463,0.6463,0.6463,0.6463,1538881200,5.79,3.74,ZRX/USD
0.6596,0.6598,0.6463,0.6463,1538884800,3658.61,2411.7,ZRX/USD
0.6653,0.6653,0.6596,0.6596,1538888400,509.3,338.65,ZRX/USD
0.6578,0.6653,0.6578,0.6653,1538892000,20573.67,13543.15,ZRX/USD
0.6523,0.6578,0.6523,0.6578,1538895600,411.28,268.93,ZRX/USD
0.647,0.6523,0.6464,0.6523,1538899200,2600.03,1682.82,ZRX/USD
0.6482,0.6483,0.647,0.647,1538902800,2461.33,1595.53,ZRX/USD
0.655,0.655,0.6482,0.6482,1538906400,10071.99,6531.87,ZRX/USD
0.6553,0.6553,0.655,0.655,1538910000,6327.07,4145.7,ZRX/USD
0.6613,0.6631,0.6538,0.6553,1538913600,9637.07,6334.57,ZRX/USD
0.661,0.6628,0.6609,0.6613,1538917200,8169.74,5403.25,ZRX/USD
0.6691,0.6725,0.661,0.661,1538920800,6456.93,4331.0,ZRX/USD
0.6744,0.675,0.6671,0.6691,1538924400,32603.04,21942.12,ZRX/USD
0.72,0.7415,0.6743,0.6744,1538928000,79975.9,55876.48,ZRX/USD
0.7623,0.789,0.6987,0.72,1538931600,109723.98,83055.86,ZRX/USD
0.7519,0.7787,0.7279,0.7623,1538935200,150707.42,113523.13,ZRX/USD
0.7663,0.7944,0.7519,0.7519,1538938800,147032.38,114904.42,ZRX/USD
0.7419,0.7663,0.7293,0.7663,1538942400,319942.56,242151.84,ZRX/USD
0.728,0.75,0.7256,0.7419,1538946000,41628.61,30831.92,ZRX/USD
0.7188,0.7373,0.6633,0.728,1538949600,344626.75,243854.73,ZRX/USD
0.7372,0.75,0.7188,0.7188,1538953200,37700.59,27701.87,ZRX/USD
0.7356,0.751,0.7356,0.7372,1538956800,26685.85,19936.51,ZRX/USD
0.725,0.7356,0.725,0.7356,1538960400,17891.68,13023.66,ZRX/USD
0.7468,0.7505,0.725,0.725,1538964000,27994.47,20748.58,ZRX/USD
0.7503,0.7503,0.741,0.7468,1538967600,69.6,51.89,ZRX/USD
0.7396,0.7504,0.7396,0.7503,1538971200,3651.86,2718.76,ZRX/USD
0.7428,0.7504,0.7396,0.7396,1538974800,6243.09,4647.13,ZRX/USD
0.7553,0.756,0.7405,0.7428,1538978400,24485.98,18280.74,ZRX/USD
0.7619,0.765,0.7512,0.7553,1538982000,41227.11,31397.94,ZRX/USD
0.77,0.77,0.7597,0.7619,1538985600,57965.42,44535.4,ZRX/USD
0.7678,0.7916,0.7659,0.77,1538989200,56171.56,43711.35,ZRX/USD
0.7562,0.7765,0.7446,0.7678,1538992800,48666.06,36753.56,ZRX/USD
0.7582,0.7621,0.7496,0.7562,1538996400,20359.69,15429.7,ZRX/USD
0.743,0.763,0.743,0.7582,1539000000,40347.24,30397.64,ZRX/USD
0.7388,0.744,0.733,0.743,1539003600,51658.17,38226.08,ZRX/USD
0.7348,0.739,0.73,0.7388,1539007200,8755.79,6414.82,ZRX/USD
0.7281,0.736,0.7224,0.7348,1539010800,37911.39,27719.14,ZRX/USD
0.7312,0.7352,0.7214,0.7281,1539014400,22182.85,16105.12,ZRX/USD
0.7333,0.7468,0.7277,0.7312,1539018000,14792.58,10866.04,ZRX/USD
0.7153,0.7333,0.7153,0.7333,1539021600,19680.68,14122.33,ZRX/USD
0.7275,0.7275,0.7153,0.7153,1539025200,15037.81,10888.7,ZRX/USD
0.731,0.7367,0.7267,0.7275,1539028800,22332.76,16290.18,ZRX/USD
0.73,0.731,0.73,0.731,1539032400,129.26,94.37,ZRX/USD
0.7261,0.73,0.7261,0.73,1539036000,2000.0,1454.08,ZRX/USD
0.719,0.7261,0.7128,0.7261,1539039600,2912.85,2079.4,ZRX/USD
0.7148,0.7194,0.7148,0.719,1539043200,529.79,380.79,ZRX/USD
0.711,0.7185,0.711,0.7148,1539046800,1591.1,1136.71,ZRX/USD
0.71,0.711,0.71,0.711,1539050400,1644.1,1168.31,ZRX/USD
0.71,0.71,0.71,0.71,1539054000,0.0,0.0,ZRX/USD
0.7234,0.7268,0.71,0.71,1539057600,3260.03,2358.67,ZRX/USD
0.7221,0.7234,0.7221,0.7234,1539061200,4200.0,3032.86,ZRX/USD
0.7179,0.7221,0.7179,0.7221,1539064800,187.27,134.45,ZRX/USD
0.7226,0.7226,0.7178,0.7179,1539068400,2815.07,2025.38,ZRX/USD
0.711,0.7226,0.7043,0.7226,1539072000,9630.66,6813.04,ZRX/USD
0.7148,0.7148,0.711,0.711,1539075600,195.71,139.44,ZRX/USD
0.7224,0.7224,0.7148,0.7148,1539079200,108.45,78.08,ZRX/USD
0.7185,0.7244,0.7172,0.7224,1539082800,1978.77,1422.48,ZRX/USD
0.72,0.7301,0.7185,0.7185,1539086400,14399.69,10406.07,ZRX/USD
0.71,0.72,0.7089,0.72,1539090000,18262.18,13001.18,ZRX/USD
0.7199,0.7199,0.7082,0.71,1539093600,3698.69,2622.18,ZRX/USD
0.7232,0.7232,0.7199,0.7199,1539097200,13779.54,9960.94,ZRX/USD
0.72,0.7232,0.72,0.7232,1539100800,159.25,114.67,ZRX/USD
0.7182,0.7238,0.7182,0.72,1539104400,2000.0,1442.0,ZRX/USD
0.7662,0.781,0.7182,0.7182,1539108000,70656.11,53674.81,ZRX/USD
0.7705,0.779,0.7497,0.7662,1539111600,65998.82,50381.44,ZRX/USD
0.7716,0.772,0.7621,0.7705,1539115200,16606.67,12746.43,ZRX/USD
0.7648,0.7716,0.7627,0.7716,1539118800,4538.74,3480.79,ZRX/USD
0.7655,0.7657,0.7645,0.7648,1539122400,3904.94,2987.1,ZRX/USD
0.7648,0.7655,0.7588,0.7655,1539126000,1071.03,813.52,ZRX/USD
0.7648,0.7648,0.7648,0.7648,1539129600,0.0,0.0,ZRX/USD
0.759,0.7648,0.7556,0.7648,1539133200,138.96,105.3,ZRX/USD
0.7565,0.759,0.7565,0.759,1539136800,7474.97,5654.58,ZRX/USD
0.7569,0.7569,0.756,0.7565,1539140400,224.03,169.5,ZRX/USD
0.7383,0.7582,0.7383,0.7569,1539144000,17414.85,13030.27,ZRX/USD
0.7412,0.7429,0.7209,0.7383,1539147600,39997.22,29159.16,ZRX/USD
0.7391,0.7412,0.733,0.7412,1539151200,5715.55,4195.45,ZRX/USD
0.7398,0.7413,0.7391,0.7391,1539154800,2955.68,2189.46,ZRX/USD
0.7316,0.74,0.7316,0.7398,1539158400,559.49,409.6,ZRX/USD
0.7409,0.7409,0.7316,0.7316,1539162000,19978.54,14720.18,ZRX/USD
0.735,0.7409,0.735,0.7409,1539165600,14320.76,10538.34,ZRX/USD
0.7343,0.735,0.7278,0.735,1539169200,6795.59,4981.13,ZRX/USD
0.7414,0.7414,0.7281,0.7343,1539172800,6797.98,5031.19,ZRX/USD
0.7578,0.77,0.7414,0.7414,1539176400,50586.18,38552.56,ZRX/USD
0.7565,0.7679,0.755,0.7578,1539180000,11104.19,8453.44,ZRX/USD
0.7485,0.7682,0.7475,0.7565,1539183600,11508.77,8736.19,ZRX/USD
0.7554,0.7588,0.7485,0.7485,1539187200,1316.85,995.03,ZRX/USD
0.7649,0.765,0.75,0.7554,1539190800,9114.67,6947.14,ZRX/USD
0.7652,0.7652,0.7649,0.7649,1539194400,1135.74,869.75,ZRX/USD
0.7643,0.7652,0.7643,0.7652,1539198000,5000.0,3821.4,ZRX/USD
0.765,0.7688,0.764,0.7643,1539201600,4130.79,3156.98,ZRX/USD
0.757,0.7692,0.757,0.765,1539205200,765.07,582.33,ZRX/USD
0.757,0.757,0.757,0.757,1539208800,0.0,0.0,ZRX/USD
0.76,0.76,0.757,0.757,1539212400,5342.0,4059.71,ZRX/USD
0.7451,0.7668,0.7451,0.76,1539216000,10228.94,7697.14,ZRX/USD
0.6873,0.7451,0.6469,0.7451,1539219600,154760.87,105221.53,ZRX/USD
0.6862,0.6873,0.6734,0.6873,1539223200,16088.31,10966.97,ZRX/USD
0.6885,0.6885,0.6837,0.6862,1539226800,3115.37,2130.14,ZRX/USD
0.6759,0.6885,0.6737,0.6885,1539230400,30307.86,20583.28,ZRX/USD
0.6734,0.6836,0.6734,0.6759,1539234000,10706.93,7281.34,ZRX/USD
0.6663,0.6775,0.6581,0.6734,1539237600,13376.56,8918.13,ZRX/USD
0.6596,0.6668,0.6566,0.6663,1539241200,9084.04,6009.59,ZRX/USD
0.664,0.6687,0.6596,0.6596,1539244800,4064.71,2694.06,ZRX/USD
0.6656,0.6656,0.659,0.664,1539248400,6166.29,4095.59,ZRX/USD
0.6673,0.6684,0.6611,0.6656,1539252000,5861.41,3897.32,ZRX/USD
0.6614,0.6673,0.6544,0.6673,1539255600,9692.62,6412.65,ZRX/USD
0.6746,0.6764,0.6614,0.6614,1539259200,19130.56,12935.96,ZRX/USD
0.6917,0.695,0.6721,0.6746,1539262800,10604.85,7215.65,ZRX/USD
0.6921,0.7,0.6917,0.6917,1539266400,14332.65,9973.05,ZRX/USD
0.6841,0.6921,0.6841,0.6921,1539270000,12953.84,8890.26,ZRX/USD
0.764,0.764,0.6819,0.6841,1539273600,80684.76,57899.4,ZRX/USD
0.8303,0.8985,0.764,0.764,1539277200,2415845.63,1946267.23,ZRX/USD
0.794,0.8359,0.7879,0.8303,1539280800,142649.84,115797.74,ZRX/USD
0.82,0.82,0.7811,0.794,1539284400,144625.82,115632.89,ZRX/USD
0.8034,0.8203,0.7851,0.82,1539288000,45074.26,36140.87,ZRX/USD
0.79,0.8034,0.7805,0.8034,1539291600,70063.07,55149.8,ZRX/USD
0.824,0.8248,0.7889,0.79,1539295200,127499.14,101951.21,ZRX/USD
0.77,0.824,0.765,0.824,1539298800,60481.49,47799.72,ZRX/USD
0.7669,0.7736,0.7376,0.77,1539302400,65308.67,49177.41,ZRX/USD
0.7641,0.7669,0.7573,0.7669,1539306000,13593.56,10387.57,ZRX/USD
0.7849,0.7999,0.7641,0.7641,1539309600,115931.04,91544.96,ZRX/USD
0.7756,0.7944,0.7736,0.7849,1539313200,54805.95,43052.08,ZRX/USD
0.7651,0.7817,0.7651,0.7756,1539316800,21546.39,16744.85,ZRX/USD
0.7742,0.782,0.7651,0.7651,1539320400,68092.06,52768.42,ZRX/USD
0.7667,0.7742,0.7432,0.7742,1539324000,33111.99,25203.53,ZRX/USD
0.7613,0.7669,0.758,0.7667,1539327600,7162.17,5452.9,ZRX/USD
0.7729,0.7753,0.7554,0.7613,1539331200,33010.65,25255.21,ZRX/USD
0.77,0.782,0.7672,0.7729,1539334800,9114.42,7068.37,ZRX/USD
0.79,0.7943,0.77,0.77,1539338400,23922.69,18797.87,ZRX/USD
0.7911,0.8059,0.7873,0.79,1539342000,43914.09,35014.34,ZRX/USD
0.771,0.7911,0.7701,0.7911,1539345600,64991.93,50518.24,ZRX/USD
0.7651,0.7723,0.76,0.771,1539349200,24075.37,18522.86,ZRX/USD
0.797,0.7974,0.7651,0.7651,1539352800,53552.92,42084.82,ZRX/USD
0.7899,0.8184,0.7851,0.797,1539356400,121702.57,97841.03,ZRX/USD
0.792,0.7954,0.7818,0.7899,1539360000,51863.31,40867.86,ZRX/USD
0.7881,0.7947,0.7801,0.792,1539363600,50347.61,39395.41,ZRX/USD
0.7636,0.7881,0.7613,0.7881,1539367200,35408.87,27052.12,ZRX/USD
0.7659,0.7714,0.7633,0.7636,1539370800,12026.58,9253.99,ZRX/USD
0.7653,0.7714,0.7637,0.7659,1539374400,1428.36,1097.55,ZRX/USD
0.766,0.7674,0.7653,0.7653,1539378000,9345.34,7166.0,ZRX/USD
0.7431,0.766,0.7422,0.766,1539381600,61173.53,46103.12,ZRX/USD
0.743,0.7505,0.743,0.7431,1539385200,11912.69,8895.78,ZRX/USD
0.7549,0.7575,0.743,0.743,1539388800,10168.78,7620.64,ZRX/USD
0.7296,0.756,0.7296,0.7549,1539392400,5361.0,3928.76,ZRX/USD
0.7564,0.7689,0.7296,0.7296,1539396000,41466.65,31174.07,ZRX/USD
0.7573,0.7589,0.7525,0.7564,1539399600,16555.26,12449.12,ZRX/USD
0.7425,0.7595,0.7425,0.7573,1539403200,22607.37,16932.82,ZRX/USD
0.7526,0.7595,0.7425,0.7425,1539406800,19494.96,14668.28,ZRX/USD
0.7535,0.7593,0.752,0.7526,1539410400,8063.87,6074.52,ZRX/USD
0.754,0.7552,0.7517,0.7535,1539414000,17508.04,13188.73,ZRX/USD
0.7445,0.754,0.7442,0.754,1539417600,13849.89,10368.27,ZRX/USD
0.7554,0.7561,0.7445,0.7445,1539421200,12771.07,9573.89,ZRX/USD
0.7307,0.7554,0.7307,0.7554,1539424800,68847.97,50868.46,ZRX/USD
0.7449,0.7486,0.7307,0.7307,1539428400,12344.11,9131.14,ZRX/USD
0.7402,0.7449,0.7305,0.7449,1539432000,7140.15,5311.75,ZRX/USD
0.7304,0.7402,0.7207,0.7402,1539435600,24612.81,17970.28,ZRX/USD
0.7314,0.7401,0.7275,0.7304,1539439200,38132.34,27711.86,ZRX/USD
0.734,0.7364,0.7199,0.7314,1539442800,32900.63,23644.6,ZRX/USD
0.7301,0.7348,0.7104,0.734,1539446400,38162.84,27696.27,ZRX/USD
0.7334,0.7405,0.7202,0.7301,1539450000,50343.37,36849.99,ZRX/USD
0.7175,0.7334,0.7123,0.7334,1539453600,69304.75,49864.36,ZRX/USD
0.73,0.731,0.7175,0.7175,1539457200,7134.49,5141.79,ZRX/USD
0.7201,0.7329,0.7201,0.73,1539460800,8459.27,6095.61,ZRX/USD
0.7332,0.738,0.7201,0.7201,1539464400,17712.98,13086.61,ZRX/USD
0.7311,0.7352,0.7254,0.7332,1539468000,8349.2,6145.47,ZRX/USD
0.7344,0.7344,0.7201,0.7311,1539471600,4298.39,3110.65,ZRX/USD
0.732,0.7344,0.7201,0.7344,1539475200,2050.45,1494.37,ZRX/USD
0.7327,0.7327,0.7208,0.732,1539478800,21216.45,15325.56,ZRX/USD
0.7249,0.7327,0.7223,0.7327,1539482400,7099.31,5129.91,ZRX/USD
0.7321,0.7326,0.7233,0.7249,1539486000,15549.86,11313.34,ZRX/USD
0.7502,0.7502,0.73,0.7321,1539489600,29074.66,21446.45,ZRX/USD
0.7431,0.7516,0.7431,0.7502,1539493200,13681.22,10264.31,ZRX/USD
0.7503,0.7513,0.7425,0.7431,1539496800,5250.31,3939.49,ZRX/USD
0.7628,0.763,0.74,0.7503,1539500400,32602.77,24713.82,ZRX/USD
0.7542,0.7631,0.7523,0.7628,1539504000,10280.76,7874.81,ZRX/USD
0.7505,0.7616,0.7505,0.7542,1539507600,14441.84,10917.18,ZRX/USD
0.7506,0.7511,0.7401,0.7505,1539511200,2234.98,1672.55,ZRX/USD
0.7515,0.7523,0.75,0.7506,1539514800,2572.11,1946.35,ZRX/USD
0.7481,0.76,0.7401,0.7515,1539518400,15070.61,11308.07,ZRX/USD
0.7405,0.7496,0.7337,0.7481,1539522000,5173.26,3846.49,ZRX/USD
0.73,0.7405,0.73,0.7405,1539525600,1685.47,1245.91,ZRX/USD
0.7413,0.7419,0.73,0.73,1539529200,2432.76,1778.75,ZRX/USD
0.7426,0.7426,0.7301,0.7413,1539532800,33588.01,24526.99,ZRX/USD
0.7434,0.7497,0.7358,0.7426,1539536400,6401.46,4787.82,ZRX/USD
0.7301,0.7458,0.7301,0.7434,1539540000,34170.7,25042.82,ZRX/USD
0.7297,0.7307,0.7125,0.7301,1539543600,92139.81,66447.88,ZRX/USD
0.703,0.7297,0.703,0.7297,1539547200,132804.61,94161.87,ZRX/USD
0.6961,0.703,0.687,0.703,1539550800,86258.5,60195.45,ZRX/USD
0.6998,0.7045,0.6961,0.6961,1539554400,36645.08,25813.38,ZRX/USD
0.6965,0.7111,0.6805,0.6998,1539558000,104630.78,73075.82,ZRX/USD
0.6947,0.7005,0.686,0.6965,1539561600,19299.63,13498.96,ZRX/USD
0.7012,0.7053,0.6901,0.6947,1539565200,7888.8,5530.67,ZRX/USD
0.7001,0.7012,0.7001,0.7012,1539568800,2970.47,2079.33,ZRX/USD
0.6901,0.7001,0.6901,0.7001,1539572400,2238.86,1548.52,ZRX/USD
0.6971,0.709,0.6901,0.6901,1539576000,12653.81,8941.67,ZRX/USD
0.7423,0.7447,0.6952,0.6971,1539579600,191388.51,141324.43,ZRX/USD
0.7781,0.7868,0.7395,0.7423,1539583200,1291398.62,1001147.67,ZRX/USD
0.7373,0.7871,0.7373,0.7781,1539586800,307536.46,236388.53,ZRX/USD
0.744,0.7456,0.7363,0.7373,1539590400,50982.51,38094.72,ZRX/USD
0.7391,0.7502,0.7212,0.744,1539594000,204302.55,153206.73,ZRX/USD
0.744,0.7602,0.7212,0.7391,1539597600,28633.39,21110.62,ZRX/USD
0.7427,0.7547,0.7424,0.744,1539601200,9283.75,6813.29,ZRX/USD
0.7459,0.7507,0.7349,0.7427,1539604800,32336.5,23150.6,ZRX/USD
0.7459,0.7515,0.7423,0.7459,1539608400,25020.22,18325.69,ZRX/USD
0.7414,0.7558,0.7373,0.7459,1539612000,30251.96,22076.41,ZRX/USD
0.7433,0.7514,0.7327,0.7414,1539615600,12876.76,9398.48,ZRX/USD
0.7859,0.7956,0.7355,0.7433,1539619200,468499.33,356616.89,ZRX/USD
0.7693,0.7871,0.7693,0.7859,1539622800,161904.89,121321.5,ZRX/USD
0.7583,0.7755,0.7509,0.7693,1539626400,143634.26,104578.12,ZRX/USD
0.7504,0.7622,0.7477,0.7583,1539630000,119232.99,90126.73,ZRX/USD
0.7364,0.7504,0.7332,0.7504,1539633600,296087.68,213997.39,ZRX/USD
0.7304,0.7393,0.7214,0.7364,1539637200,34144.65,25186.81,ZRX/USD
0.7357,0.7392,0.7277,0.7304,1539640800,69810.3,50737.47,ZRX/USD
0.7357,0.737,0.7237,0.7357,1539644400,28871.88,20977.25,ZRX/USD
0.719,0.7357,0.7107,0.7357,1539648000,36578.38,26365.84,ZRX/USD
0.7206,0.7407,0.7108,0.719,1539651600,13107.85,9691.78,ZRX/USD
0.7264,0.7375,0.7108,0.7206,1539655200,43260.04,31414.86,ZRX/USD
0.7401,0.7401,0.7205,0.7264,1539658800,38831.92,27964.34,ZRX/USD
0.7304,0.7418,0.7206,0.7401,1539662400,12364.8,8938.06,ZRX/USD
0.7534,0.7534,0.7206,0.7304,1539666000,23799.92,17907.42,ZRX/USD
0.7471,0.7595,0.7401,0.7534,1539669600,146049.89,110391.33,ZRX/USD
0.7653,0.7653,0.7408,0.7471,1539673200,28236.27,21545.13,ZRX/USD
0.7524,0.7653,0.7344,0.7653,1539676800,17325.82,13005.68,ZRX/USD
0.7542,0.7577,0.7447,0.7524,1539680400,30478.65,23515.0,ZRX/USD
0.7669,0.7669,0.7444,0.7542,1539684000,2447.12,1841.38,ZRX/USD
0.7532,0.7669,0.7402,0.7669,1539687600,7926.98,6020.15,ZRX/USD
0.76,0.7639,0.7514,0.7532,1539691200,28675.89,22091.54,ZRX/USD
0.7501,0.7601,0.7381,0.76,1539694800,74780.76,55964.8,ZRX/USD
0.7501,0.7633,0.7428,0.7501,1539698400,56001.79,42131.14,ZRX/USD
0.7472,0.7562,0.7464,0.7501,1539702000,101630.07,77172.13,ZRX/USD
0.7429,0.7537,0.7352,0.7472,1539705600,50430.02,37658.45,ZRX/USD
0.7471,0.7501,0.7302,0.7429,1539709200,24081.0,18205.97,ZRX/USD
0.7569,0.7592,0.7395,0.7471,1539712800,59548.85,44323.49,ZRX/USD
0.8659,0.967,0.7416,0.7569,1539716400,2604315.94,2248694.99,ZRX/USD
0.8437,0.8747,0.7983,0.8659,1539720000,1783640.74,1497428.33,ZRX/USD
0.8169,0.8448,0.806,0.8437,1539723600,838143.6,694658.72,ZRX/USD
0.8523,0.8523,0.8089,0.8169,1539727200,717949.03,599773.97,ZRX/USD
0.855,0.8611,0.8262,0.8523,1539730800,1033389.67,874310.89,ZRX/USD
0.8929,0.8931,0.8356,0.855,1539734400,1373516.67,1184395.91,ZRX/USD
0.9506,0.9676,0.8834,0.8929,1539738000,2856829.44,2666167.25,ZRX/USD
0.9826,0.9929,0.9407,0.959,1539741600,2318830.77,2250957.14,ZRX/USD
1.05,1.27,0.9619,0.9911,1539745200,6164228.57,6647442.72,ZRX/USD
0.9628,1.08,0.9393,1.04,1539748800,3649618.49,3676693.72,ZRX/USD
0.934,0.9994,0.9157,0.9628,1539752400,1290746.31,1226075.3,ZRX/USD
0.9436,0.9635,0.9253,0.9253,1539756000,628713.37,596702.29,ZRX/USD
0.9616,0.9703,0.9429,0.9524,1539759600,583072.94,557942.08,ZRX/USD
0.9637,0.9706,0.9435,0.9616,1539763200,364544.92,350126.49,ZRX/USD
0.9352,0.9728,0.9352,0.9637,1539766800,483599.43,464759.91,ZRX/USD
0.9017,0.9526,0.8581,0.9352,1539770400,831654.07,742812.9,ZRX/USD
0.9421,0.9751,0.8843,0.9017,1539774000,1016515.25,952890.39,ZRX/USD
0.9225,0.9607,0.896,0.9508,1539777600,827487.2,769228.02,ZRX/USD
0.9231,0.9343,0.9135,0.9225,1539781200,634594.98,590873.57,ZRX/USD
0.9438,0.9453,0.9142,0.9231,1539784800,1141111.94,1070918.48,ZRX/USD
0.9441,0.9609,0.9327,0.9438,1539788400,1143362.99,1081289.01,ZRX/USD
0.9554,0.9832,0.9439,0.9528,1539792000,1630026.46,1577199.14,ZRX/USD
0.9519,0.9636,0.9431,0.9554,1539795600,816974.75,781039.73,ZRX/USD
0.9344,0.9519,0.9063,0.9519,1539799200,1095160.11,1015976.68,ZRX/USD
0.9032,0.9349,0.8945,0.9344,1539802800,872380.98,797825.67,ZRX/USD
0.9143,0.916,0.8942,0.9032,1539806400,1003670.09,915691.66,ZRX/USD
0.9047,0.9155,0.896,0.906,1539810000,544184.36,497133.89,ZRX/USD
0.9045,0.9071,0.8951,0.9048,1539813600,465368.9,421584.29,ZRX/USD
0.9142,0.9146,0.8924,0.9045,1539817200,442277.86,400100.83,ZRX/USD
0.9144,0.9237,0.9035,0.9143,1539820800,539161.49,491839.77,ZRX/USD
0.9052,0.9152,0.895,0.9144,1539824400,396241.42,358111.31,ZRX/USD
0.885,0.9137,0.8683,0.9137,1539828000,904366.78,807134.62,ZRX/USD
0.8758,0.8868,0.8652,0.8862,1539831600,808923.65,710772.3,ZRX/USD
0.8774,0.8871,0.8683,0.8769,1539835200,442875.68,389824.17,ZRX/USD
0.8764,0.8797,0.867,0.8701,1539838800,209054.25,184080.56,ZRX/USD
0.8796,0.8796,0.8659,0.8764,1539842400,225653.73,197591.08,ZRX/USD
0.8778,0.8799,0.8662,0.8796,1539846000,92061.77,81397.13,ZRX/USD
0.8782,0.8786,0.8677,0.8778,1539849600,150866.53,133428.53,ZRX/USD
0.8966,0.8966,0.87,0.8782,1539853200,278319.69,248049.34,ZRX/USD
0.8869,0.8973,0.8771,0.8966,1539856800,261561.37,231088.98,ZRX/USD
0.8773,0.8879,0.8668,0.8869,1539860400,320173.53,279824.15,ZRX/USD
0.8773,0.8851,0.8631,0.8773,1539864000,321437.53,277383.52,ZRX/USD
0.8664,0.8775,0.8575,0.8773,1539867600,398540.05,346964.48,ZRX/USD
0.8656,0.8683,0.858,0.8664,1539871200,290445.24,250122.9,ZRX/USD
0.8564,0.8669,0.8477,0.8656,1539874800,889454.15,764752.09,ZRX/USD
0.8472,0.8576,0.8398,0.8571,1539878400,635642.87,537413.81,ZRX/USD
0.8466,0.8581,0.8392,0.8472,1539882000,470019.57,400549.36,ZRX/USD
0.8486,0.8553,0.8379,0.8466,1539885600,408081.72,346736.6,ZRX/USD
0.8299,0.849,0.8296,0.849,1539889200,350987.51,296215.94,ZRX/USD
0.8737,0.8904,0.8289,0.8299,1539892800,853509.44,735590.01,ZRX/USD
0.8553,0.8738,0.8396,0.8663,1539896400,526043.12,451178.42,ZRX/USD
0.8567,0.8568,0.8381,0.8553,1539900000,242144.67,204450.43,ZRX/USD
0.8569,0.8577,0.848,0.857,1539903600,220165.77,188368.8,ZRX/USD
0.8766,0.8874,0.8499,0.8569,1539907200,691118.92,606192.15,ZRX/USD
0.8852,0.8955,0.8758,0.8766,1539910800,378471.01,335087.56,ZRX/USD
0.9158,0.9185,0.8773,0.8852,1539914400,587396.69,533435.92,ZRX/USD
0.8967,0.9164,0.879,0.9162,1539918000,713039.15,638670.21,ZRX/USD
0.8956,0.9057,0.8866,0.8967,1539921600,337856.66,301646.36,ZRX/USD
0.8756,0.8962,0.869,0.8956,1539925200,305512.6,269446.42,ZRX/USD
0.8755,0.8772,0.8669,0.8756,1539928800,159231.51,138892.6,ZRX/USD
0.8657,0.8763,0.8567,0.8755,1539932400,165722.7,144137.18,ZRX/USD
0.8742,0.8825,0.8584,0.8657,1539936000,96457.96,84437.64,ZRX/USD
0.8825,0.8837,0.8649,0.8742,1539939600,76492.29,66815.75,ZRX/USD
0.8856,0.887,0.8689,0.8825,1539943200,130761.25,116184.81,ZRX/USD
0.895,0.9032,0.8782,0.8858,1539946800,338367.16,302134.27,ZRX/USD
0.8862,0.8957,0.8758,0.895,1539950400,316876.55,281181.41,ZRX/USD
0.8864,0.8865,0.8759,0.8862,1539954000,154943.71,137084.01,ZRX/USD
0.8765,0.8864,0.8685,0.8864,1539957600,211439.02,185905.05,ZRX/USD
0.8847,0.8866,0.8686,0.8765,1539961200,151913.89,134050.65,ZRX/USD
0.8943,0.8944,0.8766,0.8847,1539964800,407704.1,360769.55,ZRX/USD
0.8926,0.8945,0.8757,0.8945,1539968400,277104.95,246003.62,ZRX/USD
0.8876,0.8966,0.8843,0.8926,1539972000,280285.56,252143.33,ZRX/USD
0.9235,0.9308,0.8865,0.8876,1539975600,1101788.81,1002839.96,ZRX/USD
0.9225,0.9476,0.9128,0.9238,1539979200,1154105.97,1068548.3,ZRX/USD
0.9229,0.9229,0.9122,0.9226,1539982800,382291.39,350289.13,ZRX/USD
0.9143,0.9229,0.9131,0.9229,1539986400,287097.77,263455.21,ZRX/USD
0.9128,0.9231,0.9039,0.9143,1539990000,330047.54,301390.64,ZRX/USD
0.9105,0.913,0.9024,0.913,1539993600,307680.83,278773.19,ZRX/USD
0.886,0.9114,0.8772,0.9106,1539997200,583435.79,519062.08,ZRX/USD
0.8934,0.8946,0.8826,0.886,1540000800,78265.07,69649.31,ZRX/USD
0.8911,0.8934,0.8829,0.8934,1540004400,190783.7,169862.01,ZRX/USD
0.8925,0.8935,0.8832,0.8912,1540008000,126173.53,112521.93,ZRX/USD
0.8849,0.894,0.8801,0.8925,1540011600,114141.75,102529.02,ZRX/USD
0.9038,0.9038,0.8839,0.8849,1540015200,262862.45,236264.11,ZRX/USD
0.904,0.9047,0.8911,0.9038,1540018800,112297.08,100956.38,ZRX/USD
0.9016,0.9041,0.8937,0.904,1540022400,87836.34,79412.97,ZRX/USD
0.8963,0.9048,0.8927,0.9016,1540026000,71969.83,65117.97,ZRX/USD
0.9123,0.913,0.8941,0.8963,1540029600,68597.61,62083.94,ZRX/USD
0.9133,0.9133,0.8943,0.9123,1540033200,62442.01,56694.51,ZRX/USD
0.9122,0.9133,0.8927,0.9133,1540036800,139096.97,126114.01,ZRX/USD
0.9147,0.9149,0.896,0.9122,1540040400,199398.09,181436.39,ZRX/USD
0.9141,0.9162,0.9048,0.9147,1540044000,194710.55,178200.45,ZRX/USD
0.9139,0.9142,0.9001,0.9141,1540047600,128295.47,116842.41,ZRX/USD
0.9032,0.9141,0.8951,0.9139,1540051200,271324.93,244817.26,ZRX/USD
0.9018,0.9044,0.8926,0.9032,1540054800,132715.91,119148.28,ZRX/USD
0.9021,0.9037,0.8937,0.9018,1540058400,106860.66,96212.29,ZRX/USD
0.8954,0.9045,0.8933,0.9024,1540062000,107672.31,97378.28,ZRX/USD
0.9041,0.905,0.8954,0.8954,1540065600,98737.21,89509.11,ZRX/USD
0.9038,0.9047,0.8928,0.9041,1540069200,72299.24,65026.74,ZRX/USD
0.8949,0.9041,0.8933,0.9038,1540072800,209806.35,188002.56,ZRX/USD
0.8866,0.9031,0.8844,0.8949,1540076400,228719.02,203431.78,ZRX/USD
0.8935,0.9027,0.8846,0.8866,1540080000,190925.14,170533.99,ZRX/USD
0.9041,0.9058,0.8915,0.8935,1540083600,132016.75,119013.01,ZRX/USD
0.8957,0.906,0.8933,0.9041,1540087200,162230.93,145310.02,ZRX/USD
0.8935,0.9034,0.8818,0.8957,1540090800,333841.21,297516.17,ZRX/USD
0.9023,0.9048,0.8912,0.8935,1540094400,126394.13,114089.47,ZRX/USD
0.8854,0.9023,0.8801,0.9023,1540098000,170388.32,150912.24,ZRX/USD
0.8915,0.8936,0.8822,0.8854,1540101600,67980.67,60232.28,ZRX/USD
0.8926,0.893,0.8801,0.8915,1540105200,66129.85,58860.82,ZRX/USD
0.8931,0.8931,0.8737,0.8926,1540108800,75271.97,66052.29,ZRX/USD
0.8937,0.8938,0.8819,0.8931,1540112400,28637.68,25750.08,ZRX/USD
0.8858,0.8941,0.8801,0.8937,1540116000,47931.05,43219.42,ZRX/USD
0.8801,0.8941,0.8801,0.8858,1540119600,21655.33,19299.34,ZRX/USD
0.8921,0.8933,0.8801,0.8801,1540123200,33842.2,30174.52,ZRX/USD
0.8924,0.8932,0.8818,0.8921,1540126800,41994.21,37364.87,ZRX/USD
0.8916,0.8929,0.8809,0.8924,1540130400,90598.01,80501.5,ZRX/USD
0.893,0.893,0.8827,0.8916,1540134000,87153.05,77731.39,ZRX/USD
0.8841,0.8933,0.88,0.893,1540137600,97275.87,86550.61,ZRX/USD
0.8919,0.8927,0.8818,0.8841,1540141200,140825.27,125287.6,ZRX/USD
0.8741,0.8922,0.8738,0.8919,1540144800,256765.21,227680.37,ZRX/USD
0.8751,0.8841,0.8731,0.8741,1540148400,190370.7,168343.82,ZRX/USD
0.8816,0.8834,0.8722,0.8751,1540152000,69563.0,61167.85,ZRX/USD
0.8822,0.8832,0.8701,0.8816,1540155600,142042.02,124933.63,ZRX/USD
0.8811,0.8823,0.8724,0.8822,1540159200,328741.39,288776.93,ZRX/USD
0.8743,0.8821,0.8647,0.8811,1540162800,331589.66,289760.28,ZRX/USD
0.8758,0.8769,0.865,0.8745,1540166400,174272.09,153509.21,ZRX/USD
0.8754,0.8835,0.8648,0.8758,1540170000,100084.98,87609.08,ZRX/USD
0.8823,0.8837,0.8736,0.8754,1540173600,139986.78,122549.88,ZRX/USD
0.8831,0.8838,0.8737,0.8823,1540177200,48958.42,42948.02,ZRX/USD
0.8844,0.8846,0.8701,0.8832,1540180800,77084.41,68141.58,ZRX/USD
0.8755,0.8846,0.8733,0.8844,1540184400,57557.44,50490.32,ZRX/USD
0.8879,0.8891,0.8735,0.8755,1540188000,172098.51,155047.4,ZRX/USD
0.8819,0.8891,0.8789,0.8879,1540191600,146497.09,131819.77,ZRX/USD
0.8887,0.8895,0.8807,0.8819,1540195200,151299.25,135138.31,ZRX/USD
0.8944,0.8952,0.8803,0.8887,1540198800,84831.12,74896.45,ZRX/USD
0.8861,0.8944,0.8765,0.8944,1540202400,140054.91,123791.7,ZRX/USD
0.8862,0.8936,0.8772,0.8861,1540206000,83619.78,73492.66,ZRX/USD
0.8803,0.8931,0.8765,0.8862,1540209600,56695.39,50020.28,ZRX/USD
0.8784,0.8873,0.8762,0.8803,1540213200,182979.65,161453.43,ZRX/USD
0.894,0.8949,0.8759,0.8784,1540216800,144451.51,128110.69,ZRX/USD
0.8967,0.8969,0.8874,0.894,1540220400,256606.29,229676.62,ZRX/USD
0.8949,0.8969,0.8842,0.8967,1540224000,123236.45,109861.66,ZRX/USD
0.8948,0.8967,0.8871,0.8949,1540227600,114553.09,101823.97,ZRX/USD
0.8967,0.8967,0.8869,0.8948,1540231200,191026.95,170635.55,ZRX/USD
0.8967,0.9008,0.8874,0.8899,1540234800,211855.62,191459.72,ZRX/USD
0.9052,0.906,0.8903,0.8967,1540238400,114741.43,103022.6,ZRX/USD
0.898,0.906,0.8945,0.9052,1540242000,82694.65,74257.06,ZRX/USD
0.9053,0.9055,0.8954,0.905,1540245600,132145.31,118656.69,ZRX/USD
0.9161,0.9161,0.8974,0.9053,1540249200,459561.4,416107.46,ZRX/USD
0.9071,0.9163,0.9036,0.9161,1540252800,103411.62,94419.33,ZRX/USD
0.9058,0.9149,0.8981,0.9071,1540256400,297776.75,269160.8,ZRX/USD
0.9056,0.9066,0.8901,0.9058,1540260000,126022.91,113504.5,ZRX/USD
0.8978,0.9066,0.8944,0.9057,1540263600,64675.42,58142.45,ZRX/USD
0.9031,0.905,0.895,0.8978,1540267200,54044.61,48597.64,ZRX/USD
0.8942,0.9046,0.8934,0.9031,1540270800,102355.84,91988.46,ZRX/USD
0.8957,0.9039,0.8914,0.8942,1540274400,173299.2,155393.65,ZRX/USD
0.894,0.9032,0.8862,0.8957,1540278000,149837.52,133678.41,ZRX/USD
0.893,0.894,0.8814,0.894,1540281600,105604.46,94679.86,ZRX/USD
0.885,0.8937,0.8835,0.893,1540285200,101269.64,90149.1,ZRX/USD
0.8921,0.8938,0.8842,0.885,1540288800,111934.93,99159.05,ZRX/USD
0.8932,0.8932,0.8824,0.8921,1540292400,101348.76,89791.8,ZRX/USD
0.8862,0.8946,0.8825,0.8932,1540296000,166546.12,147910.35,ZRX/USD
0.8924,0.894,0.8829,0.894,1540299600,178548.95,157827.92,ZRX/USD
0.8736,0.8924,0.8733,0.8924,1540303200,324824.55,284581.67,ZRX/USD
0.8736,0.8835,0.873,0.8736,1540306800,173909.46,153061.27,ZRX/USD
0.8843,0.8843,0.873,0.8817,1540310400,75687.19,66692.89,ZRX/USD
0.8824,0.8844,0.8741,0.8843,1540314000,98515.62,86308.55,ZRX/USD
0.8838,0.886,0.8726,0.8824,1540317600,196071.41,175169.07,ZRX/USD
0.8765,0.8852,0.8746,0.8838,1540321200,107951.27,95369.5,ZRX/USD
0.8831,0.8848,0.8744,0.8765,1540324800,100981.05,88974.31,ZRX/USD
0.8819,0.8834,0.8729,0.8831,1540328400,229684.22,201545.27,ZRX/USD
0.8817,0.8825,0.8649,0.8819,1540332000,143520.59,125150.06,ZRX/USD
0.871,0.8825,0.8638,0.8817,1540335600,96363.8,84243.9,ZRX/USD
0.8824,0.8836,0.8701,0.88,1540339200,63721.64,56015.64,ZRX/USD
0.8821,0.8832,0.8722,0.8824,1540342800,105647.14,92280.88,ZRX/USD
0.8815,0.8833,0.8726,0.8821,1540346400,145175.28,127247.93,ZRX/USD
0.8827,0.8827,0.872,0.8815,1540350000,128256.6,112269.49,ZRX/USD
0.8829,0.8829,0.8721,0.8827,1540353600,152292.02,133583.88,ZRX/USD
0.8838,0.8851,0.8734,0.8829,1540357200,84148.48,74480.68,ZRX/USD
0.8828,0.8849,0.8741,0.8838,1540360800,42461.32,37548.87,ZRX/USD
0.8837,0.8848,0.8701,0.8828,1540364400,21373.72,19058.91,ZRX/USD
0.8826,0.8838,0.8701,0.8837,1540368000,15908.12,13944.94,ZRX/USD
0.8824,0.8834,0.8731,0.8826,1540371600,62312.67,54693.86,ZRX/USD
0.8736,0.8824,0.8724,0.8824,1540375200,108815.57,94997.29,ZRX/USD
0.8745,0.8824,0.8645,0.8818,1540378800,135042.48,118169.72,ZRX/USD
0.8739,0.8745,0.8631,0.8745,1540382400,59684.0,51862.52,ZRX/USD
0.8571,0.8744,0.8561,0.8739,1540386000,581592.22,504529.72,ZRX/USD
0.864,0.8652,0.854,0.8579,1540389600,173429.85,149001.15,ZRX/USD
0.8456,0.8646,0.8383,0.864,1540393200,556693.49,473463.95,ZRX/USD
0.8537,0.8551,0.8305,0.8456,1540396800,499256.65,421335.94,ZRX/USD
0.8476,0.8557,0.8462,0.8537,1540400400,142742.28,121950.86,ZRX/USD
0.854,0.8549,0.8451,0.8476,1540404000,128205.27,108786.03,ZRX/USD
0.8549,0.8562,0.8448,0.854,1540407600,489860.78,419148.3,ZRX/USD
0.8466,0.8552,0.8382,0.8549,1540411200,246648.69,207840.57,ZRX/USD
0.8456,0.8536,0.8372,0.8466,1540414800,167323.0,140423.54,ZRX/USD
0.8449,0.8528,0.8359,0.8458,1540418400,144325.28,121664.63,ZRX/USD
0.8522,0.8522,0.8365,0.8449,1540422000,265630.55,224733.39,ZRX/USD
0.8461,0.8527,0.8357,0.8522,1540425600,116090.68,97400.23,ZRX/USD
0.8523,0.8595,0.8456,0.8462,1540429200,88101.85,75398.88,ZRX/USD
0.842,0.8527,0.8348,0.8523,1540432800,186782.19,157356.35,ZRX/USD
0.8428,0.8432,0.8333,0.842,1540436400,144364.09,120250.0,ZRX/USD
0.8353,0.8444,0.8344,0.8428,1540440000,128929.25,108041.32,ZRX/USD
0.8438,0.8456,0.8301,0.8353,1540443600,97301.1,81903.17,ZRX/USD
0.8424,0.8453,0.8334,0.8438,1540447200,84323.36,70384.99,ZRX/USD
0.8369,0.8442,0.835,0.8424,1540450800,50376.66,42145.47,ZRX/USD
0.8435,0.8448,0.8359,0.8369,1540454400,33312.29,27952.05,ZRX/USD
0.8417,0.8438,0.8345,0.8435,1540458000,62173.11,52153.07,ZRX/USD
0.8421,0.8427,0.8315,0.8347,1540461600,48939.98,40819.64,ZRX/USD
0.8434,0.844,0.8351,0.8421,1540465200,81283.93,68088.0,ZRX/USD
0.8379,0.8463,0.8351,0.8434,1540468800,82208.44,69496.54,ZRX/USD
0.8453,0.8455,0.8337,0.8379,1540472400,212367.62,178225.43,ZRX/USD
0.8462,0.8537,0.8384,0.8453,1540476000,88755.76,75402.51,ZRX/USD
0.8425,0.8534,0.8425,0.8531,1540479600,85928.56,72854.39,ZRX/USD
0.8422,0.8512,0.8301,0.8425,1540483200,142474.58,119900.06,ZRX/USD
0.8439,0.8521,0.8301,0.8422,1540486800,185127.58,155523.55,ZRX/USD
0.8444,0.8516,0.8349,0.8439,1540490400,113348.98,95050.3,ZRX/USD
0.8411,0.8522,0.8411,0.8444,1540494000,67332.54,57014.42,ZRX/USD
0.8437,0.8521,0.8301,0.8505,1540497600,69989.6,58823.79,ZRX/USD
0.8517,0.8517,0.8361,0.8437,1540501200,75064.82,63369.3,ZRX/USD
0.8519,0.8524,0.8401,0.8517,1540504800,83412.82,70342.76,ZRX/USD
0.8339,0.8521,0.8339,0.8519,1540508400,103246.66,87155.6,ZRX/USD
0.8416,0.8502,0.8301,0.8339,1540512000,159456.83,133686.98,ZRX/USD
0.8335,0.8422,0.83,0.8416,1540515600,94370.54,79115.45,ZRX/USD
0.8406,0.8421,0.8311,0.8335,1540519200,71085.55,59547.61,ZRX/USD
0.8423,0.8427,0.83,0.8406,1540522800,42052.82,35295.82,ZRX/USD
0.8509,0.8517,0.8328,0.8423,1540526400,114805.29,97266.57,ZRX/USD
0.8513,0.8515,0.8405,0.8509,1540530000,42301.88,35787.5,ZRX/USD
0.8512,0.8516,0.8414,0.8514,1540533600,46579.81,39514.6,ZRX/USD
0.842,0.8513,0.8316,0.8512,1540537200,52401.25,44720.89,ZRX/USD
0.8342,0.8431,0.832,0.842,1540540800,69273.2,59010.38,ZRX/USD
0.8332,0.8427,0.8326,0.8342,1540544400,24000.17,20224.26,ZRX/USD
0.8417,0.8426,0.8327,0.8417,1540548000,45070.26,38041.3,ZRX/USD
0.8416,0.8418,0.83,0.8417,1540551600,25530.44,21488.46,ZRX/USD
0.83,0.8416,0.83,0.8416,1540555200,68307.97,57235.23,ZRX/USD
0.8318,0.8412,0.8229,0.83,1540558800,407061.14,339630.33,ZRX/USD
0.8237,0.8321,0.8144,0.8318,1540562400,489168.49,403285.26,ZRX/USD
0.8134,0.8238,0.8038,0.8238,1540566000,446726.12,363087.39,ZRX/USD
0.8135,0.8216,0.8048,0.8134,1540569600,275387.81,223740.12,ZRX/USD
0.814,0.822,0.8122,0.8216,1540573200,138524.79,113152.61,ZRX/USD
0.8131,0.822,0.8037,0.814,1540576800,201732.6,163593.87,ZRX/USD
0.8129,0.8144,0.8044,0.8131,1540580400,121151.41,98325.97,ZRX/USD
0.8116,0.8152,0.8034,0.8129,1540584000,146932.88,119906.44,ZRX/USD
0.8125,0.8137,0.8028,0.8116,1540587600,193625.98,156004.59,ZRX/USD
0.8042,0.8127,0.8023,0.8125,1540591200,172628.17,139442.22,ZRX/USD
0.8018,0.8122,0.793,0.8042,1540594800,275236.25,221566.66,ZRX/USD
0.8119,0.813,0.7917,0.8018,1540598400,263740.76,212160.17,ZRX/USD
0.8134,0.8134,0.8001,0.8119,1540602000,50763.63,41052.06,ZRX/USD
0.8122,0.814,0.8039,0.8134,1540605600,62127.83,50521.66,ZRX/USD
0.8127,0.814,0.8028,0.8122,1540609200,81516.9,66004.45,ZRX/USD
0.8131,0.8131,0.8001,0.8128,1540612800,38776.02,31229.82,ZRX/USD
0.8048,0.8131,0.8012,0.8131,1540616400,48891.91,39484.95,ZRX/USD
0.8131,0.8131,0.8026,0.8048,1540620000,23267.52,18837.77,ZRX/USD
0.8111,0.8133,0.8026,0.8131,1540623600,93530.26,75526.31,ZRX/USD
0.8106,0.8127,0.8025,0.8111,1540627200,68633.29,55802.32,ZRX/USD
0.8108,0.8119,0.8018,0.8106,1540630800,15195.56,12278.47,ZRX/USD
0.8117,0.8117,0.8,0.8108,1540634400,18011.19,14465.24,ZRX/USD
0.8033,0.812,0.8029,0.8117,1540638000,24322.28,19761.75,ZRX/USD
0.8107,0.8117,0.801,0.8033,1540641600,25615.52,20648.66,ZRX/USD
0.8031,0.8115,0.8,0.8107,1540645200,100464.58,80573.51,ZRX/USD
0.801,0.8108,0.792,0.8031,1540648800,189985.24,151876.69,ZRX/USD
0.8008,0.8025,0.7912,0.801,1540652400,151632.21,120999.0,ZRX/USD
0.7929,0.8011,0.7839,0.8009,1540656000,604952.51,479331.89,ZRX/USD
0.7926,0.793,0.784,0.7864,1540659600,99178.94,78044.21,ZRX/USD
0.7919,0.7926,0.7834,0.7926,1540663200,97600.41,76741.08,ZRX/USD
0.7846,0.7921,0.7834,0.7919,1540666800,275411.91,216877.13,ZRX/USD
0.7831,0.7915,0.776,0.7846,1540670400,242300.16,189067.83,ZRX/USD
0.7819,0.7836,0.7751,0.7831,1540674000,273855.55,212672.73,ZRX/USD
0.791,0.791,0.7747,0.7819,1540677600,185209.32,144621.71,ZRX/USD
0.7817,0.7922,0.7817,0.791,1540681200,73980.61,58184.89,ZRX/USD
0.7915,0.7918,0.7801,0.781,1540684800,45085.66,35543.19,ZRX/USD
0.7923,0.7926,0.7815,0.7915,1540688400,71967.43,56509.82,ZRX/USD
0.791,0.7926,0.7825,0.7923,1540692000,17118.39,13508.65,ZRX/USD
0.7851,0.7921,0.7826,0.791,1540695600,44894.59,35361.19,ZRX/USD
0.791,0.7919,0.7833,0.7851,1540699200,54930.43,43220.53,ZRX/USD
0.7926,0.794,0.7835,0.791,1540702800,93013.43,73697.87,ZRX/USD
0.7917,0.7928,0.7843,0.7926,1540706400,39933.9,31525.15,ZRX/USD
0.7906,0.7917,0.7822,0.7917,1540710000,41711.34,32773.31,ZRX/USD
0.7908,0.7918,0.7801,0.7906,1540713600,7966.19,6285.51,ZRX/USD
0.7908,0.791,0.7818,0.7908,1540717200,7482.23,5899.2,ZRX/USD
0.7835,0.7916,0.7834,0.7908,1540720800,20752.03,16347.1,ZRX/USD
0.7898,0.7906,0.7809,0.7835,1540724400,35427.05,27875.83,ZRX/USD
0.7906,0.7907,0.78,0.7898,1540728000,41981.33,33082.24,ZRX/USD
0.7911,0.7924,0.7819,0.7906,1540731600,95397.31,75899.69,ZRX/USD
0.795,0.7978,0.7833,0.7911,1540735200,503286.64,401687.68,ZRX/USD
0.801,0.8012,0.7877,0.795,1540738800,190695.09,150513.2,ZRX/USD
0.8118,0.8119,0.7937,0.801,1540742400,594157.51,479516.17,ZRX/USD
0.8115,0.8143,0.8032,0.8118,1540746000,162650.56,132173.23,ZRX/USD
0.81,0.8123,0.8033,0.8033,1540749600,201426.92,162846.35,ZRX/USD
0.8119,0.8121,0.8027,0.81,1540753200,57776.9,46855.16,ZRX/USD
0.8117,0.8121,0.8036,0.8119,1540756800,107509.37,86724.45,ZRX/USD
0.8059,0.8123,0.8024,0.8117,1540760400,69515.56,56089.27,ZRX/USD
0.8144,0.8152,0.8001,0.8059,1540764000,119153.5,96737.03,ZRX/USD
0.8216,0.8216,0.8069,0.8144,1540767600,551593.86,448040.42,ZRX/USD
0.8201,0.8216,0.8132,0.8216,1540771200,181241.75,148606.64,ZRX/USD
0.8126,0.8202,0.8115,0.8201,1540774800,264046.52,215777.92,ZRX/USD
0.8197,0.8197,0.8115,0.8126,1540778400,183128.27,148984.37,ZRX/USD
0.8047,0.8198,0.8034,0.8197,1540782000,79009.15,64135.54,ZRX/USD
0.8112,0.812,0.8001,0.8047,1540785600,125657.51,101356.68,ZRX/USD
0.812,0.8187,0.8036,0.8112,1540789200,72357.48,58643.5,ZRX/USD
0.8117,0.8195,0.8039,0.812,1540792800,167155.86,135625.64,ZRX/USD
0.8107,0.8122,0.8034,0.8117,1540796400,28449.26,23107.15,ZRX/USD
0.8109,0.812,0.8033,0.8107,1540800000,37873.51,30498.02,ZRX/USD
0.8102,0.8111,0.8033,0.8109,1540803600,26361.96,21357.88,ZRX/USD
0.8114,0.8128,0.8025,0.8102,1540807200,69619.52,56386.56,ZRX/USD
0.8016,0.8114,0.7945,0.8114,1540810800,234771.04,188477.62,ZRX/USD
0.7799,0.8019,0.7733,0.8016,1540814400,838463.96,658303.6,ZRX/USD
0.7668,0.7821,0.7661,0.7799,1540818000,609218.92,468622.31,ZRX/USD
0.7717,0.7736,0.7645,0.7668,1540821600,139353.31,106721.59,ZRX/USD
0.7736,0.7736,0.7633,0.7718,1540825200,285382.56,220745.14,ZRX/USD
0.7557,0.7736,0.7557,0.7736,1540828800,245390.08,186759.88,ZRX/USD
0.7704,0.7708,0.7541,0.7557,1540832400,234183.25,178026.84,ZRX/USD
0.7538,0.7704,0.7536,0.7632,1540836000,617753.18,469493.38,ZRX/USD
0.7553,0.7699,0.7516,0.7538,1540839600,155125.95,117458.81,ZRX/USD
0.7615,0.769,0.7532,0.7553,1540843200,164925.1,125205.56,ZRX/USD
0.7522,0.7693,0.7522,0.7615,1540846800,187374.17,142664.1,ZRX/USD
0.7701,0.7703,0.7512,0.7522,1540850400,102726.46,78518.5,ZRX/USD
0.772,0.772,0.7617,0.7701,1540854000,145328.35,111770.55,ZRX/USD
0.7698,0.772,0.7614,0.772,1540857600,112630.73,86216.77,ZRX/USD
0.7703,0.7708,0.7601,0.7698,1540861200,42340.78,32493.28,ZRX/USD
0.7715,0.7718,0.7601,0.7703,1540864800,154785.93,118361.94,ZRX/USD
0.7718,0.7729,0.7624,0.7715,1540868400,67231.33,51710.6,ZRX/USD
0.7726,0.7726,0.7601,0.7718,1540872000,57528.7,44094.51,ZRX/USD
0.7736,0.7736,0.7601,0.7726,1540875600,42781.76,33002.73,ZRX/USD
0.7665,0.7748,0.7647,0.7736,1540879200,60799.89,47064.84,ZRX/USD
0.7731,0.7745,0.765,0.7665,1540882800,72746.76,56148.26,ZRX/USD
0.7717,0.7736,0.7642,0.7731,1540886400,43390.31,33624.32,ZRX/USD
0.77,0.7718,0.7601,0.7717,1540890000,25796.15,19822.86,ZRX/USD
0.7713,0.7719,0.7601,0.77,1540893600,29035.55,22401.12,ZRX/USD
0.7705,0.7713,0.7621,0.7713,1540897200,29501.92,22619.15,ZRX/USD
0.7721,0.7722,0.761,0.7705,1540900800,74978.11,57681.55,ZRX/USD
0.771,0.7725,0.7624,0.7721,1540904400,60005.24,45872.21,ZRX/USD
0.7643,0.7732,0.7601,0.771,1540908000,96940.13,74516.35,ZRX/USD
0.772,0.7728,0.7625,0.7643,1540911600,63457.19,48723.77,ZRX/USD
0.7658,0.7726,0.7625,0.772,1540915200,153695.81,118443.82,ZRX/USD
0.7726,0.7735,0.7644,0.7658,1540918800,126710.52,97583.48,ZRX/USD
0.7715,0.7728,0.7627,0.7726,1540922400,44372.82,34120.97,ZRX/USD
0.7716,0.7725,0.761,0.7715,1540926000,105308.59,81028.75,ZRX/USD
0.772,0.7722,0.762,0.7716,1540929600,83627.12,64301.43,ZRX/USD
0.771,0.7722,0.7619,0.772,1540933200,81604.35,62408.46,ZRX/USD
0.7711,0.772,0.76,0.771,1540936800,155944.03,119934.51,ZRX/USD
0.7715,0.7719,0.7615,0.7711,1540940400,54469.93,41874.88,ZRX/USD
0.7713,0.7717,0.761,0.7715,1540944000,76030.48,58250.03,ZRX/USD
0.771,0.7714,0.7608,0.7713,1540947600,52108.39,40133.06,ZRX/USD
0.7798,0.78,0.7621,0.771,1540951200,65776.37,50906.53,ZRX/USD
0.7793,0.78,0.77,0.7798,1540954800,95035.88,73582.87,ZRX/USD
0.7793,0.7797,0.7704,0.7793,1540958400,233145.96,181450.26,ZRX/USD
0.7793,0.7797,0.7705,0.7793,1540962000,184905.31,143022.2,ZRX/USD
0.7711,0.7796,0.7704,0.7793,1540965600,35488.21,27442.55,ZRX/USD
0.7792,0.7798,0.7702,0.7711,1540969200,28145.13,21781.38,ZRX/USD
0.7792,0.78,0.7705,0.7792,1540972800,30070.21,23320.04,ZRX/USD
0.7709,0.78,0.77,0.7792,1540976400,74068.21,57295.32,ZRX/USD
0.7792,0.78,0.7606,0.7709,1540980000,51518.73,39760.25,ZRX/USD
0.7705,0.7797,0.7614,0.7792,1540983600,197221.01,150354.04,ZRX/USD
0.77,0.7705,0.761,0.7705,1540987200,41411.98,31773.94,ZRX/USD
0.7699,0.7703,0.76,0.77,1540990800,67761.87,51720.57,ZRX/USD
0.7682,0.7699,0.76,0.7699,1540994400,231390.06,176241.59,ZRX/USD
0.78,0.78,0.7515,0.7682,1540998000,421228.76,321666.82,ZRX/USD
0.7712,0.78,0.7617,0.78,1541001600,184184.66,141561.15,ZRX/USD
0.7704,0.7714,0.762,0.7712,1541005200,87538.96,67137.36,ZRX/USD
0.77,0.7709,0.76,0.7704,1541008800,39535.91,30287.59,ZRX/USD
0.7709,0.7713,0.76,0.77,1541012400,45108.68,34585.42,ZRX/USD
0.7705,0.7712,0.7607,0.7709,1541016000,67976.36,52174.73,ZRX/USD
0.7709,0.771,0.7607,0.7705,1541019600,94287.56,72418.21,ZRX/USD
0.7619,0.7709,0.76,0.7709,1541023200,80640.95,61695.95,ZRX/USD
0.7707,0.7716,0.7607,0.7619,1541026800,38246.73,29379.26,ZRX/USD
0.7714,0.7796,0.76,0.7707,1541030400,152507.77,117124.97,ZRX/USD
0.7798,0.78,0.7708,0.7714,1541034000,30459.97,23640.51,ZRX/USD
0.78,0.78,0.77,0.7798,1541037600,90903.6,70354.51,ZRX/USD
0.7796,0.78,0.77,0.78,1541041200,70691.66,54982.97,ZRX/USD
0.7732,0.7817,0.7703,0.7796,1541044800,81460.47,63607.31,ZRX/USD
0.7808,0.7817,0.7722,0.7732,1541048400,33086.78,25789.47,ZRX/USD
0.78,0.7808,0.77,0.7808,1541052000,23972.43,18651.15,ZRX/USD
0.7813,0.7815,0.77,0.78,1541055600,24481.54,19130.73,ZRX/USD
0.7804,0.7813,0.7715,0.7813,1541059200,9659.84,7540.97,ZRX/USD
0.7812,0.7816,0.77,0.7804,1541062800,30480.36,23859.88,ZRX/USD
0.7813,0.7813,0.7715,0.7812,1541066400,30226.78,23542.14,ZRX/USD
0.7814,0.7814,0.7709,0.7813,1541070000,53645.04,41822.57,ZRX/USD
0.7825,0.7826,0.7723,0.7814,1541073600,188617.87,147868.58,ZRX/USD
0.7941,0.8019,0.7823,0.7825,1541077200,259939.28,207307.76,ZRX/USD
0.8,0.8015,0.792,0.7941,1541080800,161885.68,129426.94,ZRX/USD
0.7997,0.8004,0.7907,0.8,1541084400,140307.61,111974.33,ZRX/USD
0.8015,0.8018,0.7917,0.7997,1541088000,131488.76,104486.4,ZRX/USD
0.7944,0.8022,0.7925,0.8015,1541091600,135319.54,108262.69,ZRX/USD
0.803,0.8104,0.7938,0.8018,1541095200,446856.3,359109.3,ZRX/USD
0.8183,0.8185,0.803,0.803,1541098800,519293.29,422432.69,ZRX/USD
0.8097,0.8183,0.8011,0.8183,1541102400,190623.91,153831.38,ZRX/USD
0.8091,0.8105,0.8011,0.8097,1541106000,252284.37,203760.21,ZRX/USD
0.8093,0.81,0.801,0.8091,1541109600,72100.7,58139.42,ZRX/USD
0.8107,0.8188,0.801,0.8093,1541113200,177308.43,143567.64,ZRX/USD
0.821,0.8211,0.8018,0.8107,1541116800,391898.88,320616.22,ZRX/USD
0.8312,0.8398,0.8142,0.821,1541120400,778782.37,644436.86,ZRX/USD
0.8219,0.8397,0.8147,0.8312,1541124000,720727.25,594044.44,ZRX/USD
0.8043,0.822,0.8043,0.8219,1541127600,231983.62,188121.36,ZRX/USD
0.8106,0.8123,0.8023,0.8116,1541131200,106486.33,85791.2,ZRX/USD
0.8218,0.8294,0.8027,0.8106,1541134800,545594.18,447135.88,ZRX/USD
0.8294,0.8303,0.8215,0.8218,1541138400,148143.13,122814.43,ZRX/USD
0.8224,0.8299,0.8207,0.8294,1541142000,58689.43,48410.95,ZRX/USD
0.8285,0.8298,0.8207,0.8224,1541145600,58726.95,48374.18,ZRX/USD
0.8285,0.8287,0.8203,0.8285,1541149200,102620.69,84360.14,ZRX/USD
0.8207,0.8292,0.8126,0.8285,1541152800,119708.23,97590.69,ZRX/USD
0.8308,0.8308,0.8124,0.8207,1541156400,128614.39,105917.63,ZRX/USD
0.8297,0.8317,0.821,0.8308,1541160000,99979.3,82759.44,ZRX/USD
0.8206,0.8303,0.8125,0.8297,1541163600,185586.82,152236.58,ZRX/USD
0.8233,0.8241,0.8113,0.8206,1541167200,545367.82,452081.9,ZRX/USD
0.8296,0.8308,0.8159,0.8234,1541170800,326751.69,268782.61,ZRX/USD
0.822,0.8304,0.82,0.8296,1541174400,88626.84,73234.64,ZRX/USD
0.822,0.83,0.8215,0.822,1541178000,104408.21,86276.7,ZRX/USD
0.8205,0.8295,0.8124,0.822,1541181600,347244.71,282524.48,ZRX/USD
0.8124,0.8211,0.8116,0.8205,1541185200,103648.51,84871.49,ZRX/USD
0.8116,0.8202,0.8034,0.8124,1541188800,282664.91,229684.65,ZRX/USD
0.8113,0.812,0.8031,0.8116,1541192400,87726.98,70902.76,ZRX/USD
0.8136,0.814,0.8026,0.8113,1541196000,228144.74,187002.71,ZRX/USD
0.8122,0.8137,0.8033,0.8136,1541199600,50178.89,40611.64,ZRX/USD
0.8105,0.8134,0.802,0.8122,1541203200,102134.73,82619.06,ZRX/USD
0.8101,0.8115,0.8023,0.8105,1541206800,68184.42,54943.29,ZRX/USD
0.8103,0.8104,0.8021,0.8101,1541210400,36736.8,29713.13,ZRX/USD
0.8097,0.8103,0.8,0.8103,1541214000,45551.26,36845.37,ZRX/USD
0.8025,0.8098,0.8007,0.8097,1541217600,75851.74,61132.85,ZRX/USD
0.8093,0.8101,0.8014,0.8025,1541221200,36145.41,29175.21,ZRX/USD
0.8093,0.81,0.8025,0.8093,1541224800,38879.87,31419.08,ZRX/USD
0.8113,0.8119,0.8015,0.8093,1541228400,50164.19,40502.19,ZRX/USD
0.8051,0.8113,0.8012,0.8113,1541232000,13806.01,11152.05,ZRX/USD
0.8092,0.8113,0.8019,0.8051,1541235600,83036.92,66982.94,ZRX/USD
0.8009,0.81,0.8009,0.8092,1541239200,18261.5,14706.31,ZRX/USD
0.8029,0.8117,0.8009,0.8009,1541242800,51618.48,41704.41,ZRX/USD
0.8021,0.8091,0.8017,0.8029,1541246400,189742.23,153114.4,ZRX/USD
0.8075,0.8088,0.8014,0.8021,1541250000,47702.51,38431.83,ZRX/USD
0.8083,0.8091,0.8007,0.8075,1541253600,106038.39,85354.85,ZRX/USD
0.8089,0.8094,0.8008,0.8083,1541257200,67320.09,54032.13,ZRX/USD
0.7994,0.8091,0.7919,0.8089,1541260800,161455.89,129399.5,ZRX/USD
0.79,0.8003,0.79,0.7994,1541264400,27665.69,22059.74,ZRX/USD
0.8001,0.8009,0.79,0.79,1541268000,78319.99,62266.04,ZRX/USD
0.7939,0.8014,0.7909,0.8001,1541271600,51786.68,41228.01,ZRX/USD
0.8014,0.8014,0.7901,0.7939,1541275200,98665.61,78807.01,ZRX/USD
0.8006,0.8014,0.7901,0.8014,1541278800,115473.86,92092.47,ZRX/USD
0.8,0.8006,0.79,0.8006,1541282400,55469.67,44256.49,ZRX/USD
0.8101,0.8101,0.79,0.8,1541286000,124183.27,99258.17,ZRX/USD
0.8088,0.8109,0.8,0.8101,1541289600,129850.11,104750.3,ZRX/USD
0.809,0.8098,0.8004,0.8088,1541293200,49538.92,39888.99,ZRX/USD
0.8008,0.81,0.8,0.809,1541296800,33879.35,27280.83,ZRX/USD
0.8032,0.8108,0.8006,0.8008,1541300400,96925.52,78331.83,ZRX/USD
0.8006,0.8106,0.8006,0.8032,1541304000,238455.17,191281.74,ZRX/USD
0.792,0.8092,0.79,0.8006,1541307600,146848.16,116820.33,ZRX/USD
0.8004,0.801,0.7914,0.792,1541311200,62414.95,49770.23,ZRX/USD
0.7926,0.8014,0.7919,0.8004,1541314800,25450.32,20352.83,ZRX/USD
0.8002,0.8008,0.79,0.7926,1541318400,48596.32,38644.97,ZRX/USD
0.791,0.8002,0.7909,0.8002,1541322000,61289.06,48795.34,ZRX/USD
0.7914,0.7997,0.7906,0.791,1541325600,93000.22,73930.79,ZRX/USD
0.7919,0.8002,0.7907,0.7914,1541329200,64585.37,51302.04,ZRX/USD
0.8,0.8002,0.79,0.7919,1541332800,36991.65,29399.86,ZRX/USD
0.8007,0.8008,0.79,0.8,1541336400,219391.73,176084.87,ZRX/USD
0.7918,0.8007,0.7917,0.8007,1541340000,107175.52,84946.99,ZRX/USD
0.8015,0.8024,0.7915,0.7918,1541343600,205683.95,163933.96,ZRX/USD
0.8014,0.8022,0.792,0.8015,1541347200,436225.61,348200.74,ZRX/USD
0.7905,0.8014,0.7824,0.8014,1541350800,461868.41,364923.25,ZRX/USD
0.7903,0.7919,0.782,0.7826,1541354400,383837.14,301434.91,ZRX/USD
0.7908,0.7915,0.7821,0.7903,1541358000,117769.98,92702.25,ZRX/USD
0.783,0.7909,0.7807,0.7908,1541361600,211791.23,166603.44,ZRX/USD
0.7917,0.7917,0.7814,0.783,1541365200,79103.0,62301.6,ZRX/USD
0.7829,0.7918,0.7828,0.7917,1541368800,122208.26,96335.46,ZRX/USD
0.7906,0.7907,0.7813,0.7829,1541372400,95610.04,75365.58,ZRX/USD
0.7902,0.7995,0.7805,0.7906,1541376000,162990.25,128430.89,ZRX/USD
0.7904,0.7995,0.7902,0.7902,1541379600,86362.16,68587.3,ZRX/USD
0.7901,0.7991,0.7806,0.7904,1541383200,159690.16,126019.55,ZRX/USD
0.79,0.7901,0.78,0.7901,1541386800,35843.11,28171.38,ZRX/USD
0.7895,0.7903,0.78,0.79,1541390400,185555.77,145342.94,ZRX/USD
0.7894,0.7897,0.7805,0.7895,1541394000,66800.9,52395.98,ZRX/USD
0.7902,0.7904,0.7805,0.7894,1541397600,66023.5,51906.79,ZRX/USD
0.7807,0.7902,0.7722,0.7902,1541401200,155031.86,121154.61,ZRX/USD
0.7812,0.7815,0.7715,0.7807,1541404800,33098.92,25850.38,ZRX/USD
0.7726,0.7812,0.7716,0.7812,1541408400,46437.36,36087.12,ZRX/USD
0.7721,0.7805,0.7711,0.7726,1541412000,82108.06,63757.88,ZRX/USD
0.7892,0.7895,0.7721,0.7721,1541415600,77548.03,60598.83,ZRX/USD
0.789,0.7895,0.7806,0.7892,1541419200,50431.9,39457.59,ZRX/USD
0.7896,0.7896,0.7809,0.789,1541422800,105373.81,82895.68,ZRX/USD
0.7805,0.7898,0.7805,0.7896,1541426400,178848.93,140359.37,ZRX/USD
0.7804,0.7894,0.7713,0.7805,1541430000,188962.43,147006.27,ZRX/USD
0.781,0.7811,0.7718,0.7804,1541433600,130754.85,101606.7,ZRX/USD
0.7799,0.7811,0.7714,0.781,1541437200,121635.33,94718.58,ZRX/USD
0.7799,0.7804,0.7711,0.7799,1541440800,139077.33,107557.02,ZRX/USD
0.779,0.7799,0.7703,0.7718,1541444400,102218.92,78916.38,ZRX/USD
0.7795,0.7806,0.7702,0.779,1541448000,215183.93,166773.83,ZRX/USD
0.7713,0.7802,0.7622,0.7795,1541451600,81100.43,62627.87,ZRX/USD
0.762,0.7713,0.76,0.7713,1541455200,81166.02,62287.86,ZRX/USD
0.7692,0.7701,0.7609,0.7701,1541458800,147205.26,112987.31,ZRX/USD
0.7694,0.7696,0.7603,0.7691,1541462400,134829.14,103433.43,ZRX/USD
0.7697,0.7701,0.7609,0.7694,1541466000,101820.24,77776.86,ZRX/USD
0.7616,0.77,0.7604,0.7697,1541469600,97647.44,74552.11,ZRX/USD
0.7616,0.7698,0.7605,0.7616,1541473200,34212.52,26257.91,ZRX/USD
0.7613,0.7698,0.7606,0.7616,1541476800,98135.13,74869.61,ZRX/USD
0.77,0.77,0.761,0.7613,1541480400,48518.62,37297.41,ZRX/USD
0.7701,0.7701,0.7609,0.77,1541484000,209297.41,159397.52,ZRX/USD
0.7706,0.7708,0.7615,0.7701,1541487600,55988.78,43137.22,ZRX/USD
0.77,0.7709,0.7618,0.7706,1541491200,70745.83,54410.05,ZRX/USD
0.7705,0.7708,0.7617,0.77,1541494800,71359.1,55000.4,ZRX/USD
0.77,0.7719,0.7616,0.77,1541498400,89776.2,69209.46,ZRX/USD
0.7622,0.7703,0.7615,0.77,1541502000,46632.46,35738.35,ZRX/USD
0.762,0.77,0.7618,0.7622,1541505600,76858.78,58837.29,ZRX/USD
0.7697,0.7715,0.7536,0.762,1541509200,250735.29,190929.47,ZRX/USD
0.7694,0.7699,0.7547,0.7697,1541512800,166106.75,127115.97,ZRX/USD
0.7612,0.7695,0.7538,0.7694,1541516400,193339.05,147271.72,ZRX/USD
0.7595,0.7618,0.7519,0.7612,1541520000,199148.77,151203.87,ZRX/USD
0.7597,0.7611,0.7518,0.7595,1541523600,214509.9,162062.14,ZRX/USD
0.754,0.7627,0.7522,0.7597,1541527200,460489.44,346948.45,ZRX/USD
0.7596,0.7621,0.7522,0.754,1541530800,324136.58,246562.2,ZRX/USD
0.7608,0.7623,0.7522,0.7596,1541534400,95372.27,72416.26,ZRX/USD
0.7611,0.7624,0.7524,0.7608,1541538000,94760.26,71627.12,ZRX/USD
0.7607,0.7614,0.7518,0.7611,1541541600,261174.9,196838.92,ZRX/USD
0.7613,0.7623,0.752,0.7607,1541545200,171544.88,130379.3,ZRX/USD
0.7605,0.7706,0.7527,0.754,1541548800,454336.95,345967.5,ZRX/USD
0.7626,0.7626,0.7524,0.7605,1541552400,123718.16,94094.21,ZRX/USD
0.7622,0.7627,0.7534,0.7627,1541556000,233139.1,176740.92,ZRX/USD
0.763,0.763,0.7538,0.7622,1541559600,83553.87,63354.18,ZRX/USD
0.7625,0.7631,0.7514,0.763,1541563200,58483.26,44378.43,ZRX/USD
0.7619,0.7628,0.7537,0.7625,1541566800,117093.05,88777.45,ZRX/USD
0.7546,0.7627,0.7524,0.7619,1541570400,47976.95,36523.65,ZRX/USD
0.763,0.7719,0.7539,0.7546,1541574000,190806.04,145482.35,ZRX/USD
0.7639,0.7724,0.763,0.763,1541577600,57294.17,44178.54,ZRX/USD
0.7711,0.7718,0.7618,0.7639,1541581200,35310.85,27234.81,ZRX/USD
0.7704,0.7711,0.7617,0.7711,1541584800,52339.86,40155.66,ZRX/USD
0.7611,0.7705,0.7611,0.7704,1541588400,38189.76,29256.17,ZRX/USD
0.7625,0.7706,0.76,0.7611,1541592000,46681.88,35781.17,ZRX/USD
0.7705,0.7706,0.7616,0.7625,1541595600,60563.04,46544.5,ZRX/USD
0.7612,0.7705,0.761,0.7705,1541599200,110844.59,84799.76,ZRX/USD
0.7694,0.7695,0.7603,0.769,1541602800,114441.69,87357.2,ZRX/USD
0.7603,0.7697,0.752,0.7693,1541606400,70317.85,53289.03,ZRX/USD
0.7612,0.7615,0.7508,0.7603,1541610000,95638.13,72675.07,ZRX/USD
0.7602,0.7614,0.7514,0.7612,1541613600,101464.77,76923.72,ZRX/USD
0.7595,0.7602,0.75,0.7602,1541617200,36469.83,27665.4,ZRX/USD
0.7511,0.76,0.7509,0.7595,1541620800,82460.91,62414.33,ZRX/USD
0.7513,0.76,0.75,0.7511,1541624400,109744.37,82626.57,ZRX/USD
0.7599,0.76,0.7503,0.7513,1541628000,53119.83,40328.37,ZRX/USD
0.7522,0.7603,0.7505,0.7599,1541631600,52225.97,39577.04,ZRX/USD
0.7601,0.7604,0.7506,0.7522,1541635200,36511.65,27703.99,ZRX/USD
0.7522,0.7609,0.7509,0.7601,1541638800,57304.69,43478.87,ZRX/USD
0.76,0.7621,0.7514,0.7522,1541642400,174945.92,132983.87,ZRX/USD
0.7604,0.7604,0.7515,0.76,1541646000,97870.76,73883.96,ZRX/USD
0.7614,0.7622,0.7511,0.7604,1541649600,52675.09,39956.18,ZRX/USD
0.7611,0.7624,0.7501,0.7614,1541653200,41323.39,31396.87,ZRX/USD
0.7537,0.762,0.7509,0.7611,1541656800,26851.36,20352.61,ZRX/USD
0.761,0.7619,0.7501,0.7537,1541660400,20980.38,15810.39,ZRX/USD
0.75,0.7613,0.75,0.761,1541664000,30145.43,22695.95,ZRX/USD
0.7524,0.7608,0.75,0.75,1541667600,54290.19,41234.02,ZRX/USD
0.7536,0.7616,0.75,0.7524,1541671200,16209.91,12280.27,ZRX/USD
0.7621,0.7621,0.7519,0.7536,1541674800,76981.77,58135.3,ZRX/USD
0.7621,0.7626,0.751,0.7621,1541678400,50573.6,38483.19,ZRX/USD
0.7623,0.7638,0.753,0.7621,1541682000,65412.19,50005.9,ZRX/USD
0.7621,0.7629,0.7533,0.7623,1541685600,97745.58,74120.32,ZRX/USD
0.7621,0.7624,0.7527,0.7621,1541689200,55437.2,42151.51,ZRX/USD
0.7516,0.7622,0.7514,0.7621,1541692800,191165.86,143964.05,ZRX/USD
0.7602,0.7603,0.7512,0.7516,1541696400,138532.84,104272.66,ZRX/USD
0.726,0.7602,0.726,0.7602,1541700000,1474507.97,1089349.56,ZRX/USD
0.7238,0.7411,0.7238,0.726,1541703600,511798.32,373869.95,ZRX/USD
0.7203,0.732,0.7112,0.7238,1541707200,917132.22,661319.99,ZRX/USD
0.7214,0.7227,0.7134,0.7203,1541710800,307720.44,220641.17,ZRX/USD
0.7211,0.7214,0.7133,0.7214,1541714400,171793.29,123412.09,ZRX/USD
0.7205,0.7213,0.7126,0.7211,1541718000,112050.92,80224.21,ZRX/USD
0.7212,0.7224,0.7062,0.7205,1541721600,310630.97,220814.05,ZRX/USD
0.7205,0.7217,0.7119,0.7212,1541725200,64641.72,46469.75,ZRX/USD
0.7144,0.7228,0.7123,0.7205,1541728800,198810.81,141889.53,ZRX/USD
0.7231,0.7232,0.7142,0.7144,1541732400,69390.8,49604.58,ZRX/USD
0.7237,0.7237,0.714,0.7231,1541736000,82820.27,59513.13,ZRX/USD
0.7226,0.7237,0.7117,0.7237,1541739600,70680.22,50670.75,ZRX/USD
0.7228,0.7233,0.7142,0.7226,1541743200,66939.99,48223.44,ZRX/USD
0.7229,0.7314,0.7148,0.7228,1541746800,67244.93,48536.46,ZRX/USD
0.72,0.7309,0.72,0.7229,1541750400,11317.23,8256.31,ZRX/USD
0.7122,0.7301,0.7122,0.72,1541754000,66335.23,47947.2,ZRX/USD
0.7208,0.7208,0.7122,0.7122,1541757600,37217.58,26787.11,ZRX/USD
0.7213,0.7217,0.7101,0.7208,1541761200,25238.47,18121.11,ZRX/USD
0.7216,0.7217,0.712,0.7213,1541764800,30393.22,21791.19,ZRX/USD
0.7212,0.7216,0.7121,0.7216,1541768400,66616.55,47760.92,ZRX/USD
0.7198,0.7212,0.7121,0.7212,1541772000,52646.12,37685.1,ZRX/USD
0.7196,0.7205,0.7117,0.7198,1541775600,83524.36,59776.7,ZRX/USD
0.7205,0.721,0.7117,0.7196,1541779200,66919.33,48091.38,ZRX/USD
0.7205,0.7216,0.71,0.7205,1541782800,48610.8,34872.77,ZRX/USD
0.7205,0.721,0.7101,0.7205,1541786400,149088.42,106497.16,ZRX/USD
0.7203,0.7205,0.7124,0.7205,1541790000,57658.11,41241.57,ZRX/USD
0.7196,0.7204,0.7105,0.7203,1541793600,34153.12,24450.44,ZRX/USD
0.71,0.7197,0.7,0.7196,1541797200,144390.03,102336.4,ZRX/USD
0.7,0.7114,0.7,0.71,1541800800,92069.64,64762.86,ZRX/USD
0.7111,0.7116,0.7,0.71,1541804400,32520.53,23102.91,ZRX/USD
0.71,0.7112,0.7006,0.7111,1541808000,144179.65,101227.89,ZRX/USD
0.7026,0.7111,0.7,0.71,1541811600,35473.47,25059.41,ZRX/USD
0.7029,0.7112,0.7011,0.7026,1541815200,32899.88,23421.09,ZRX/USD
0.71,0.7113,0.7,0.7029,1541818800,127530.64,89451.83,ZRX/USD
0.7115,0.7115,0.7013,0.71,1541822400,19255.63,13630.41,ZRX/USD
0.7105,0.7116,0.7013,0.7115,1541826000,78004.98,55260.78,ZRX/USD
0.7105,0.7108,0.7,0.7105,1541829600,52846.44,37451.58,ZRX/USD
0.711,0.7112,0.7015,0.7105,1541833200,46901.03,33258.84,ZRX/USD
0.7112,0.7116,0.7007,0.711,1541836800,11759.43,8298.85,ZRX/USD
0.7,0.7112,0.7,0.7112,1541840400,3658.24,2593.27,ZRX/USD
0.7102,0.7111,0.7,0.7,1541844000,10670.56,7602.9,ZRX/USD
0.7111,0.7114,0.7,0.7102,1541847600,4034.87,2871.35,ZRX/USD
0.7032,0.7118,0.7026,0.7111,1541851200,21467.24,15192.73,ZRX/USD
0.7111,0.7119,0.702,0.7032,1541854800,21463.26,15255.34,ZRX/USD
0.712,0.7125,0.7014,0.7111,1541858400,85435.69,60659.08,ZRX/USD
0.7207,0.721,0.7026,0.712,1541862000,146992.17,104601.32,ZRX/USD
0.7211,0.722,0.7109,0.7207,1541865600,100550.1,72119.3,ZRX/USD
0.7118,0.7214,0.7116,0.7211,1541869200,46151.34,33262.35,ZRX/USD
0.7122,0.7207,0.7112,0.7118,1541872800,45070.22,32378.19,ZRX/USD
0.7206,0.7211,0.7116,0.7122,1541876400,58526.32,41981.13,ZRX/USD
0.72,0.721,0.7,0.7206,1541880000,74621.92,52982.23,ZRX/USD
0.7109,0.7207,0.71,0.72,1541883600,20052.54,14336.08,ZRX/USD
0.7206,0.7208,0.71,0.7109,1541887200,48252.94,34577.84,ZRX/USD
0.7203,0.7208,0.7116,0.7206,1541890800,46188.39,33288.64,ZRX/USD
0.7195,0.7203,0.7107,0.7203,1541894400,26861.04,19294.63,ZRX/USD
0.7117,0.72,0.7104,0.7195,1541898000,34178.47,24528.89,ZRX/USD
0.7104,0.72,0.702,0.7117,1541901600,48520.93,34467.55,ZRX/USD
0.7103,0.7108,0.7012,0.7104,1541905200,17682.21,12514.7,ZRX/USD
0.7107,0.7109,0.7,0.7103,1541908800,38487.3,27116.99,ZRX/USD
0.7103,0.711,0.7,0.7107,1541912400,20937.04,14867.08,ZRX/USD
0.7104,0.7104,0.7014,0.7103,1541916000,30957.67,21850.02,ZRX/USD
0.7104,0.7107,0.7005,0.7104,1541919600,97381.05,68311.7,ZRX/USD
0.7104,0.7107,0.7008,0.7104,1541923200,10641.72,7532.75,ZRX/USD
0.7103,0.7104,0.7011,0.7104,1541926800,8341.07,5926.78,ZRX/USD
0.7012,0.7104,0.7009,0.7103,1541930400,8228.48,5825.66,ZRX/USD
0.7094,0.7101,0.7012,0.7012,1541934000,17113.58,12098.56,ZRX/USD
0.7097,0.71,0.7009,0.7094,1541937600,17446.74,12328.29,ZRX/USD
0.7094,0.7098,0.7006,0.7097,1541941200,45828.89,32399.72,ZRX/USD
0.7011,0.7097,0.6915,0.7094,1541944800,86933.42,60882.28,ZRX/USD
0.699,0.7013,0.6917,0.7011,1541948400,194989.54,135784.19,ZRX/USD
0.6915,0.699,0.6835,0.699,1541952000,138433.07,95257.84,ZRX/USD
0.6838,0.6915,0.681,0.6915,1541955600,92172.27,63183.47,ZRX/USD
0.6904,0.6923,0.6761,0.6909,1541959200,187901.81,128673.92,ZRX/USD
0.6915,0.6921,0.6823,0.6904,1541962800,46356.59,31958.97,ZRX/USD
0.6835,0.6918,0.6801,0.6915,1541966400,46570.89,31961.03,ZRX/USD
0.6918,0.6918,0.6811,0.6835,1541970000,59123.48,40403.68,ZRX/USD
0.6909,0.6919,0.6823,0.6918,1541973600,41539.95,28447.47,ZRX/USD
0.6938,0.6943,0.6827,0.6909,1541977200,78759.24,54582.85,ZRX/USD
0.6947,0.6961,0.6861,0.6938,1541980800,137406.02,95850.87,ZRX/USD
0.7,0.7004,0.6841,0.6947,1541984400,147035.0,101534.11,ZRX/USD
0.7011,0.7012,0.69,0.7,1541988000,40108.98,27994.96,ZRX/USD
0.7024,0.7037,0.694,0.7011,1541991600,58729.36,41414.65,ZRX/USD
0.7021,0.7027,0.6913,0.7024,1541995200,43479.83,30434.47,ZRX/USD
0.7016,0.7024,0.6901,0.7021,1541998800,17736.99,12404.33,ZRX/USD
0.6999,0.7016,0.6926,0.7016,1542002400,129622.7,89579.47,ZRX/USD
0.6921,0.7001,0.6801,0.6999,1542006000,21427.94,14823.56,ZRX/USD
0.6864,0.6934,0.6832,0.6921,1542009600,61562.34,42783.48,ZRX/USD
0.6921,0.6936,0.6846,0.6864,1542013200,50712.04,34894.16,ZRX/USD
0.6912,0.6928,0.6826,0.6921,1542016800,83309.07,56921.94,ZRX/USD
0.6826,0.6926,0.6811,0.6912,1542020400,24435.09,16796.85,ZRX/USD
0.6922,0.6928,0.6814,0.6826,1542024000,18084.28,12538.15,ZRX/USD
0.6925,0.6928,0.6835,0.6922,1542027600,51227.37,35518.85,ZRX/USD
0.6913,0.6937,0.6843,0.6925,1542031200,43968.85,30348.93,ZRX/USD
0.6849,0.6926,0.6839,0.6913,1542034800,68593.0,47471.72,ZRX/USD
0.691,0.6919,0.6829,0.6849,1542038400,45893.63,31480.43,ZRX/USD
0.69,0.6915,0.6824,0.691,1542042000,104898.79,72229.01,ZRX/USD
0.6746,0.69,0.6701,0.69,1542045600,158376.85,107282.03,ZRX/USD
0.6814,0.6825,0.6735,0.6746,1542049200,77868.41,52729.44,ZRX/USD
0.6734,0.682,0.6647,0.6814,1542052800,90057.74,60323.22,ZRX/USD
0.6739,0.6746,0.6645,0.6734,1542056400,147754.66,98737.91,ZRX/USD
0.6668,0.6741,0.6576,0.6739,1542060000,193829.43,128858.06,ZRX/USD
0.6655,0.674,0.6601,0.6668,1542063600,77886.36,51852.87,ZRX/USD
0.6724,0.6731,0.6638,0.6655,1542067200,59681.69,39825.47,ZRX/USD
0.6714,0.6726,0.6636,0.6724,1542070800,261305.29,175266.37,ZRX/USD
0.6715,0.6718,0.6635,0.6714,1542074400,75998.89,50545.24,ZRX/USD
0.6676,0.6742,0.6636,0.6715,1542078000,54189.68,36427.53,ZRX/USD
0.6682,0.6748,0.6601,0.6676,1542081600,38096.45,25317.04,ZRX/USD
0.677,0.6772,0.6658,0.6682,1542085200,89902.1,60538.47,ZRX/USD
0.6769,0.6847,0.6709,0.677,1542088800,223449.56,150871.53,ZRX/USD
0.6744,0.6835,0.6664,0.6769,1542092400,211599.32,140254.98,ZRX/USD
0.6587,0.6747,0.6587,0.6744,1542096000,135779.49,90870.67,ZRX/USD
0.6651,0.666,0.6501,0.6587,1542099600,19099.31,12618.87,ZRX/USD
0.6659,0.6659,0.6544,0.6651,1542103200,43303.25,28699.81,ZRX/USD
0.6584,0.6658,0.6574,0.6651,1542106800,70635.09,46506.31,ZRX/USD
0.664,0.6653,0.6537,0.6584,1542110400,91562.57,60741.28,ZRX/USD
0.6475,0.6642,0.6475,0.664,1542114000,93815.43,61121.92,ZRX/USD
0.6561,0.6561,0.6461,0.6475,1542117600,120549.14,78986.2,ZRX/USD
0.655,0.6564,0.6461,0.6561,1542121200,166792.31,109465.82,ZRX/USD
0.6557,0.656,0.6454,0.655,1542124800,85335.16,55796.34,ZRX/USD
0.6546,0.6558,0.6456,0.6557,1542128400,251228.5,162259.88,ZRX/USD
0.6445,0.6549,0.6375,0.6546,1542132000,248317.62,159969.13,ZRX/USD
0.6288,0.6449,0.6283,0.6445,1542135600,481267.61,304697.28,ZRX/USD
0.644,0.6445,0.6257,0.6288,1542139200,155864.4,98641.23,ZRX/USD
0.6351,0.6445,0.6174,0.644,1542142800,546635.28,344394.21,ZRX/USD
0.6346,0.6352,0.6252,0.6351,1542146400,131931.25,83247.62,ZRX/USD
0.6428,0.6439,0.6272,0.6346,1542150000,207330.32,132509.79,ZRX/USD
0.6423,0.6442,0.6342,0.6428,1542153600,64937.2,41364.48,ZRX/USD
0.6416,0.6435,0.6327,0.6423,1542157200,80715.8,51657.52,ZRX/USD
0.6416,0.6426,0.6322,0.6416,1542160800,105675.66,67101.06,ZRX/USD
0.6338,0.6416,0.626,0.6416,1542164400,46669.35,29490.19,ZRX/USD
0.6358,0.6358,0.6201,0.6338,1542168000,54870.78,34701.14,ZRX/USD
0.6301,0.636,0.6201,0.6358,1542171600,46626.33,29395.86,ZRX/USD
0.6339,0.6355,0.6201,0.6301,1542175200,61126.63,39144.53,ZRX/USD
0.6351,0.642,0.6266,0.6339,1542178800,37063.09,23458.8,ZRX/USD
0.6259,0.6352,0.6255,0.6351,1542182400,61468.9,39056.76,ZRX/USD
0.6245,0.6343,0.6235,0.6259,1542186000,73524.51,45902.56,ZRX/USD
0.6078,0.6325,0.606,0.6245,1542189600,238263.71,147824.94,ZRX/USD
0.6128,0.6149,0.6058,0.6078,1542193200,100521.18,61552.44,ZRX/USD
0.6043,0.6134,0.5965,0.6128,1542196800,249496.06,149699.17,ZRX/USD
0.6042,0.605,0.596,0.6043,1542200400,127713.44,76473.96,ZRX/USD
0.5869,0.6047,0.5869,0.6042,1542204000,255539.2,152709.77,ZRX/USD
0.5724,0.5942,0.5642,0.5869,1542207600,956844.22,552224.13,ZRX/USD
0.5609,0.6063,0.4871,0.5724,1542211200,4190806.24,2208282.19,ZRX/USD
0.57,0.5809,0.5262,0.5607,1542214800,1516064.13,843684.72,ZRX/USD
0.5304,0.5714,0.5243,0.57,1542218400,1182957.44,645716.92,ZRX/USD
0.5306,0.5533,0.5182,0.5304,1542222000,900521.86,480022.45,ZRX/USD
0.5293,0.5472,0.5107,0.5306,1542225600,571429.86,299013.49,ZRX/USD
0.5546,0.5699,0.5226,0.5293,1542229200,645770.57,352265.58,ZRX/USD
0.558,0.5672,0.548,0.5546,1542232800,402793.27,224962.15,ZRX/USD
0.567,0.5737,0.5565,0.5653,1542236400,257838.02,145063.06,ZRX/USD
0.5582,0.5671,0.5553,0.5671,1542240000,284982.1,159193.68,ZRX/USD
0.5502,0.5583,0.5462,0.5583,1542243600,221424.58,121167.06,ZRX/USD
0.5465,0.5539,0.5434,0.5502,1542247200,316442.24,172977.22,ZRX/USD
0.5454,0.5528,0.5433,0.5465,1542250800,216499.97,117894.28,ZRX/USD
0.5338,0.5461,0.5336,0.5454,1542254400,214775.02,114995.09,ZRX/USD
0.5419,0.5419,0.5244,0.5338,1542258000,208675.21,110189.81,ZRX/USD
0.5332,0.5419,0.5163,0.5419,1542261600,180277.39,94913.04,ZRX/USD
0.5512,0.5512,0.5239,0.5332,1542265200,131624.03,70669.1,ZRX/USD
0.5428,0.5519,0.536,0.5512,1542268800,82938.84,44849.67,ZRX/USD
0.5448,0.5451,0.5352,0.5428,1542272400,92235.84,50289.07,ZRX/USD
0.5169,0.5449,0.5168,0.5448,1542276000,367071.91,189928.01,ZRX/USD
0.5229,0.5254,0.5157,0.5169,1542279600,120968.83,63777.42,ZRX/USD
0.5237,0.5244,0.5168,0.5229,1542283200,126015.13,65666.15,ZRX/USD
0.5211,0.5241,0.518,0.5237,1542286800,150967.47,78379.52,ZRX/USD
0.5074,0.522,0.5072,0.5211,1542290400,448518.3,230380.17,ZRX/USD
0.5326,0.5326,0.5061,0.5074,1542294000,393906.79,204424.49,ZRX/USD
0.5352,0.5352,0.52,0.5326,1542297600,295768.77,158095.36,ZRX/USD
0.5509,0.5528,0.5348,0.5359,1542301200,335290.55,183238.22,ZRX/USD
0.5455,0.5513,0.5384,0.5509,1542304800,165235.99,90001.02,ZRX/USD
0.5522,0.5522,0.5416,0.5455,1542308400,259066.05,141801.69,ZRX/USD
0.5487,0.5529,0.5432,0.5522,1542312000,553157.25,305257.15,ZRX/USD
0.5533,0.5533,0.5472,0.5487,1542315600,258682.62,142481.75,ZRX/USD
0.5572,0.5604,0.5522,0.5533,1542319200,98467.92,54640.7,ZRX/USD
0.5601,0.5626,0.5556,0.5572,1542322800,130124.52,72536.17,ZRX/USD
0.5617,0.5633,0.5532,0.5601,1542326400,160149.48,89445.02,ZRX/USD
0.5626,0.5692,0.5557,0.5617,1542330000,153314.19,85865.85,ZRX/USD
0.5746,0.5763,0.5596,0.5626,1542333600,308992.04,175869.24,ZRX/USD
0.6015,0.624,0.5728,0.5746,1542337200,1013877.92,601185.46,ZRX/USD
0.5925,0.6015,0.5889,0.6015,1542340800,434843.57,257775.88,ZRX/USD
0.5807,0.5945,0.5807,0.5925,1542344400,455770.49,267815.42,ZRX/USD
0.579,0.5851,0.5688,0.5807,1542348000,625711.37,360941.51,ZRX/USD
0.5708,0.5827,0.5703,0.579,1542351600,88580.81,51152.15,ZRX/USD
0.5622,0.5781,0.5588,0.5708,1542355200,307555.54,174828.95,ZRX/USD
0.561,0.5682,0.5564,0.5622,1542358800,109822.76,61722.6,ZRX/USD
0.5692,0.5736,0.5566,0.561,1542362400,101911.85,57604.76,ZRX/USD
0.5693,0.572,0.5611,0.5692,1542366000,39183.73,22238.55,ZRX/USD
0.5822,0.5825,0.5636,0.5693,1542369600,226294.62,129572.36,ZRX/USD
0.6012,0.6013,0.5752,0.5822,1542373200,452133.88,266079.25,ZRX/USD
0.5721,0.6088,0.5714,0.6012,1542376800,570389.54,337027.25,ZRX/USD
0.5624,0.5782,0.56,0.5721,1542380400,292397.04,166139.96,ZRX/USD
0.5687,0.5757,0.5604,0.5624,1542384000,354493.82,200704.02,ZRX/USD
0.5554,0.5687,0.5516,0.5687,1542387600,296950.16,165959.5,ZRX/USD
0.5538,0.557,0.5464,0.5554,1542391200,197482.16,108950.52,ZRX/USD
0.5596,0.566,0.5526,0.5538,1542394800,230053.86,128873.6,ZRX/USD
0.5537,0.5602,0.5451,0.5596,1542398400,233130.07,127773.36,ZRX/USD
0.5501,0.5629,0.5447,0.5537,1542402000,231009.77,126815.17,ZRX/USD
0.5452,0.5504,0.5391,0.5501,1542405600,111698.15,60528.39,ZRX/USD
0.5529,0.5543,0.5422,0.5452,1542409200,130927.06,71587.29,ZRX/USD
0.545,0.553,0.5407,0.5529,1542412800,145612.46,78800.26,ZRX/USD
0.5448,0.5459,0.54,0.545,1542416400,36439.01,19836.56,ZRX/USD
0.5423,0.5459,0.5401,0.5448,1542420000,82214.33,44453.03,ZRX/USD
0.5479,0.5485,0.54,0.5423,1542423600,116811.33,63544.28,ZRX/USD
0.548,0.5482,0.5418,0.5479,1542427200,86296.17,46892.73,ZRX/USD
0.543,0.5489,0.543,0.548,1542430800,42339.22,23060.22,ZRX/USD
0.5499,0.5503,0.5423,0.543,1542434400,23974.28,13099.41,ZRX/USD
0.5482,0.5503,0.5447,0.5499,1542438000,57185.54,31545.33,ZRX/USD
0.5495,0.5499,0.5452,0.5482,1542441600,24194.13,13289.84,ZRX/USD
0.5484,0.5495,0.5423,0.5495,1542445200,20548.57,11188.67,ZRX/USD
0.5472,0.549,0.5421,0.5484,1542448800,79651.61,43370.3,ZRX/USD
0.5599,0.5618,0.5422,0.5472,1542452400,425378.98,239055.68,ZRX/USD
0.562,0.5624,0.5544,0.5599,1542456000,63735.49,35698.11,ZRX/USD
0.5596,0.5622,0.5506,0.562,1542459600,93304.92,51843.22,ZRX/USD
0.5563,0.5597,0.5531,0.5596,1542463200,50998.03,28297.11,ZRX/USD
0.5484,0.5587,0.5431,0.5563,1542466800,103635.5,57336.17,ZRX/USD
0.5382,0.5507,0.5372,0.5484,1542470400,272580.11,148207.79,ZRX/USD
0.5237,0.5419,0.5208,0.5382,1542474000,326064.56,171705.88,ZRX/USD
0.5324,0.5336,0.5231,0.5237,1542477600,163506.39,85637.24,ZRX/USD
0.5243,0.5327,0.5232,0.5324,1542481200,68718.58,36392.03,ZRX/USD
0.5335,0.5349,0.5232,0.5243,1542484800,52481.4,27951.41,ZRX/USD
0.5373,0.5399,0.531,0.5335,1542488400,54289.7,29013.26,ZRX/USD
0.5369,0.5399,0.5302,0.5373,1542492000,111618.5,59655.49,ZRX/USD
0.5381,0.5448,0.5346,0.5369,1542495600,179059.32,96411.68,ZRX/USD
0.5433,0.5457,0.5381,0.5381,1542499200,70203.72,37863.64,ZRX/USD
0.5429,0.5454,0.5423,0.5433,1542502800,102589.85,55633.83,ZRX/USD
0.5482,0.5482,0.5424,0.5429,1542506400,61901.28,33778.25,ZRX/USD
0.5499,0.55,0.5454,0.5482,1542510000,38245.81,20902.67,ZRX/USD
0.5438,0.5542,0.5438,0.5499,1542513600,133947.27,73253.65,ZRX/USD
0.5457,0.5501,0.5428,0.5438,1542517200,37934.03,20688.12,ZRX/USD
0.5498,0.552,0.5455,0.5457,1542520800,96118.46,52621.74,ZRX/USD
0.5503,0.5521,0.5475,0.5498,1542524400,41969.25,23059.41,ZRX/USD
0.5499,0.5512,0.5463,0.5503,1542528000,23954.92,13131.55,ZRX/USD
0.5483,0.5521,0.5454,0.5499,1542531600,66148.46,36356.13,ZRX/USD
0.5404,0.5519,0.5404,0.5483,1542535200,56933.04,31018.55,ZRX/USD
0.5352,0.5416,0.5345,0.5404,1542538800,52763.13,28387.79,ZRX/USD
0.5368,0.542,0.5347,0.5352,1542542400,13806.37,7464.33,ZRX/USD
0.539,0.5438,0.5368,0.5368,1542546000,24017.79,13017.52,ZRX/USD
0.5472,0.5514,0.539,0.539,1542549600,131869.06,72519.27,ZRX/USD
0.5509,0.5509,0.5406,0.5472,1542553200,90633.57,49649.39,ZRX/USD
0.5502,0.5559,0.5465,0.5509,1542556800,121170.93,66711.17,ZRX/USD
0.5505,0.5542,0.5491,0.55,1542560400,49987.96,27599.81,ZRX/USD
0.5534,0.5557,0.5486,0.5505,1542564000,152084.02,84304.2,ZRX/USD
0.5575,0.5615,0.5504,0.5534,1542567600,286666.05,159356.63,ZRX/USD
0.5476,0.5604,0.5475,0.5575,1542571200,76521.48,42267.52,ZRX/USD
0.5438,0.5499,0.5433,0.5476,1542574800,86364.53,47348.69,ZRX/USD
0.5449,0.5479,0.5422,0.5438,1542578400,119593.81,65126.6,ZRX/USD
0.5459,0.5494,0.5437,0.5449,1542582000,50608.99,27646.43,ZRX/USD
0.5431,0.5503,0.542,0.5459,1542585600,84270.65,45986.72,ZRX/USD
0.5379,0.5437,0.5372,0.5431,1542589200,105120.61,57025.1,ZRX/USD
0.5308,0.5399,0.5281,0.5379,1542592800,130233.46,69476.99,ZRX/USD
0.5301,0.5308,0.5252,0.5308,1542596400,133484.76,70487.61,ZRX/USD
0.5225,0.5309,0.5224,0.5301,1542600000,104797.2,55305.11,ZRX/USD
0.5115,0.5231,0.5068,0.5225,1542603600,385000.82,198134.56,ZRX/USD
0.507,0.5178,0.5058,0.5115,1542607200,347876.97,177104.04,ZRX/USD
0.5037,0.508,0.5006,0.507,1542610800,151726.47,76659.05,ZRX/USD
0.4767,0.5045,0.4715,0.5037,1542614400,642171.63,309460.46,ZRX/USD
0.4682,0.495,0.4666,0.4768,1542618000,274649.14,129685.01,ZRX/USD
0.4845,0.4891,0.4668,0.4682,1542621600,186573.75,89450.39,ZRX/USD
0.4762,0.4882,0.4755,0.4845,1542625200,133017.26,63833.64,ZRX/USD
0.458,0.4833,0.4536,0.4762,1542628800,409910.07,190134.39,ZRX/USD
0.4596,0.4635,0.4463,0.458,1542632400,657847.34,297606.04,ZRX/USD
0.4422,0.47,0.4404,0.4596,1542636000,957226.06,431191.01,ZRX/USD
0.4453,0.4603,0.4383,0.4422,1542639600,607849.66,270743.5,ZRX/USD
0.4449,0.4498,0.43,0.4453,1542643200,641801.46,282583.75,ZRX/USD
0.4379,0.448,0.4341,0.4449,1542646800,424480.41,186424.01,ZRX/USD
0.4293,0.4571,0.4293,0.4379,1542650400,625930.33,275303.6,ZRX/USD
0.44,0.4401,0.421,0.4293,1542654000,586308.32,251262.9,ZRX/USD
0.4306,0.4458,0.4306,0.44,1542657600,434441.26,190730.08,ZRX/USD
0.4298,0.4319,0.4173,0.4306,1542661200,613010.19,260251.63,ZRX/USD
0.4304,0.4324,0.4199,0.4299,1542664800,476771.88,203475.56,ZRX/USD
0.4297,0.4337,0.428,0.4304,1542668400,261951.87,112937.41,ZRX/USD
0.4311,0.4325,0.4262,0.4297,1542672000,286136.2,122561.38,ZRX/USD
0.4302,0.4311,0.4254,0.4311,1542675600,317806.79,135568.15,ZRX/USD
0.4435,0.4504,0.4287,0.4302,1542679200,441306.86,194053.55,ZRX/USD
0.4439,0.4465,0.4387,0.4435,1542682800,235116.78,103495.87,ZRX/USD
0.4222,0.4439,0.4222,0.4439,1542686400,207369.06,90093.28,ZRX/USD
0.4151,0.4288,0.413,0.4222,1542690000,534973.46,224193.12,ZRX/USD
0.4019,0.4151,0.4,0.4151,1542693600,815742.05,332300.59,ZRX/USD
0.4052,0.4275,0.4013,0.4019,1542697200,519347.55,211653.33,ZRX/USD
0.3599,0.4104,0.3481,0.4052,1542700800,1138821.47,427031.98,ZRX/USD
0.3767,0.3824,0.3554,0.36,1542704400,545011.02,201132.93,ZRX/USD
0.3874,0.3927,0.3731,0.3767,1542708000,245973.5,93934.35,ZRX/USD
0.3799,0.3875,0.3743,0.3874,1542711600,225821.42,85634.65,ZRX/USD
0.3859,0.3961,0.3745,0.3799,1542715200,297206.34,113856.88,ZRX/USD
0.4009,0.4025,0.3842,0.3846,1542718800,359255.24,141442.42,ZRX/USD
0.4299,0.4327,0.3954,0.4009,1542722400,628489.68,258585.09,ZRX/USD
0.4753,0.4769,0.4237,0.4299,1542726000,1131219.95,509618.91,ZRX/USD
0.4508,0.4956,0.4441,0.4753,1542729600,1412260.43,665960.93,ZRX/USD
0.4189,0.4536,0.4161,0.4508,1542733200,798455.73,345487.13,ZRX/USD
0.4405,0.4463,0.4135,0.4189,1542736800,597233.16,258610.77,ZRX/USD
0.4233,0.449,0.4186,0.4405,1542740400,459595.16,200236.93,ZRX/USD
0.4083,0.4236,0.3866,0.4233,1542744000,1223294.33,495557.54,ZRX/USD
0.4106,0.4242,0.4001,0.4083,1542747600,743061.31,307206.49,ZRX/USD
0.4051,0.4198,0.4036,0.4106,1542751200,240429.69,98446.44,ZRX/USD
0.4133,0.4158,0.3952,0.4051,1542754800,457508.94,184368.98,ZRX/USD
0.4109,0.4209,0.4037,0.4133,1542758400,433145.52,178039.62,ZRX/USD
0.4072,0.4158,0.3995,0.4109,1542762000,442777.8,179063.76,ZRX/USD
0.4183,0.42,0.405,0.4072,1542765600,242861.47,100140.49,ZRX/USD
0.4353,0.442,0.4165,0.4183,1542769200,346904.78,148633.34,ZRX/USD
0.4333,0.4353,0.4167,0.4353,1542772800,298986.3,126230.31,ZRX/USD
0.4061,0.4334,0.4025,0.4333,1542776400,479601.64,197853.93,ZRX/USD
0.4125,0.4227,0.3951,0.4061,1542780000,971368.97,389546.04,ZRX/USD
0.4221,0.4221,0.4073,0.4125,1542783600,193055.3,79247.98,ZRX/USD
0.4314,0.4336,0.4148,0.4221,1542787200,304864.37,129929.29,ZRX/USD
0.4299,0.4334,0.4259,0.4314,1542790800,225326.53,97345.71,ZRX/USD
0.4283,0.431,0.4196,0.4299,1542794400,192371.69,81761.17,ZRX/USD
0.4251,0.4311,0.4236,0.4283,1542798000,93407.34,40036.85,ZRX/USD
0.436,0.4389,0.4236,0.4251,1542801600,192850.05,83619.33,ZRX/USD
0.4256,0.4372,0.4222,0.436,1542805200,223355.44,96476.26,ZRX/USD
0.4254,0.4307,0.4195,0.4256,1542808800,183005.62,77474.22,ZRX/USD
0.4311,0.4339,0.4236,0.4254,1542812400,281813.58,121433.67,ZRX/USD
0.4314,0.4323,0.4269,0.4311,1542816000,189083.78,81183.25,ZRX/USD
0.4257,0.4314,0.4126,0.4314,1542819600,526773.71,221051.54,ZRX/USD
0.4263,0.4276,0.42,0.4257,1542823200,100532.54,43044.8,ZRX/USD
0.424,0.4276,0.4202,0.4263,1542826800,119386.92,50508.26,ZRX/USD
0.4297,0.432,0.4237,0.424,1542830400,218682.34,93564.7,ZRX/USD
0.433,0.4345,0.4226,0.4297,1542834000,396239.45,170740.86,ZRX/USD
0.4367,0.4409,0.4311,0.433,1542837600,149415.98,65183.11,ZRX/USD
0.4456,0.4493,0.4341,0.4367,1542841200,360357.06,159961.45,ZRX/USD
0.4416,0.45,0.4326,0.4456,1542844800,187117.42,82204.46,ZRX/USD
0.4476,0.4478,0.4335,0.4416,1542848400,201030.4,88532.56,ZRX/USD
0.4443,0.4512,0.4395,0.4476,1542852000,292780.96,130530.81,ZRX/USD
0.4432,0.4444,0.4372,0.4443,1542855600,214556.42,94515.66,ZRX/USD
0.4428,0.4464,0.4413,0.4432,1542859200,73470.62,32544.97,ZRX/USD
0.4449,0.4478,0.442,0.4428,1542862800,96093.83,42681.5,ZRX/USD
0.4407,0.4488,0.4403,0.4449,1542866400,81696.39,36241.94,ZRX/USD
0.4433,0.4444,0.438,0.4407,1542870000,109026.53,48184.87,ZRX/USD
0.4405,0.4433,0.4385,0.4433,1542873600,22491.6,9911.94,ZRX/USD
0.4239,0.4438,0.4239,0.4405,1542877200,244393.33,106542.54,ZRX/USD
0.4288,0.4297,0.4239,0.4239,1542880800,113200.44,48873.05,ZRX/USD
0.4246,0.4293,0.4222,0.4288,1542884400,96009.43,41030.2,ZRX/USD
0.4272,0.4315,0.4237,0.4246,1542888000,103736.97,44329.15,ZRX/USD
0.4278,0.4281,0.4224,0.4272,1542891600,125839.02,53840.35,ZRX/USD
0.4325,0.4334,0.4246,0.4278,1542895200,154151.52,66334.87,ZRX/USD
0.4309,0.4343,0.4282,0.4325,1542898800,98473.8,42411.8,ZRX/USD
0.4277,0.4315,0.4277,0.4309,1542902400,121537.51,52227.4,ZRX/USD
0.4296,0.431,0.4277,0.4277,1542906000,60451.08,26066.66,ZRX/USD
0.4304,0.4323,0.4275,0.4296,1542909600,60261.89,25853.87,ZRX/USD
0.4257,0.4304,0.4245,0.4304,1542913200,85973.95,36884.13,ZRX/USD
0.4264,0.4275,0.4219,0.4257,1542916800,176224.23,75089.06,ZRX/USD
0.4255,0.4281,0.4241,0.4264,1542920400,104044.2,44528.54,ZRX/USD
0.4233,0.4275,0.4219,0.4255,1542924000,61005.92,25825.39,ZRX/USD
0.4145,0.4253,0.4113,0.4233,1542927600,211920.99,88174.0,ZRX/USD
0.4078,0.4169,0.4052,0.4145,1542931200,188217.06,77061.73,ZRX/USD
0.3857,0.4078,0.3811,0.4078,1542934800,867491.89,340525.52,ZRX/USD
0.3951,0.4153,0.38,0.3857,1542938400,638426.0,247138.37,ZRX/USD
0.4037,0.4128,0.3891,0.3951,1542942000,225172.31,90619.32,ZRX/USD
0.4031,0.4089,0.4004,0.4037,1542945600,280657.57,113114.95,ZRX/USD
0.403,0.4042,0.3943,0.4031,1542949200,160866.76,64579.8,ZRX/USD
0.4013,0.4037,0.3986,0.403,1542952800,106733.85,42735.98,ZRX/USD
0.4023,0.4071,0.3996,0.4013,1542956400,149576.95,60204.98,ZRX/USD
0.4,0.4023,0.3957,0.4023,1542960000,70389.86,28055.62,ZRX/USD
0.4029,0.404,0.3996,0.4,1542963600,47102.51,19059.2,ZRX/USD
0.4018,0.4069,0.4006,0.4029,1542967200,59657.64,24245.29,ZRX/USD
0.4018,0.4065,0.3999,0.4018,1542970800,155117.18,62794.65,ZRX/USD
0.3998,0.4018,0.3992,0.4018,1542974400,78468.13,31426.84,ZRX/USD
0.3968,0.3999,0.395,0.3998,1542978000,119524.11,47325.1,ZRX/USD
0.4077,0.4083,0.3968,0.3968,1542981600,199581.9,80805.11,ZRX/USD
0.3984,0.4078,0.3955,0.4077,1542985200,61632.56,24809.05,ZRX/USD
0.3976,0.3994,0.3924,0.3984,1542988800,180461.54,71092.66,ZRX/USD
0.3992,0.4005,0.3938,0.3976,1542992400,113714.25,45249.58,ZRX/USD
0.3984,0.4004,0.3934,0.3992,1542996000,170307.43,67390.02,ZRX/USD
0.3955,0.4,0.3931,0.3984,1542999600,177530.72,70173.33,ZRX/USD
0.3934,0.3975,0.3899,0.3955,1543003200,105672.38,41545.51,ZRX/USD
0.3974,0.398,0.3918,0.3934,1543006800,152615.86,59888.92,ZRX/USD
0.4012,0.4016,0.3941,0.3974,1543010400,215375.51,85691.44,ZRX/USD
0.3991,0.4045,0.3968,0.4012,1543014000,184960.15,74805.19,ZRX/USD
0.4117,0.4117,0.3968,0.3991,1543017600,177131.71,72196.72,ZRX/USD
0.4092,0.4117,0.4045,0.4117,1543021200,256420.4,103925.96,ZRX/USD
0.4031,0.41,0.4013,0.4092,1543024800,109127.69,44125.23,ZRX/USD
0.4026,0.4061,0.4009,0.4031,1543028400,58945.15,23742.34,ZRX/USD
0.4035,0.4045,0.4009,0.4026,1543032000,57611.76,23125.42,ZRX/USD
0.4025,0.4042,0.4009,0.4035,1543035600,83951.52,34384.0,ZRX/USD
0.399,0.4025,0.399,0.4025,1543039200,28142.98,11235.22,ZRX/USD
0.3957,0.4018,0.3954,0.399,1543042800,75352.25,29909.28,ZRX/USD
0.3973,0.399,0.3946,0.3957,1543046400,25897.38,10252.34,ZRX/USD
0.4007,0.4015,0.3964,0.3973,1543050000,31499.18,12620.52,ZRX/USD
0.3955,0.4013,0.3955,0.4007,1543053600,23987.94,9586.48,ZRX/USD
0.3921,0.398,0.392,0.3955,1543057200,161139.15,63669.7,ZRX/USD
0.3892,0.394,0.3871,0.3921,1543060800,142943.94,55595.9,ZRX/USD
0.3936,0.3996,0.3888,0.3892,1543064400,80333.77,31654.13,ZRX/USD
0.3933,0.399,0.3915,0.3936,1543068000,76387.44,30106.3,ZRX/USD
0.3904,0.3969,0.3894,0.3933,1543071600,92100.29,36006.85,ZRX/USD
0.3852,0.3905,0.3826,0.3904,1543075200,239008.41,91669.39,ZRX/USD
0.3869,0.3882,0.3829,0.3852,1543078800,254040.02,97719.18,ZRX/USD
0.3867,0.3881,0.3842,0.3869,1543082400,57334.21,22117.02,ZRX/USD
0.3825,0.3882,0.3812,0.3867,1543086000,216291.93,82875.16,ZRX/USD
0.3807,0.3826,0.3786,0.3825,1543089600,257688.49,98363.13,ZRX/USD
0.3597,0.3817,0.3482,0.3807,1543093200,1111404.74,400428.1,ZRX/USD
0.3497,0.3703,0.3469,0.3597,1543096800,833454.32,296445.68,ZRX/USD
0.3584,0.3633,0.3476,0.3497,1543100400,518189.83,184229.12,ZRX/USD
0.3535,0.361,0.3509,0.3584,1543104000,306459.68,108730.56,ZRX/USD
0.3541,0.3594,0.3516,0.3535,1543107600,240110.88,85122.92,ZRX/USD
0.3371,0.3556,0.335,0.3541,1543111200,430108.45,148052.63,ZRX/USD
0.327,0.3403,0.3238,0.3371,1543114800,753489.35,249562.34,ZRX/USD
0.3352,0.3412,0.3222,0.327,1543118400,567895.63,188390.23,ZRX/USD
0.3493,0.3507,0.3335,0.3352,1543122000,399194.45,136722.1,ZRX/USD
0.3453,0.3516,0.3428,0.3493,1543125600,188507.96,65521.06,ZRX/USD
0.3409,0.3484,0.3409,0.3453,1543129200,171447.05,59400.39,ZRX/USD
0.3399,0.3427,0.3397,0.3409,1543132800,117719.33,40649.43,ZRX/USD
0.3337,0.3478,0.3328,0.3399,1543136400,160516.65,54675.32,ZRX/USD
0.3368,0.3416,0.3228,0.3337,1543140000,336055.53,110669.29,ZRX/USD
0.3457,0.36,0.3355,0.3368,1543143600,605862.88,214917.11,ZRX/USD
0.3532,0.3536,0.3451,0.3457,1543147200,145375.67,51080.82,ZRX/USD
0.3565,0.3596,0.3492,0.3532,1543150800,169470.38,59804.31,ZRX/USD
0.3552,0.3566,0.35,0.3565,1543154400,103033.63,36274.81,ZRX/USD
0.34,0.3552,0.3349,0.3552,1543158000,508278.99,173183.46,ZRX/USD
0.3324,0.3421,0.3251,0.34,1543161600,404098.1,133553.68,ZRX/USD
0.3243,0.3324,0.3235,0.3324,1543165200,387086.76,126028.35,ZRX/USD
0.3328,0.3359,0.3243,0.3243,1543168800,301346.07,99183.66,ZRX/USD
0.3459,0.3537,0.3328,0.3328,1543172400,600698.32,207301.22,ZRX/USD
0.3548,0.3605,0.3405,0.3459,1543176000,557051.61,197663.68,ZRX/USD
0.3764,0.3793,0.3512,0.3548,1543179600,817983.4,297132.38,ZRX/USD
0.3697,0.3895,0.3681,0.3764,1543183200,828168.69,312515.68,ZRX/USD
0.3648,0.3732,0.3603,0.3697,1543186800,401618.92,146545.76,ZRX/USD
0.381,0.3818,0.363,0.3654,1543190400,281156.98,105505.53,ZRX/USD
0.3747,0.381,0.3705,0.381,1543194000,467050.15,174594.65,ZRX/USD
0.3683,0.3747,0.3674,0.3747,1543197600,141316.79,52234.37,ZRX/USD
0.3709,0.3742,0.3635,0.3683,1543201200,213856.86,78640.1,ZRX/USD
0.3633,0.3714,0.3588,0.3709,1543204800,279138.79,101136.7,ZRX/USD
0.3691,0.3717,0.3613,0.3634,1543208400,222524.4,81528.07,ZRX/USD
0.3818,0.387,0.3677,0.3691,1543212000,188935.86,71482.97,ZRX/USD
0.3711,0.3855,0.371,0.3818,1543215600,182102.91,68987.54,ZRX/USD
0.3679,0.3733,0.365,0.3711,1543219200,73897.54,27423.82,ZRX/USD
0.3648,0.3694,0.3625,0.3679,1543222800,124969.48,45723.48,ZRX/USD
0.3704,0.3749,0.3628,0.3648,1543226400,152257.51,56212.28,ZRX/USD
0.3694,0.3777,0.3663,0.3704,1543230000,88651.71,32919.41,ZRX/USD
0.3658,0.3744,0.3641,0.3737,1543233600,172173.02,63705.58,ZRX/USD
0.3551,0.3681,0.3547,0.3658,1543237200,282404.51,102190.0,ZRX/USD
0.353,0.3823,0.3459,0.3551,1543240800,783834.22,278391.39,ZRX/USD
0.3472,0.3583,0.3466,0.353,1543244400,297001.08,103872.72,ZRX/USD
0.3531,0.3581,0.3344,0.3472,1543248000,650637.65,224905.02,ZRX/USD
0.3465,0.3571,0.3465,0.3539,1543251600,231250.81,81742.48,ZRX/USD
0.3544,0.3563,0.3448,0.3465,1543255200,218759.16,76589.73,ZRX/USD
0.3531,0.3568,0.3509,0.3544,1543258800,263081.85,93117.86,ZRX/USD
0.338,0.3531,0.3345,0.3531,1543262400,357404.85,122614.12,ZRX/USD
0.3379,0.3462,0.3323,0.338,1543266000,423522.56,142448.22,ZRX/USD
0.3421,0.3464,0.3369,0.3379,1543269600,281910.65,95921.41,ZRX/USD
0.3463,0.3473,0.3375,0.3421,1543273200,155729.4,53711.66,ZRX/USD
0.3478,0.3483,0.3405,0.3463,1543276800,169811.54,58718.47,ZRX/USD
0.3428,0.3478,0.3389,0.3478,1543280400,109994.33,37703.5,ZRX/USD
0.3455,0.3459,0.3354,0.3428,1543284000,222936.12,75964.46,ZRX/USD
0.3397,0.347,0.3373,0.3455,1543287600,139476.8,47691.77,ZRX/USD
0.3414,0.3435,0.3381,0.3397,1543291200,165177.64,56108.22,ZRX/USD
0.34,0.3449,0.3394,0.3414,1543294800,55950.95,19046.07,ZRX/USD
0.342,0.3429,0.338,0.34,1543298400,97059.09,33015.62,ZRX/USD
0.3374,0.3435,0.3351,0.342,1543302000,111546.3,37909.18,ZRX/USD
0.3322,0.3403,0.3321,0.3374,1543305600,118665.08,39648.73,ZRX/USD
0.3357,0.3382,0.3287,0.3322,1543309200,172615.53,58135.98,ZRX/USD
0.3394,0.3411,0.3278,0.3357,1543312800,352342.89,118984.96,ZRX/USD
0.339,0.3442,0.3374,0.3394,1543316400,119732.97,40737.79,ZRX/USD
0.3405,0.3421,0.3362,0.339,1543320000,156549.49,53315.06,ZRX/USD
0.3442,0.3451,0.3399,0.3405,1543323600,197418.82,68203.51,ZRX/USD
0.3496,0.353,0.3442,0.3442,1543327200,451519.72,160608.53,ZRX/USD
0.3469,0.3507,0.3426,0.3496,1543330800,159806.26,55366.95,ZRX/USD
0.3486,0.3486,0.3427,0.3469,1543334400,99105.48,34066.62,ZRX/USD
0.346,0.3493,0.3455,0.3486,1543338000,100311.3,34647.45,ZRX/USD
0.3511,0.3521,0.3447,0.346,1543341600,180203.35,62593.63,ZRX/USD
0.3496,0.3515,0.3462,0.3511,1543345200,215815.52,75133.7,ZRX/USD
0.35,0.3535,0.3486,0.3496,1543348800,104574.54,36423.61,ZRX/USD
0.3554,0.3565,0.3494,0.35,1543352400,127270.22,44836.93,ZRX/USD
0.3594,0.3611,0.3549,0.3554,1543356000,276569.57,99216.26,ZRX/USD
0.3552,0.3603,0.355,0.3598,1543359600,315462.15,112099.27,ZRX/USD
0.358,0.3616,0.3546,0.3552,1543363200,168032.48,59905.48,ZRX/USD
0.3645,0.3646,0.3571,0.358,1543366800,188970.84,67907.63,ZRX/USD
0.368,0.3705,0.3633,0.3645,1543370400,303317.67,111638.41,ZRX/USD
0.3703,0.3704,0.3671,0.368,1543374000,297251.62,109033.25,ZRX/USD
0.3865,0.3943,0.3688,0.3703,1543377600,983456.22,376920.65,ZRX/USD
0.3777,0.391,0.3766,0.3865,1543381200,498872.71,190850.15,ZRX/USD
0.3803,0.3833,0.3771,0.3777,1543384800,158898.31,60516.06,ZRX/USD
0.3846,0.3846,0.3759,0.3803,1543388400,105083.56,39918.23,ZRX/USD
0.3773,0.3854,0.3762,0.3846,1543392000,162250.75,62087.11,ZRX/USD
0.3821,0.3821,0.3773,0.3773,1543395600,48810.6,18592.96,ZRX/USD
0.3852,0.3873,0.3783,0.3821,1543399200,93670.92,35842.66,ZRX/USD
0.3842,0.3874,0.3804,0.3853,1543402800,138664.02,53116.36,ZRX/USD
0.3939,0.3941,0.3791,0.3842,1543406400,215646.4,83697.06,ZRX/USD
0.3961,0.3976,0.3904,0.3939,1543410000,333786.16,131355.38,ZRX/USD
0.4153,0.4156,0.3945,0.3961,1543413600,756414.17,308492.32,ZRX/USD
0.4104,0.4156,0.4017,0.4153,1543417200,532714.44,216967.89,ZRX/USD
0.4079,0.4118,0.4039,0.4104,1543420800,413491.47,168646.27,ZRX/USD
0.411,0.416,0.4035,0.4079,1543424400,332465.92,136198.64,ZRX/USD
0.4132,0.4145,0.4103,0.4107,1543428000,245406.55,101227.66,ZRX/USD
0.4305,0.4338,0.4132,0.4132,1543431600,852505.29,362055.02,ZRX/USD
0.4607,0.467,0.4249,0.4305,1543435200,1218554.46,550632.59,ZRX/USD
0.4253,0.4618,0.425,0.4607,1543438800,1110258.89,482600.34,ZRX/USD
0.4253,0.4258,0.4105,0.4253,1543442400,815978.16,340251.35,ZRX/USD
0.4383,0.4429,0.4218,0.4256,1543446000,599699.61,260990.77,ZRX/USD
0.4561,0.4562,0.4366,0.4383,1543449600,664554.26,296753.51,ZRX/USD
0.4194,0.4646,0.4122,0.4561,1543453200,1006868.89,438030.45,ZRX/USD
0.4264,0.4271,0.4155,0.4194,1543456800,472635.47,199157.86,ZRX/USD
0.4184,0.4297,0.4174,0.4294,1543460400,268121.37,113495.88,ZRX/USD
0.4239,0.4275,0.4108,0.4184,1543464000,338225.79,141536.37,ZRX/USD
0.4339,0.4378,0.422,0.4239,1543467600,305059.2,131197.72,ZRX/USD
0.4362,0.4389,0.4312,0.4339,1543471200,217416.27,94405.7,ZRX/USD
0.432,0.4378,0.4307,0.4362,1543474800,109528.27,47439.57,ZRX/USD
0.4432,0.4449,0.4305,0.432,1543478400,158700.98,69822.13,ZRX/USD
0.4498,0.4572,0.4432,0.4432,1543482000,357032.41,160789.78,ZRX/USD
0.4551,0.4592,0.4465,0.4498,1543485600,201642.87,91475.76,ZRX/USD
0.4657,0.4692,0.4545,0.4551,1543489200,402917.11,187107.0,ZRX/USD
0.4474,0.4657,0.4474,0.4657,1543492800,375484.75,172353.83,ZRX/USD
0.4384,0.4494,0.4253,0.4488,1543496400,633840.23,278933.49,ZRX/USD
0.4415,0.4475,0.438,0.4384,1543500000,247169.35,109280.02,ZRX/USD
0.4259,0.4415,0.4258,0.4415,1543503600,295435.7,128815.03,ZRX/USD
0.4432,0.4458,0.4259,0.4259,1543507200,339716.22,148545.87,ZRX/USD
0.4452,0.4569,0.4409,0.4432,1543510800,532012.72,238340.08,ZRX/USD
0.4394,0.451,0.4386,0.4452,1543514400,277780.91,123883.01,ZRX/USD
0.4381,0.4416,0.4282,0.4395,1543518000,455310.5,197770.83,ZRX/USD
0.4342,0.4386,0.431,0.4381,1543521600,195942.63,85320.65,ZRX/USD
0.4255,0.435,0.4244,0.4342,1543525200,535081.66,228957.33,ZRX/USD
0.4307,0.4324,0.4255,0.4255,1543528800,204455.25,87555.33,ZRX/USD
0.4346,0.4368,0.4307,0.4307,1543532400,178738.34,77804.28,ZRX/USD
0.4276,0.4349,0.4259,0.4346,1543536000,134118.9,57631.27,ZRX/USD
0.4274,0.428,0.4229,0.4276,1543539600,152122.68,64666.11,ZRX/USD
0.432,0.4324,0.4237,0.4274,1543543200,206392.51,88193.92,ZRX/USD
0.4307,0.435,0.4287,0.432,1543546800,171455.77,74040.1,ZRX/USD
0.4326,0.4337,0.425,0.4307,1543550400,246321.3,105513.82,ZRX/USD
0.4314,0.4333,0.4296,0.4307,1543554000,94613.11,40796.51,ZRX/USD
0.4236,0.4314,0.4229,0.4314,1543557600,129439.41,54995.92,ZRX/USD
0.4135,0.4242,0.4132,0.4235,1543561200,301385.84,125362.2,ZRX/USD
0.4072,0.4145,0.4072,0.4135,1543564800,326974.82,134591.07,ZRX/USD
0.4033,0.4072,0.4033,0.4072,1543568400,157024.67,63388.84,ZRX/USD
0.3868,0.4033,0.3824,0.4033,1543572000,461062.42,180465.41,ZRX/USD
0.388,0.3889,0.3808,0.3868,1543575600,541692.72,207600.58,ZRX/USD
0.3882,0.402,0.3807,0.388,1543579200,447232.96,175404.52,ZRX/USD
0.3958,0.3965,0.3838,0.3882,1543582800,300542.29,118046.67,ZRX/USD
0.3964,0.3981,0.3913,0.3958,1543586400,249299.32,98240.65,ZRX/USD
0.3943,0.3964,0.3881,0.3964,1543590000,306089.24,119898.0,ZRX/USD
0.3982,0.3986,0.3917,0.3943,1543593600,297295.92,117848.58,ZRX/USD
0.3967,0.4041,0.3961,0.3982,1543597200,284684.02,113789.78,ZRX/USD
0.3948,0.4011,0.3926,0.3967,1543600800,424288.07,168243.31,ZRX/USD
0.3951,0.3972,0.3907,0.3947,1543604400,172812.29,68104.86,ZRX/USD
0.3955,0.3964,0.3903,0.3951,1543608000,209987.16,82583.87,ZRX/USD
0.3912,0.3964,0.3816,0.3955,1543611600,583293.43,226287.63,ZRX/USD
0.388,0.3921,0.3796,0.3912,1543615200,393331.76,151242.18,ZRX/USD
0.3879,0.3891,0.3842,0.388,1543618800,299628.1,116273.73,ZRX/USD
0.3883,0.389,0.386,0.3879,1543622400,133623.57,51790.87,ZRX/USD
0.3905,0.391,0.388,0.3883,1543626000,130691.82,50788.34,ZRX/USD
0.3884,0.3906,0.3872,0.3905,1543629600,65397.17,25425.06,ZRX/USD
0.3909,0.3909,0.3879,0.3884,1543633200,46093.7,17951.55,ZRX/USD
0.3879,0.3909,0.3863,0.3909,1543636800,73745.74,28596.98,ZRX/USD
0.3844,0.3881,0.3818,0.3879,1543640400,162957.56,62562.17,ZRX/USD
0.3808,0.3852,0.379,0.3844,1543644000,65203.78,24862.2,ZRX/USD
0.3874,0.3874,0.3802,0.3808,1543647600,105395.79,40307.73,ZRX/USD
0.3945,0.3952,0.3874,0.3874,1543651200,73575.49,28738.99,ZRX/USD
0.3959,0.3961,0.3925,0.3945,1543654800,40007.85,15921.57,ZRX/USD
0.4131,0.4139,0.3942,0.3959,1543658400,392627.62,159882.69,ZRX/USD
0.4219,0.4219,0.4099,0.4131,1543662000,194876.32,81464.92,ZRX/USD
0.4143,0.4297,0.4125,0.4219,1543665600,311618.27,131106.74,ZRX/USD
0.4149,0.4221,0.4122,0.4143,1543669200,121287.69,50642.46,ZRX/USD
0.4237,0.4237,0.4138,0.4149,1543672800,94705.49,39694.1,ZRX/USD
0.4213,0.426,0.4187,0.4237,1543676400,111803.84,47228.42,ZRX/USD
0.4244,0.4341,0.4213,0.4213,1543680000,349441.28,149695.63,ZRX/USD
0.42,0.4269,0.4189,0.4244,1543683600,192973.54,81415.26,ZRX/USD
0.4194,0.4222,0.4182,0.42,1543687200,159108.46,66774.49,ZRX/USD
0.424,0.4248,0.417,0.4194,1543690800,148748.69,62376.85,ZRX/USD
0.4111,0.4251,0.4075,0.424,1543694400,258262.26,107210.19,ZRX/USD
0.4101,0.4138,0.409,0.4111,1543698000,71227.56,29302.18,ZRX/USD
0.4133,0.4172,0.4101,0.4101,1543701600,126662.47,52445.87,ZRX/USD
0.4096,0.414,0.405,0.4133,1543705200,159191.04,65324.56,ZRX/USD
0.4099,0.4112,0.4074,0.4096,1543708800,64281.13,26328.32,ZRX/USD
0.4195,0.42,0.4093,0.4099,1543712400,155601.56,64283.28,ZRX/USD
0.423,0.4279,0.4188,0.4195,1543716000,213038.14,89948.06,ZRX/USD
0.4139,0.423,0.4117,0.423,1543719600,182296.73,75432.98,ZRX/USD
0.4147,0.4177,0.4139,0.4139,1543723200,39111.94,16256.36,ZRX/USD
0.4089,0.4147,0.4017,0.4147,1543726800,257857.1,104416.85,ZRX/USD
0.4096,0.4123,0.4021,0.4089,1543730400,132662.66,53727.23,ZRX/USD
0.4114,0.416,0.4072,0.4096,1543734000,127769.69,52468.1,ZRX/USD
0.41,0.4123,0.4073,0.4114,1543737600,19183.61,7860.29,ZRX/USD
0.4139,0.4195,0.4095,0.41,1543741200,51578.71,21434.18,ZRX/USD
0.4008,0.4139,0.4006,0.4139,1543744800,108271.98,44128.0,ZRX/USD
0.4033,0.4055,0.3995,0.4033,1543748400,118836.58,47768.61,ZRX/USD
0.4103,0.4129,0.401,0.4033,1543752000,160609.08,65526.87,ZRX/USD
0.4062,0.4106,0.4024,0.4103,1543755600,65851.14,26746.98,ZRX/USD
0.4104,0.412,0.4022,0.4062,1543759200,77108.58,31292.55,ZRX/USD
0.41,0.4108,0.4072,0.4101,1543762800,35727.16,14676.84,ZRX/USD
0.4058,0.41,0.4042,0.41,1543766400,100621.55,40938.66,ZRX/USD
0.4098,0.4098,0.4038,0.4058,1543770000,76447.89,31164.85,ZRX/USD
0.4039,0.4098,0.4026,0.4098,1543773600,69645.72,28115.99,ZRX/USD
0.4053,0.4062,0.4025,0.4039,1543777200,142800.71,57997.24,ZRX/USD
0.4074,0.4095,0.4029,0.4053,1543780800,271774.48,110788.76,ZRX/USD
0.4096,0.4108,0.4074,0.4074,1543784400,125983.71,51592.49,ZRX/USD
0.4041,0.4097,0.4029,0.4096,1543788000,92357.85,37443.51,ZRX/USD
0.3993,0.4046,0.3928,0.4041,1543791600,294820.68,117607.02,ZRX/USD
0.3974,0.4039,0.3963,0.3993,1543795200,109225.06,43603.5,ZRX/USD
0.4014,0.4022,0.3948,0.3974,1543798800,78576.91,31269.8,ZRX/USD
0.3864,0.4014,0.3832,0.4014,1543802400,458419.31,178922.43,ZRX/USD
0.3909,0.3916,0.3834,0.3864,1543806000,142761.94,55177.2,ZRX/USD
0.3919,0.3919,0.3865,0.3909,1543809600,157909.41,61297.46,ZRX/USD
0.3898,0.3928,0.3898,0.3919,1543813200,61564.12,24051.71,ZRX/USD
0.39,0.3916,0.3868,0.3898,1543816800,87297.25,33846.29,ZRX/USD
0.3894,0.3909,0.3815,0.39,1543820400,200329.31,76786.38,ZRX/USD
0.3878,0.3899,0.3843,0.3894,1543824000,71765.34,27950.65,ZRX/USD
0.39,0.3916,0.3875,0.3878,1543827600,41693.89,16260.06,ZRX/USD
0.3894,0.3908,0.3873,0.39,1543831200,12159.59,4754.02,ZRX/USD
0.388,0.3906,0.3861,0.3894,1543834800,68929.9,26784.41,ZRX/USD
0.3911,0.3964,0.3864,0.388,1543838400,73962.77,28981.07,ZRX/USD
0.3897,0.3944,0.3889,0.3911,1543842000,82116.08,32163.89,ZRX/USD
0.3885,0.393,0.3849,0.3897,1543845600,108650.93,42166.51,ZRX/USD
0.3676,0.3885,0.3625,0.3885,1543849200,769515.64,284676.44,ZRX/USD
0.3758,0.3758,0.3638,0.3676,1543852800,408769.05,151230.49,ZRX/USD
0.3785,0.3796,0.3696,0.3758,1543856400,261297.4,97903.15,ZRX/USD
0.382,0.3826,0.3766,0.3785,1543860000,152952.9,58008.04,ZRX/USD
0.3766,0.382,0.3758,0.382,1543863600,110301.98,41733.91,ZRX/USD
0.3776,0.3792,0.375,0.3766,1543867200,75010.14,28241.26,ZRX/USD
0.3784,0.3792,0.3754,0.3776,1543870800,121673.55,45970.9,ZRX/USD
0.3756,0.3796,0.373,0.3784,1543874400,176291.24,66393.24,ZRX/USD
0.3719,0.3773,0.3719,0.3756,1543878000,75396.74,28185.57,ZRX/USD
0.3745,0.3757,0.3687,0.3719,1543881600,99010.46,36949.38,ZRX/USD
0.3747,0.3754,0.371,0.3745,1543885200,93242.95,34839.59,ZRX/USD
0.3705,0.3748,0.3699,0.3747,1543888800,69584.77,25864.63,ZRX/USD
0.3712,0.3743,0.3684,0.3705,1543892400,196057.41,72824.37,ZRX/USD
0.3725,0.374,0.3674,0.3712,1543896000,212611.04,78792.16,ZRX/USD
0.3636,0.3728,0.3634,0.3725,1543899600,79106.76,28998.39,ZRX/USD
0.3779,0.3782,0.3619,0.3636,1543903200,309940.43,115545.91,ZRX/USD
0.3821,0.3836,0.3772,0.3779,1543906800,479818.81,185137.26,ZRX/USD
0.3779,0.3839,0.3779,0.3821,1543910400,157249.44,60496.72,ZRX/USD
0.3803,0.3819,0.3779,0.3779,1543914000,44981.74,17135.26,ZRX/USD
0.3807,0.3823,0.3782,0.3803,1543917600,101778.03,38791.37,ZRX/USD
0.3797,0.3811,0.3788,0.3807,1543921200,22403.38,8554.17,ZRX/USD
0.3824,0.3834,0.3797,0.3797,1543924800,127247.89,48520.92,ZRX/USD
0.3809,0.3826,0.3785,0.3824,1543928400,93988.76,35787.54,ZRX/USD
0.3851,0.3851,0.3799,0.3809,1543932000,84262.0,32415.26,ZRX/USD
0.3823,0.3891,0.3823,0.3851,1543935600,401832.43,154609.75,ZRX/USD
0.3807,0.3832,0.3787,0.3823,1543939200,67206.22,25591.81,ZRX/USD
0.3789,0.3813,0.3771,0.3807,1543942800,71138.62,26946.71,ZRX/USD
0.3783,0.3794,0.376,0.3789,1543946400,127971.12,48277.98,ZRX/USD
0.377,0.3784,0.3752,0.3783,1543950000,95926.58,36065.04,ZRX/USD
0.375,0.379,0.3718,0.377,1543953600,181233.14,67982.51,ZRX/USD
0.3733,0.3768,0.3711,0.375,1543957200,130057.96,48566.41,ZRX/USD
0.3739,0.376,0.372,0.3733,1543960800,134989.53,50439.55,ZRX/USD
0.3714,0.3749,0.3689,0.3739,1543964400,232770.39,86471.44,ZRX/USD
0.3716,0.3746,0.3695,0.3714,1543968000,81386.37,30259.06,ZRX/USD
0.3664,0.3724,0.3633,0.3716,1543971600,216257.54,78947.32,ZRX/USD
0.36,0.3705,0.3559,0.3664,1543975200,276807.52,99825.1,ZRX/USD
0.3617,0.3652,0.3592,0.36,1543978800,164659.35,59448.14,ZRX/USD
0.3595,0.3641,0.3556,0.3617,1543982400,139791.46,50129.15,ZRX/USD
0.3584,0.3596,0.3572,0.3595,1543986000,123611.24,44199.18,ZRX/USD
0.3579,0.3591,0.3574,0.3584,1543989600,91107.7,32586.76,ZRX/USD
0.3555,0.3619,0.3553,0.3579,1543993200,89862.85,32225.29,ZRX/USD
0.3573,0.3588,0.3553,0.3555,1543996800,84845.89,30336.7,ZRX/USD
0.3558,0.3587,0.3536,0.3573,1544000400,47745.39,17007.77,ZRX/USD
0.357,0.3589,0.3547,0.3558,1544004000,98954.3,35435.56,ZRX/USD
0.3622,0.3642,0.3544,0.357,1544007600,55792.25,20159.14,ZRX/USD
0.3618,0.3718,0.3605,0.3622,1544011200,69900.27,25496.52,ZRX/USD
0.3634,0.3678,0.3607,0.3618,1544014800,87485.5,31729.74,ZRX/USD
0.3594,0.3634,0.3568,0.3634,1544018400,81288.86,29278.52,ZRX/USD
0.3595,0.3619,0.3561,0.3594,1544022000,71065.7,25461.84,ZRX/USD
0.3475,0.3608,0.3468,0.3595,1544025600,598013.57,212092.75,ZRX/USD
0.351,0.3549,0.3475,0.3475,1544029200,254620.07,89149.9,ZRX/USD
0.3546,0.3565,0.3502,0.351,1544032800,215321.79,75545.03,ZRX/USD
0.3514,0.355,0.3509,0.3546,1544036400,163336.05,57347.44,ZRX/USD
0.3517,0.352,0.35,0.3514,1544040000,184513.06,64767.53,ZRX/USD
0.3499,0.3548,0.3499,0.3517,1544043600,158094.94,55493.89,ZRX/USD
0.3491,0.35,0.3464,0.3499,1544047200,67911.26,23621.12,ZRX/USD
0.3462,0.3511,0.3461,0.3491,1544050800,110573.3,38531.05,ZRX/USD
0.3481,0.3497,0.3455,0.3462,1544054400,194543.51,67538.6,ZRX/USD
0.3467,0.3498,0.3463,0.3481,1544058000,58366.93,20312.57,ZRX/USD
0.346,0.3498,0.3458,0.3467,1544061600,247103.73,85736.05,ZRX/USD
0.3422,0.3476,0.3407,0.346,1544065200,160551.12,55243.75,ZRX/USD
0.3369,0.3472,0.336,0.3422,1544068800,227353.14,77625.88,ZRX/USD
0.3514,0.3575,0.3328,0.3369,1544072400,487144.34,168569.35,ZRX/USD
0.3481,0.3531,0.3472,0.3514,1544076000,90194.08,31662.37,ZRX/USD
0.3479,0.3507,0.347,0.3481,1544079600,59123.26,20682.46,ZRX/USD
0.3481,0.3526,0.3471,0.3479,1544083200,86599.18,30296.16,ZRX/USD
0.3435,0.3484,0.3435,0.3481,1544086800,64557.18,22419.19,ZRX/USD
0.3358,0.3457,0.3345,0.3435,1544090400,65315.17,21997.9,ZRX/USD
0.3368,0.3403,0.3343,0.3358,1544094000,68983.23,23245.43,ZRX/USD
0.3335,0.3409,0.3306,0.3368,1544097600,219112.14,73069.97,ZRX/USD
0.3256,0.3353,0.325,0.3335,1544101200,439155.24,145420.08,ZRX/USD
0.3325,0.3357,0.3207,0.3256,1544104800,414392.52,135343.72,ZRX/USD
0.3342,0.336,0.3222,0.3325,1544108400,389919.7,128696.38,ZRX/USD
0.3331,0.3359,0.3257,0.3342,1544112000,256439.18,84893.55,ZRX/USD
0.3303,0.3332,0.3242,0.3331,1544115600,225292.14,73315.43,ZRX/USD
0.3289,0.3311,0.3253,0.3303,1544119200,209395.5,68571.51,ZRX/USD
0.332,0.3321,0.3252,0.3289,1544122800,124793.67,41019.66,ZRX/USD
0.3392,0.3411,0.3319,0.332,1544126400,315325.6,106667.95,ZRX/USD
0.3349,0.3423,0.3327,0.3392,1544130000,171014.29,57999.84,ZRX/USD
0.3312,0.3375,0.3298,0.3349,1544133600,251531.11,83297.27,ZRX/USD
0.3155,0.332,0.3131,0.3312,1544137200,505981.61,163632.03,ZRX/USD
0.3026,0.3222,0.3025,0.3155,1544140800,559912.75,174497.88,ZRX/USD
0.3076,0.3131,0.3013,0.3026,1544144400,649688.02,198177.67,ZRX/USD
0.3032,0.3118,0.3006,0.3076,1544148000,353399.29,107320.12,ZRX/USD
0.3002,0.3052,0.2954,0.3032,1544151600,541350.3,162574.33,ZRX/USD
0.3048,0.3052,0.2988,0.3002,1544155200,268965.25,81216.08,ZRX/USD
0.3053,0.3073,0.2999,0.3048,1544158800,465206.79,141230.94,ZRX/USD
0.301,0.3053,0.301,0.3053,1544162400,135881.95,41109.02,ZRX/USD
0.3016,0.3024,0.2996,0.301,1544166000,126753.09,38151.74,ZRX/USD
0.2924,0.3026,0.2924,0.3016,1544169600,200374.09,59673.7,ZRX/USD
0.2962,0.298,0.2903,0.2924,1544173200,178323.34,52301.55,ZRX/USD
0.2908,0.298,0.2878,0.2962,1544176800,211318.14,61530.49,ZRX/USD
0.2954,0.2973,0.2906,0.2908,1544180400,225310.26,66265.27,ZRX/USD
0.2962,0.2984,0.2907,0.2954,1544184000,151530.74,44766.89,ZRX/USD
0.2987,0.2999,0.2939,0.2962,1544187600,88037.53,26130.98,ZRX/USD
0.3126,0.3126,0.2987,0.2987,1544191200,232766.14,70900.42,ZRX/USD
0.2998,0.3147,0.2958,0.3126,1544194800,333660.7,102527.9,ZRX/USD
0.2881,0.2998,0.2836,0.2998,1544198400,529610.03,152546.24,ZRX/USD
0.2912,0.2937,0.2847,0.2881,1544202000,377229.86,109222.8,ZRX/USD
0.2901,0.2956,0.2881,0.2912,1544205600,430373.62,125510.67,ZRX/USD
0.3191,0.3191,0.2893,0.2901,1544209200,1347980.27,420029.26,ZRX/USD
0.3021,0.3209,0.2994,0.3191,1544212800,392873.97,122361.8,ZRX/USD
0.3086,0.3099,0.2987,0.3021,1544216400,312617.67,94859.06,ZRX/USD
0.3112,0.3115,0.3065,0.3086,1544220000,113540.78,35107.36,ZRX/USD
0.3139,0.3162,0.3106,0.3112,1544223600,173243.68,54497.92,ZRX/USD
0.3297,0.3305,0.3118,0.3139,1544227200,424222.82,136964.6,ZRX/USD
0.3281,0.3297,0.324,0.3297,1544230800,326107.85,106415.87,ZRX/USD
0.3274,0.3287,0.3252,0.3281,1544234400,251757.91,82565.35,ZRX/USD
0.3413,0.3441,0.3269,0.3274,1544238000,572109.63,193440.25,ZRX/USD
0.3411,0.3526,0.3372,0.3413,1544241600,534859.63,184309.3,ZRX/USD
0.3309,0.3433,0.3309,0.3411,1544245200,283718.86,94916.28,ZRX/USD
0.328,0.3326,0.3255,0.3309,1544248800,146215.6,47873.77,ZRX/USD
0.3243,0.3296,0.3233,0.328,1544252400,60217.13,19661.27,ZRX/USD
0.3126,0.3243,0.3126,0.3243,1544256000,140993.63,44804.45,ZRX/USD
0.3126,0.3127,0.311,0.3126,1544259600,18418.73,5759.19,ZRX/USD
0.3151,0.3178,0.3115,0.3126,1544263200,73579.15,22993.7,ZRX/USD
0.3167,0.3182,0.314,0.3151,1544266800,98677.04,31245.77,ZRX/USD
0.3111,0.3178,0.3093,0.3167,1544270400,150531.96,47061.94,ZRX/USD
0.3039,0.3111,0.3038,0.3111,1544274000,237236.35,72578.88,ZRX/USD
0.3105,0.3105,0.3024,0.3039,1544277600,176117.29,53842.07,ZRX/USD
0.3175,0.3275,0.3057,0.3105,1544281200,445366.45,141079.99,ZRX/USD
0.3212,0.3241,0.3146,0.3175,1544284800,247167.52,78962.22,ZRX/USD
0.3172,0.3212,0.3157,0.3212,1544288400,83199.58,26402.45,ZRX/USD
0.3194,0.3194,0.3152,0.3172,1544292000,115270.2,36484.65,ZRX/USD
0.3134,0.3209,0.3114,0.3194,1544295600,181682.36,57209.73,ZRX/USD
0.3075,0.3134,0.3069,0.3134,1544299200,110917.3,34269.12,ZRX/USD
0.3005,0.3081,0.2967,0.3075,1544302800,298145.23,89644.88,ZRX/USD
0.321,0.3212,0.3002,0.3005,1544306400,200466.11,62730.1,ZRX/USD
0.3164,0.329,0.3152,0.321,1544310000,271068.75,87584.26,ZRX/USD
0.3194,0.3212,0.314,0.3164,1544313600,205121.28,65294.08,ZRX/USD
0.3217,0.3229,0.318,0.3194,1544317200,42671.44,13719.23,ZRX/USD
0.3242,0.3261,0.3198,0.3217,1544320800,104407.52,33681.14,ZRX/USD
0.3211,0.3256,0.3194,0.3242,1544324400,48742.95,15657.23,ZRX/USD
0.3225,0.3253,0.3207,0.3211,1544328000,44655.51,14385.81,ZRX/USD
0.3219,0.3245,0.3195,0.3225,1544331600,117275.07,38424.12,ZRX/USD
0.3224,0.3228,0.3194,0.3219,1544335200,45961.23,14763.91,ZRX/USD
0.3208,0.3245,0.3198,0.3224,1544338800,63114.6,20260.17,ZRX/USD
0.3199,0.3211,0.318,0.3208,1544342400,21118.75,6745.21,ZRX/USD
0.3192,0.3219,0.3174,0.3199,1544346000,23484.55,7562.22,ZRX/USD
0.3199,0.321,0.3174,0.3192,1544349600,29292.82,9375.09,ZRX/USD
0.3225,0.3227,0.3186,0.3199,1544353200,86125.59,27595.75,ZRX/USD
0.3212,0.3228,0.3209,0.3225,1544356800,19384.0,6253.63,ZRX/USD
0.3265,0.3295,0.3212,0.3212,1544360400,119016.27,38673.85,ZRX/USD
0.3336,0.3447,0.3262,0.3265,1544364000,398313.46,133731.25,ZRX/USD
0.344,0.346,0.3334,0.3336,1544367600,346276.71,119282.22,ZRX/USD
0.3461,0.3462,0.3401,0.344,1544371200,357022.65,122320.0,ZRX/USD
0.3389,0.3506,0.3377,0.3461,1544374800,401046.11,139165.66,ZRX/USD
0.337,0.3402,0.3362,0.3389,1544378400,156094.77,52456.37,ZRX/USD
0.3396,0.34,0.332,0.337,1544382000,245415.46,82177.49,ZRX/USD
0.3361,0.3419,0.336,0.3396,1544385600,161227.86,54839.6,ZRX/USD
0.3285,0.3385,0.3285,0.3361,1544389200,143403.92,47909.5,ZRX/USD
0.3263,0.3301,0.3249,0.3285,1544392800,82095.35,26791.62,ZRX/USD
0.3298,0.3315,0.3263,0.3263,1544396400,45786.69,14993.49,ZRX/USD
0.3317,0.3338,0.3288,0.3298,1544400000,71112.64,23504.42,ZRX/USD
0.3276,0.332,0.3257,0.3317,1544403600,98987.95,32523.47,ZRX/USD
0.3263,0.3287,0.3233,0.3276,1544407200,73946.44,24052.8,ZRX/USD
0.3235,0.3263,0.3203,0.3263,1544410800,107423.95,34688.48,ZRX/USD
0.3253,0.3253,0.3222,0.3235,1544414400,21848.51,7058.15,ZRX/USD
0.3236,0.3258,0.3235,0.3253,1544418000,27810.9,9018.86,ZRX/USD
0.3204,0.3249,0.3183,0.3236,1544421600,195366.51,62891.06,ZRX/USD
0.3218,0.3234,0.3171,0.3204,1544425200,112482.05,36522.35,ZRX/USD
0.3187,0.3218,0.317,0.3218,1544428800,30512.86,9737.1,ZRX/USD
0.3193,0.3202,0.3161,0.3187,1544432400,48570.54,15433.69,ZRX/USD
0.319,0.3201,0.3188,0.3193,1544436000,24276.44,7818.16,ZRX/USD
0.3196,0.3209,0.3182,0.319,1544439600,81233.96,25946.86,ZRX/USD
0.3162,0.3197,0.3128,0.3196,1544443200,136701.73,43098.36,ZRX/USD
0.317,0.3184,0.3158,0.3162,1544446800,95596.88,30319.23,ZRX/USD
0.316,0.3185,0.3134,0.317,1544450400,62235.37,19626.45,ZRX/USD
0.3131,0.3162,0.3115,0.316,1544454000,143633.1,44972.82,ZRX/USD
0.3129,0.3206,0.3096,0.3131,1544457600,188747.36,59082.42,ZRX/USD
0.3111,0.3137,0.3082,0.3129,1544461200,61058.08,18930.95,ZRX/USD
0.311,0.3129,0.3097,0.3111,1544464800,285118.27,89787.79,ZRX/USD
0.3062,0.3117,0.3056,0.311,1544468400,144548.34,44305.81,ZRX/USD
0.3151,0.3151,0.306,0.3062,1544472000,123683.4,38263.68,ZRX/USD
0.3128,0.3179,0.3114,0.3151,1544475600,236571.76,74681.06,ZRX/USD
0.3119,0.3134,0.3086,0.3128,1544479200,83578.33,26004.69,ZRX/USD
0.31,0.3123,0.3091,0.3119,1544482800,71752.65,22274.75,ZRX/USD
0.3095,0.3126,0.3091,0.31,1544486400,120314.33,37334.24,ZRX/USD
0.3085,0.3118,0.3077,0.3095,1544490000,80852.24,25018.02,ZRX/USD
0.3101,0.3105,0.3051,0.3085,1544493600,119666.91,36899.81,ZRX/USD
0.3108,0.3111,0.3074,0.3101,1544497200,79250.3,24598.96,ZRX/USD
0.3114,0.3139,0.3102,0.3108,1544500800,136796.86,42594.72,ZRX/USD
0.3119,0.3152,0.3105,0.3114,1544504400,32754.39,10217.64,ZRX/USD
0.3128,0.3158,0.3119,0.3119,1544508000,82128.21,25726.75,ZRX/USD
0.309,0.3129,0.3079,0.3128,1544511600,87269.55,26891.82,ZRX/USD
0.3105,0.3113,0.3081,0.309,1544515200,66902.64,20711.47,ZRX/USD
0.3093,0.3129,0.3086,0.3105,1544518800,55314.58,17137.67,ZRX/USD
0.3038,0.3097,0.3027,0.3093,1544522400,179490.27,55112.58,ZRX/USD
0.3045,0.3047,0.3019,0.3038,1544526000,33771.8,10260.46,ZRX/USD
0.302,0.3053,0.3008,0.3045,1544529600,113862.17,34398.24,ZRX/USD
0.3045,0.3064,0.302,0.302,1544533200,48467.16,14741.3,ZRX/USD
0.3025,0.3047,0.2997,0.3045,1544536800,74065.68,22314.91,ZRX/USD
0.3023,0.3045,0.301,0.3025,1544540400,109070.02,32936.14,ZRX/USD
0.3024,0.3031,0.2994,0.3023,1544544000,127379.21,38315.84,ZRX/USD
0.3048,0.3065,0.3004,0.3024,1544547600,107158.04,32417.39,ZRX/USD
0.3042,0.3056,0.3019,0.3048,1544551200,98425.72,30030.06,ZRX/USD
0.3012,0.3042,0.3005,0.3042,1544554800,86861.34,26327.9,ZRX/USD
0.3045,0.3048,0.3001,0.3012,1544558400,89838.41,27199.53,ZRX/USD
0.3042,0.3064,0.3015,0.3045,1544562000,113579.33,34511.99,ZRX/USD
0.2962,0.3042,0.295,0.3042,1544565600,945825.16,283593.47,ZRX/USD
0.2992,0.3015,0.2961,0.2962,1544569200,162387.85,48736.17,ZRX/USD
0.2947,0.2999,0.2935,0.2992,1544572800,777808.65,230174.61,ZRX/USD
0.2947,0.2999,0.2935,0.2992,1544572800,777808.65,230174.61,ZRX/USD
0.2981,0.2994,0.293,0.2947,1544576400,245349.04,72196.37,ZRX/USD
0.297,0.3002,0.2956,0.2981,1544580000,135351.82,40103.2,ZRX/USD
0.2972,0.2982,0.2947,0.297,1544583600,135579.46,40027.32,ZRX/USD
0.2984,0.2987,0.2942,0.2972,1544587200,78992.18,23326.47,ZRX/USD
0.2993,0.3016,0.2966,0.2984,1544590800,58438.28,17463.39,ZRX/USD
0.3006,0.3008,0.2956,0.2993,1544594400,102384.47,30506.27,ZRX/USD
0.303,0.3031,0.2988,0.3006,1544598000,96924.33,29434.45,ZRX/USD
0.2976,0.3031,0.2962,0.303,1544601600,10280.18,3060.18,ZRX/USD
0.3028,0.3028,0.2967,0.2976,1544605200,15188.62,4537.54,ZRX/USD
0.3064,0.3074,0.3027,0.3028,1544608800,80819.58,24502.96,ZRX/USD
0.3091,0.3114,0.3064,0.3064,1544612400,109589.64,33613.06,ZRX/USD
0.3082,0.3099,0.3033,0.3091,1544616000,83248.08,25524.14,ZRX/USD
0.3093,0.3096,0.3069,0.3082,1544619600,44967.1,13741.79,ZRX/USD
0.3091,0.3113,0.3077,0.3093,1544623200,109423.27,33601.97,ZRX/USD
0.313,0.3142,0.3063,0.3091,1544626800,150492.43,46406.95,ZRX/USD
0.3074,0.3153,0.3074,0.313,1544630400,239665.43,74504.25,ZRX/USD
0.3075,0.3119,0.3063,0.3074,1544634000,74949.53,23072.58,ZRX/USD
0.3116,0.3125,0.3067,0.3075,1544637600,64102.02,19701.97,ZRX/USD
0.3114,0.312,0.3081,0.3116,1544641200,65517.09,20344.89,ZRX/USD
0.3078,0.3114,0.3075,0.3114,1544644800,14732.45,4533.14,ZRX/USD
0.311,0.3118,0.3075,0.3078,1544648400,39239.84,12091.81,ZRX/USD
0.3061,0.3112,0.306,0.311,1544652000,198593.36,60844.49,ZRX/USD
0.3074,0.3077,0.3035,0.3061,1544655600,37419.11,11365.2,ZRX/USD
0.3065,0.3075,0.3049,0.3074,1544659200,55158.66,16822.87,ZRX/USD
0.3024,0.3077,0.3017,0.3065,1544662800,136600.11,41390.14,ZRX/USD
0.3014,0.3057,0.3011,0.3024,1544666400,158137.73,48064.43,ZRX/USD
0.2986,0.3014,0.2975,0.3014,1544670000,126444.06,37793.65,ZRX/USD
0.2979,0.2998,0.2964,0.2986,1544673600,49480.52,14728.15,ZRX/USD
0.296,0.2984,0.2949,0.2979,1544677200,123328.58,36577.82,ZRX/USD
0.2963,0.2983,0.2949,0.296,1544680800,155059.36,46450.64,ZRX/USD
0.2969,0.2981,0.2949,0.2963,1544684400,97528.79,28873.1,ZRX/USD
0.2954,0.2969,0.2944,0.2969,1544688000,21114.9,6243.9,ZRX/USD
0.2988,0.3022,0.2954,0.2954,1544691600,57021.01,17008.09,ZRX/USD
0.2972,0.302,0.2969,0.2988,1544695200,56627.69,16894.89,ZRX/USD
0.2948,0.2974,0.2948,0.2972,1544698800,32626.01,9626.57,ZRX/USD
0.3015,0.3029,0.2935,0.2948,1544702400,163963.58,48972.36,ZRX/USD
0.2996,0.3026,0.2974,0.3015,1544706000,72243.14,21659.17,ZRX/USD
0.2973,0.3016,0.2973,0.2996,1544709600,166961.39,49642.82,ZRX/USD
0.3019,0.3031,0.2969,0.2973,1544713200,159346.33,47729.95,ZRX/USD
0.3003,0.3025,0.2993,0.3019,1544716800,91121.9,27352.24,ZRX/USD
0.2986,0.3008,0.2975,0.3003,1544720400,43697.2,13038.89,ZRX/USD
0.2985,0.2993,0.2956,0.2986,1544724000,102983.78,30476.44,ZRX/USD
0.2927,0.2994,0.2912,0.2985,1544727600,181578.19,53384.0,ZRX/USD
0.2864,0.2945,0.2862,0.2927,1544731200,258482.79,74809.65,ZRX/USD
0.2899,0.2989,0.2856,0.2864,1544734800,197428.37,57054.57,ZRX/USD
0.2902,0.2935,0.2889,0.2899,1544738400,114710.66,33328.39,ZRX/USD
0.2965,0.2983,0.2902,0.2902,1544742000,253955.31,74664.98,ZRX/USD
0.2992,0.2999,0.2932,0.2965,1544745600,172761.87,51444.29,ZRX/USD
0.2984,0.2999,0.2962,0.2992,1544749200,52425.05,15639.68,ZRX/USD
0.297,0.2985,0.2952,0.2984,1544752800,65628.77,19406.03,ZRX/USD
0.296,0.2988,0.295,0.297,1544756400,103088.66,30506.79,ZRX/USD
0.2968,0.2982,0.2948,0.296,1544760000,87964.66,26075.4,ZRX/USD
0.2962,0.2984,0.2959,0.2968,1544763600,48710.53,14449.17,ZRX/USD
0.2971,0.2972,0.2956,0.2962,1544767200,27103.7,8065.52,ZRX/USD
0.2985,0.2986,0.2971,0.2971,1544770800,35228.73,10500.45,ZRX/USD
0.2978,0.2985,0.2972,0.2985,1544774400,20734.94,6187.0,ZRX/USD
0.296,0.2983,0.2951,0.2978,1544778000,13937.83,4172.03,ZRX/USD
0.2926,0.2975,0.2907,0.296,1544781600,46276.97,13633.7,ZRX/USD
0.2902,0.2951,0.2889,0.2926,1544785200,90832.72,26410.78,ZRX/USD
0.2919,0.2928,0.2888,0.2902,1544788800,81475.44,23647.55,ZRX/USD
0.2886,0.2921,0.288,0.2919,1544792400,101607.71,29398.51,ZRX/USD
0.2912,0.2922,0.2881,0.2886,1544796000,83033.19,24117.25,ZRX/USD
0.2907,0.2934,0.2902,0.2912,1544799600,71175.84,20739.53,ZRX/USD
0.2867,0.2907,0.2857,0.2907,1544803200,237320.95,68284.22,ZRX/USD
0.2844,0.2872,0.2844,0.2867,1544806800,203077.57,58162.41,ZRX/USD
0.2819,0.2844,0.2809,0.2844,1544810400,333821.52,94270.18,ZRX/USD
0.2781,0.2827,0.2767,0.2819,1544814000,442483.99,124334.86,ZRX/USD
0.2659,0.2781,0.2655,0.2781,1544817600,1320265.07,359669.59,ZRX/USD
0.2642,0.268,0.2618,0.2659,1544821200,534628.81,141476.64,ZRX/USD
0.2724,0.2753,0.2629,0.2642,1544824800,365203.6,98978.46,ZRX/USD
0.2714,0.2745,0.2698,0.2724,1544828400,219234.47,59551.38,ZRX/USD
0.2706,0.2728,0.2675,0.2714,1544832000,336817.7,90711.44,ZRX/USD
0.271,0.2722,0.2682,0.2706,1544835600,188985.32,50952.35,ZRX/USD
0.2685,0.2713,0.2662,0.271,1544839200,187551.02,50251.66,ZRX/USD
0.2712,0.2721,0.2676,0.2685,1544842800,167485.85,45192.31,ZRX/USD
0.2711,0.273,0.2703,0.2712,1544846400,89821.83,24272.61,ZRX/USD
0.2713,0.2724,0.2704,0.2711,1544850000,60370.01,16311.48,ZRX/USD
0.2705,0.2719,0.2702,0.2713,1544853600,48849.73,13185.02,ZRX/USD
0.2683,0.2717,0.2674,0.2705,1544857200,137949.14,36874.31,ZRX/USD
0.2779,0.2779,0.2669,0.2683,1544860800,254388.58,68588.96,ZRX/USD
0.273,0.2837,0.2706,0.2779,1544864400,157766.85,43867.99,ZRX/USD
0.2673,0.2733,0.2658,0.273,1544868000,58899.05,15806.51,ZRX/USD
0.2694,0.2719,0.265,0.2673,1544871600,99752.91,26700.22,ZRX/USD
0.2671,0.2723,0.2657,0.2694,1544875200,176844.97,47551.9,ZRX/USD
0.2634,0.2694,0.2615,0.2671,1544878800,250853.04,65989.97,ZRX/USD
0.2648,0.2692,0.2621,0.2634,1544882400,134891.77,35616.17,ZRX/USD
0.2664,0.2698,0.2616,0.2648,1544886000,152377.62,40106.38,ZRX/USD
0.2638,0.2738,0.2624,0.2664,1544889600,250114.62,66416.58,ZRX/USD
0.2689,0.2698,0.2625,0.2638,1544893200,197790.98,52055.39,ZRX/USD
0.2639,0.2689,0.2627,0.2689,1544896800,83585.6,21997.63,ZRX/USD
0.2644,0.267,0.2629,0.2639,1544900400,112292.94,29698.39,ZRX/USD
0.269,0.2706,0.2637,0.2644,1544904000,139049.33,37258.96,ZRX/USD
0.278,0.2788,0.2674,0.269,1544907600,186589.99,50827.98,ZRX/USD
0.27,0.278,0.2674,0.278,1544911200,178914.18,48614.89,ZRX/USD
0.2653,0.27,0.2653,0.27,1544914800,109603.8,29560.1,ZRX/USD
0.2667,0.2678,0.2651,0.2653,1544918400,28862.08,7684.31,ZRX/USD
0.2661,0.2677,0.2653,0.2667,1544922000,54179.83,14390.63,ZRX/USD
0.2725,0.2759,0.2661,0.2661,1544925600,232687.29,63656.56,ZRX/USD
0.2761,0.2761,0.2725,0.2725,1544929200,65280.37,17862.85,ZRX/USD
0.276,0.277,0.2749,0.2761,1544932800,237871.04,67085.51,ZRX/USD
0.2767,0.2781,0.2756,0.276,1544936400,166527.64,46119.04,ZRX/USD
0.2784,0.2784,0.2765,0.2767,1544940000,61491.1,17160.1,ZRX/USD
0.2752,0.2785,0.2742,0.2784,1544943600,57737.3,16003.27,ZRX/USD
0.2747,0.2759,0.2735,0.2752,1544947200,24267.03,6677.0,ZRX/USD
0.275,0.2752,0.2731,0.2747,1544950800,22389.3,6106.43,ZRX/USD
0.276,0.2774,0.2738,0.275,1544954400,29993.08,8417.81,ZRX/USD
0.277,0.2772,0.2757,0.276,1544958000,17085.18,4736.69,ZRX/USD
0.2758,0.2778,0.2754,0.277,1544961600,145933.63,40598.34,ZRX/USD
0.2728,0.2758,0.2728,0.2758,1544965200,60800.29,16593.93,ZRX/USD
0.2724,0.2746,0.2714,0.2728,1544968800,143888.82,39376.68,ZRX/USD
0.2745,0.2746,0.2711,0.2724,1544972400,218115.29,59678.78,ZRX/USD
0.2737,0.2751,0.2725,0.2745,1544976000,91977.35,25178.38,ZRX/USD
0.2734,0.275,0.271,0.2737,1544979600,72294.6,19658.85,ZRX/USD
0.2737,0.2739,0.2716,0.2734,1544983200,49293.05,13372.35,ZRX/USD
0.2716,0.2744,0.2709,0.2737,1544986800,98780.8,26955.38,ZRX/USD
0.2706,0.2745,0.2703,0.2716,1544990400,50384.47,13651.55,ZRX/USD
0.2663,0.2734,0.2663,0.2706,1544994000,164072.01,43918.52,ZRX/USD
0.2654,0.2683,0.2636,0.2663,1544997600,211939.69,55745.49,ZRX/USD
0.2636,0.2662,0.2623,0.2654,1545001200,289046.13,76273.78,ZRX/USD
0.2655,0.2673,0.2613,0.2636,1545004800,169087.02,44665.08,ZRX/USD
0.2652,0.2675,0.2626,0.2655,1545008400,123226.54,32474.43,ZRX/USD
0.2635,0.2659,0.2626,0.2652,1545012000,67730.37,17845.58,ZRX/USD
0.2659,0.2667,0.2627,0.2635,1545015600,36271.37,9587.37,ZRX/USD
0.2638,0.2659,0.2622,0.2659,1545019200,42446.42,11171.99,ZRX/USD
0.2646,0.2653,0.2629,0.2638,1545022800,49391.09,13002.13,ZRX/USD
0.2662,0.2665,0.2634,0.2646,1545026400,26287.81,6962.0,ZRX/USD
0.2674,0.2674,0.2645,0.2662,1545030000,75992.35,20143.59,ZRX/USD
0.2673,0.2681,0.2657,0.2674,1545033600,60749.8,16255.53,ZRX/USD
0.2664,0.2678,0.2657,0.2673,1545037200,80969.07,22176.3,ZRX/USD
0.2644,0.2677,0.2642,0.2664,1545040800,32479.71,8744.56,ZRX/USD
0.2679,0.2679,0.2644,0.2644,1545044400,44113.32,11739.38,ZRX/USD
0.2837,0.2864,0.2671,0.2679,1545048000,999191.51,279073.32,ZRX/USD
0.2894,0.3008,0.2837,0.2837,1545051600,867888.57,249537.78,ZRX/USD
0.2871,0.2992,0.2863,0.2894,1545055200,687435.14,198829.97,ZRX/USD
0.2872,0.2901,0.2859,0.2871,1545058800,239268.85,68317.95,ZRX/USD
0.2936,0.2948,0.2872,0.2872,1545062400,273452.56,79574.93,ZRX/USD
0.2991,0.2999,0.293,0.2936,1545066000,398965.9,117838.44,ZRX/USD
0.3044,0.3053,0.2972,0.2991,1545069600,336119.62,101907.98,ZRX/USD
0.3009,0.3074,0.2999,0.3044,1545073200,562600.35,170114.45,ZRX/USD
0.3009,0.3046,0.2982,0.3009,1545076800,278833.39,83748.57,ZRX/USD
0.294,0.3011,0.2898,0.3009,1545080400,634397.42,185497.18,ZRX/USD
0.2935,0.2958,0.291,0.294,1545084000,227504.95,66812.78,ZRX/USD
0.2958,0.2961,0.2915,0.2935,1545087600,149011.92,44596.65,ZRX/USD
0.293,0.2987,0.2913,0.2958,1545091200,139542.16,41160.87,ZRX/USD
0.2888,0.294,0.287,0.293,1545094800,356558.1,102515.9,ZRX/USD
0.2923,0.2926,0.2888,0.2888,1545098400,133048.74,38585.75,ZRX/USD
0.2949,0.2955,0.2904,0.2923,1545102000,240630.83,70063.16,ZRX/USD
0.2936,0.2956,0.2929,0.2949,1545105600,90411.77,26417.23,ZRX/USD
0.2909,0.2949,0.2898,0.2936,1545109200,92115.54,26971.44,ZRX/USD
0.2917,0.2926,0.2903,0.2909,1545112800,91655.72,26747.37,ZRX/USD
0.2897,0.294,0.2893,0.2917,1545116400,183318.83,53491.27,ZRX/USD
0.2854,0.2909,0.2835,0.2897,1545120000,255091.72,74129.61,ZRX/USD
0.2849,0.2864,0.2823,0.2854,1545123600,107301.64,30321.68,ZRX/USD
0.2856,0.2874,0.2842,0.2849,1545127200,88688.56,25728.28,ZRX/USD
0.2875,0.2899,0.2833,0.2856,1545130800,172388.8,49426.53,ZRX/USD
0.2879,0.2883,0.2849,0.2875,1545134400,65047.06,18558.52,ZRX/USD
0.2952,0.296,0.2865,0.2879,1545138000,290709.83,86314.82,ZRX/USD
0.2981,0.2987,0.2944,0.2952,1545141600,159237.82,47093.82,ZRX/USD
0.2921,0.3002,0.2912,0.2981,1545145200,140425.59,41499.14,ZRX/USD
0.2918,0.2932,0.2903,0.2921,1545148800,291020.73,84175.91,ZRX/USD
0.2888,0.2939,0.2874,0.2918,1545152400,305136.64,87885.33,ZRX/USD
0.2861,0.2891,0.2853,0.2888,1545156000,138439.66,39619.05,ZRX/USD
0.2903,0.2911,0.2861,0.2861,1545159600,174275.96,50020.57,ZRX/USD
0.2897,0.2962,0.2897,0.2903,1545163200,159562.48,46734.69,ZRX/USD
0.2927,0.2929,0.289,0.2897,1545166800,46437.25,13496.91,ZRX/USD
0.2935,0.2936,0.2906,0.2927,1545170400,147565.4,42862.83,ZRX/USD
0.3006,0.3023,0.2927,0.2935,1545174000,748256.52,223450.33,ZRX/USD
0.3013,0.3022,0.2963,0.3006,1545177600,483643.81,145256.18,ZRX/USD
0.3064,0.3065,0.3003,0.3013,1545181200,679842.42,206824.79,ZRX/USD
0.3087,0.3105,0.3036,0.3064,1545184800,473688.32,145279.41,ZRX/USD
0.3132,0.3136,0.307,0.3087,1545188400,616801.49,191611.31,ZRX/USD
0.3174,0.3229,0.313,0.3132,1545192000,685873.64,218028.64,ZRX/USD
0.3165,0.3185,0.3145,0.3174,1545195600,174366.44,54930.93,ZRX/USD
0.3167,0.3216,0.3149,0.3165,1545199200,248682.53,78868.09,ZRX/USD
0.3167,0.317,0.312,0.3167,1545202800,261679.01,83052.4,ZRX/USD
0.3203,0.3218,0.3155,0.3167,1545206400,222574.77,70842.84,ZRX/USD
0.324,0.3246,0.3185,0.3203,1545210000,164772.26,52981.87,ZRX/USD
0.3282,0.3287,0.3224,0.324,1545213600,157393.13,51273.29,ZRX/USD
0.3315,0.3317,0.3273,0.3282,1545217200,213326.3,70847.06,ZRX/USD
0.3258,0.3315,0.3208,0.3315,1545220800,307459.56,99995.95,ZRX/USD
0.3331,0.336,0.3242,0.3258,1545224400,554658.26,184161.65,ZRX/USD
0.3233,0.3347,0.3217,0.3331,1545228000,479843.13,158098.75,ZRX/USD
0.3363,0.3364,0.3221,0.3233,1545231600,750324.67,248185.06,ZRX/USD
0.3381,0.34,0.3344,0.3363,1545235200,679640.03,229585.22,ZRX/USD
0.3326,0.3383,0.3301,0.3381,1545238800,345627.84,115137.9,ZRX/USD
0.3348,0.3358,0.3296,0.3326,1545242400,259506.41,86031.7,ZRX/USD
0.3351,0.3398,0.3336,0.3348,1545246000,361130.95,121713.94,ZRX/USD
0.3223,0.3368,0.3194,0.3351,1545249600,547090.0,177631.43,ZRX/USD
0.309,0.3227,0.3083,0.3223,1545253200,617577.62,195575.82,ZRX/USD
0.3153,0.3163,0.3078,0.309,1545256800,394512.73,122592.48,ZRX/USD
0.3115,0.3171,0.3109,0.3153,1545260400,135832.27,42620.28,ZRX/USD
0.3089,0.3117,0.3067,0.3115,1545264000,296839.26,91524.0,ZRX/USD
0.3128,0.3149,0.3074,0.3089,1545267600,317685.38,98887.99,ZRX/USD
0.3128,0.3154,0.3121,0.3128,1545271200,143535.75,44957.93,ZRX/USD
0.3133,0.315,0.3106,0.3128,1545274800,97719.4,30485.9,ZRX/USD
0.324,0.3262,0.3111,0.3133,1545278400,418961.85,135299.64,ZRX/USD
0.3183,0.3262,0.3171,0.324,1545282000,146445.58,47239.15,ZRX/USD
0.3245,0.3252,0.3169,0.3183,1545285600,109342.11,34847.22,ZRX/USD
0.3315,0.3316,0.3218,0.3245,1545289200,166736.31,54394.38,ZRX/USD
0.3447,0.3459,0.3311,0.3315,1545292800,561031.31,192600.49,ZRX/USD
0.3485,0.3513,0.3447,0.3447,1545296400,319058.35,110904.47,ZRX/USD
0.3428,0.3505,0.341,0.3485,1545300000,247255.45,84582.09,ZRX/USD
0.3409,0.3476,0.3371,0.3428,1545303600,208484.5,71148.58,ZRX/USD
0.3451,0.3452,0.337,0.3409,1545307200,280746.31,95538.14,ZRX/USD
0.3432,0.3472,0.3303,0.3451,1545310800,629177.39,213164.59,ZRX/USD
0.3474,0.3494,0.3404,0.3432,1545314400,467233.49,160312.49,ZRX/USD
0.3436,0.3491,0.3385,0.3474,1545318000,459143.59,157892.35,ZRX/USD
0.3531,0.3531,0.3371,0.3436,1545321600,548620.75,188494.67,ZRX/USD
0.3475,0.3553,0.346,0.3531,1545325200,522533.22,183475.89,ZRX/USD
0.3477,0.3514,0.3435,0.3475,1545328800,187413.74,65115.81,ZRX/USD
0.3496,0.3498,0.3465,0.3477,1545332400,151843.8,52920.95,ZRX/USD
0.336,0.3496,0.3357,0.3496,1545336000,364924.92,124277.12,ZRX/USD
0.3433,0.3433,0.3358,0.336,1545339600,311014.33,105127.6,ZRX/USD
0.35,0.3517,0.3429,0.3433,1545343200,360911.12,126816.58,ZRX/USD
0.3514,0.3517,0.3478,0.35,1545346800,288315.23,100851.73,ZRX/USD
0.3509,0.3548,0.3471,0.3514,1545350400,627074.35,221144.2,ZRX/USD
0.3617,0.3617,0.3476,0.3509,1545354000,662630.21,234632.17,ZRX/USD
0.3535,0.3617,0.3491,0.3617,1545357600,398364.61,140471.54,ZRX/USD
0.3495,0.3539,0.3446,0.3535,1545361200,342282.7,119222.88,ZRX/USD
0.3436,0.3499,0.3435,0.3495,1545364800,200122.61,69120.85,ZRX/USD
0.3354,0.3452,0.3315,0.3436,1545368400,445227.25,149522.61,ZRX/USD
0.3392,0.3395,0.3328,0.3354,1545372000,130084.85,43730.22,ZRX/USD
0.3391,0.3403,0.335,0.3392,1545375600,86452.55,29213.91,ZRX/USD
0.3432,0.3455,0.3388,0.3391,1545379200,118777.04,40999.22,ZRX/USD
0.3359,0.3444,0.3343,0.3432,1545382800,101472.06,34235.53,ZRX/USD
0.3368,0.3384,0.3312,0.3359,1545386400,101224.9,33949.86,ZRX/USD
0.3428,0.3428,0.3366,0.3368,1545390000,56604.31,19507.48,ZRX/USD
0.348,0.3488,0.34,0.3428,1545393600,118357.88,41424.63,ZRX/USD
0.3532,0.3535,0.3471,0.348,1545397200,331039.01,115712.65,ZRX/USD
0.3485,0.3538,0.3478,0.3532,1545400800,637658.61,227536.32,ZRX/USD
0.3376,0.3497,0.3356,0.3485,1545404400,397276.55,136500.76,ZRX/USD
0.3351,0.3424,0.3338,0.3376,1545408000,175372.12,59347.46,ZRX/USD
0.335,0.3415,0.3333,0.3351,1545411600,218436.43,73241.08,ZRX/USD
0.3322,0.335,0.3293,0.335,1545415200,416223.41,137794.8,ZRX/USD
0.3188,0.3322,0.3125,0.3322,1545418800,523080.02,167944.91,ZRX/USD
0.3155,0.3218,0.313,0.3188,1545422400,401919.99,127735.24,ZRX/USD
0.3201,0.3231,0.3144,0.3155,1545426000,387004.46,123165.62,ZRX/USD
0.3177,0.3212,0.3162,0.3201,1545429600,209493.19,66376.37,ZRX/USD
0.3193,0.3204,0.3141,0.3177,1545433200,52049.05,16488.11,ZRX/USD
0.3232,0.3234,0.3186,0.3193,1545436800,129089.26,41561.73,ZRX/USD
0.3172,0.3232,0.3162,0.3232,1545440400,129350.35,41372.62,ZRX/USD
0.321,0.3215,0.3135,0.3172,1545444000,229840.48,72393.85,ZRX/USD
0.3181,0.3217,0.3177,0.321,1545447600,160751.31,50983.62,ZRX/USD
0.315,0.3185,0.3141,0.3181,1545451200,181774.39,57061.08,ZRX/USD
0.317,0.3185,0.314,0.315,1545454800,92536.41,29098.44,ZRX/USD
0.3192,0.3192,0.3151,0.317,1545458400,56180.08,17735.3,ZRX/USD
0.3202,0.3206,0.3161,0.3192,1545462000,58221.55,18492.74,ZRX/USD
0.3228,0.3236,0.3185,0.3202,1545465600,61146.51,19769.68,ZRX/USD
0.3343,0.3343,0.3221,0.3228,1545469200,98716.16,32736.82,ZRX/USD
0.3315,0.3354,0.3315,0.3343,1545472800,62599.1,20897.51,ZRX/USD
0.3274,0.3325,0.3261,0.3315,1545476400,72693.18,23918.54,ZRX/USD
0.3219,0.3285,0.3205,0.3274,1545480000,84614.24,27677.08,ZRX/USD
0.3212,0.326,0.3204,0.3219,1545483600,34923.41,11258.98,ZRX/USD
0.3225,0.3226,0.3167,0.3212,1545487200,93117.2,29593.12,ZRX/USD
0.321,0.3225,0.318,0.3225,1545490800,34784.14,11157.03,ZRX/USD
0.3262,0.3263,0.3173,0.321,1545494400,209415.8,67616.27,ZRX/USD
0.3211,0.3262,0.3206,0.3262,1545498000,34241.91,11037.79,ZRX/USD
0.3259,0.3259,0.3207,0.3211,1545501600,67525.65,22181.86,ZRX/USD
0.3292,0.3303,0.3245,0.3259,1545505200,87249.36,28521.23,ZRX/USD
0.3298,0.3336,0.3269,0.3292,1545508800,153924.48,51061.51,ZRX/USD
0.3299,0.3333,0.3279,0.3298,1545512400,124566.89,41083.68,ZRX/USD
0.3281,0.331,0.3266,0.3299,1545516000,87318.67,28572.48,ZRX/USD
0.3355,0.3368,0.3281,0.3281,1545519600,167441.52,56179.86,ZRX/USD
0.3385,0.3385,0.3331,0.3355,1545523200,145722.08,48874.36,ZRX/USD
0.3369,0.3417,0.334,0.3385,1545526800,293076.6,98552.8,ZRX/USD
0.3402,0.3405,0.3344,0.3369,1545530400,353442.67,119388.97,ZRX/USD
0.3431,0.3431,0.3362,0.3402,1545534000,180986.9,61557.84,ZRX/USD
0.342,0.35,0.3405,0.3431,1545537600,450670.69,155338.8,ZRX/USD
0.3455,0.346,0.342,0.342,1545541200,174431.86,60128.66,ZRX/USD
0.3412,0.3475,0.3412,0.3455,1545544800,117993.83,40676.07,ZRX/USD
0.3396,0.3441,0.3361,0.3412,1545548400,108879.19,36782.15,ZRX/USD
0.3385,0.3402,0.3376,0.3396,1545552000,50005.74,16895.03,ZRX/USD
0.3388,0.3439,0.3385,0.3385,1545555600,50120.17,17190.73,ZRX/USD
0.3468,0.3492,0.3388,0.3388,1545559200,93412.61,32869.93,ZRX/USD
0.3471,0.3488,0.3438,0.3468,1545562800,114514.29,40058.2,ZRX/USD
0.3466,0.3506,0.3459,0.3471,1545566400,146249.43,51134.89,ZRX/USD
0.351,0.351,0.3463,0.3466,1545570000,136328.42,47477.27,ZRX/USD
0.3447,0.351,0.3443,0.351,1545573600,168314.04,58242.61,ZRX/USD
0.3403,0.3448,0.336,0.3447,1545577200,209522.26,71346.58,ZRX/USD
0.3409,0.3417,0.3373,0.3403,1545580800,69533.83,23576.47,ZRX/USD
0.3476,0.3505,0.3404,0.3409,1545584400,322668.41,111203.51,ZRX/USD
0.3487,0.3512,0.3422,0.3476,1545588000,273297.97,94646.94,ZRX/USD
0.3459,0.3502,0.3442,0.3487,1545591600,157067.48,54688.35,ZRX/USD
0.3438,0.3463,0.3409,0.3459,1545595200,103819.18,35702.42,ZRX/USD
0.3443,0.3443,0.3407,0.3438,1545598800,88757.15,30412.67,ZRX/USD
0.3408,0.3443,0.3369,0.3443,1545602400,84886.69,28916.57,ZRX/USD
0.3441,0.3441,0.3399,0.3408,1545606000,110220.56,37581.71,ZRX/USD
0.3586,0.3589,0.3424,0.3441,1545609600,963701.06,337435.38,ZRX/USD
0.3605,0.3606,0.3549,0.3586,1545613200,682613.95,248101.9,ZRX/USD
0.3588,0.3605,0.3546,0.3605,1545616800,314777.47,112616.69,ZRX/USD
0.3611,0.3615,0.357,0.3588,1545620400,266001.34,95132.88,ZRX/USD
0.3609,0.3621,0.3583,0.3611,1545624000,126602.6,45539.72,ZRX/USD
0.3651,0.366,0.3595,0.3609,1545627600,342934.46,124110.51,ZRX/USD
0.3606,0.3662,0.3596,0.3651,1545631200,196026.49,71414.69,ZRX/USD
0.3624,0.3626,0.3595,0.3606,1545634800,156104.34,56551.81,ZRX/USD
0.3732,0.3737,0.3617,0.3624,1545638400,347858.16,128159.58,ZRX/USD
0.3788,0.3808,0.3729,0.3732,1545642000,417771.23,160369.58,ZRX/USD
0.3627,0.3804,0.3625,0.3788,1545645600,337033.26,125755.88,ZRX/USD
0.3649,0.3658,0.3627,0.3627,1545649200,80763.75,29631.75,ZRX/USD
0.3641,0.365,0.3612,0.3649,1545652800,192077.25,69370.74,ZRX/USD
0.3725,0.3728,0.3628,0.3641,1545656400,420270.71,155407.74,ZRX/USD
0.3885,0.3897,0.3713,0.3725,1545660000,626665.8,238195.64,ZRX/USD
0.3679,0.3885,0.3649,0.3885,1545663600,739098.13,280391.93,ZRX/USD
0.367,0.3688,0.3592,0.3679,1545667200,537881.15,196566.88,ZRX/USD
0.3684,0.3688,0.3653,0.367,1545670800,211782.51,77614.25,ZRX/USD
0.3632,0.3685,0.3628,0.3684,1545674400,253167.23,92380.63,ZRX/USD
0.3584,0.364,0.3529,0.3632,1545678000,426869.44,152880.38,ZRX/USD
0.3582,0.3634,0.3555,0.3584,1545681600,185842.87,66629.48,ZRX/USD
0.3632,0.3632,0.3567,0.3582,1545685200,144143.68,51713.69,ZRX/USD
0.366,0.3663,0.3606,0.3632,1545688800,80974.97,29371.97,ZRX/USD
0.3642,0.3678,0.3599,0.366,1545692400,97106.18,35321.62,ZRX/USD
0.3338,0.3644,0.3324,0.3642,1545696000,1036898.23,355883.78,ZRX/USD
0.3297,0.3345,0.3288,0.3338,1545699600,391530.45,129284.66,ZRX/USD
0.3293,0.3312,0.3266,0.3297,1545703200,249595.48,82045.29,ZRX/USD
0.3227,0.3322,0.3219,0.3293,1545706800,348345.03,113549.29,ZRX/USD
0.3253,0.3265,0.3213,0.3227,1545710400,277922.5,89618.01,ZRX/USD
0.3257,0.3284,0.324,0.3253,1545714000,88925.35,28885.55,ZRX/USD
0.3253,0.3263,0.3223,0.3257,1545717600,143205.47,46375.91,ZRX/USD
0.3255,0.3303,0.3253,0.3253,1545721200,41306.78,13464.99,ZRX/USD
0.3219,0.3258,0.3215,0.3255,1545724800,105787.89,34064.03,ZRX/USD
0.3281,0.3281,0.3212,0.3219,1545728400,64652.35,20881.07,ZRX/USD
0.3229,0.3281,0.3225,0.3281,1545732000,35155.88,11638.76,ZRX/USD
0.3239,0.326,0.3211,0.3229,1545735600,143366.67,46828.85,ZRX/USD
0.3233,0.3247,0.3212,0.3239,1545739200,29145.18,9485.6,ZRX/USD
0.3233,0.3234,0.3219,0.3233,1545742800,41598.19,13558.96,ZRX/USD
0.3227,0.3233,0.3212,0.3233,1545746400,99875.15,32135.08,ZRX/USD
0.3197,0.3235,0.3174,0.3227,1545750000,134727.03,42994.58,ZRX/USD
0.3208,0.3214,0.3172,0.3197,1545753600,130931.48,41873.96,ZRX/USD
0.3166,0.3208,0.3142,0.3208,1545757200,202894.08,64555.24,ZRX/USD
0.32,0.3203,0.3141,0.3166,1545760800,102562.77,32571.06,ZRX/USD
0.323,0.3247,0.3192,0.32,1545764400,67461.14,21774.97,ZRX/USD
0.3266,0.3309,0.3226,0.323,1545768000,87419.78,28738.03,ZRX/USD
0.3297,0.33,0.3254,0.3266,1545771600,134323.45,44269.67,ZRX/USD
0.3258,0.3308,0.3251,0.3297,1545775200,145707.07,47822.76,ZRX/USD
0.3283,0.3287,0.3234,0.3258,1545778800,39646.26,12928.01,ZRX/USD
0.3274,0.3313,0.3231,0.3283,1545782400,98840.42,32441.09,ZRX/USD
0.3339,0.3451,0.3273,0.3274,1545786000,349701.94,117481.14,ZRX/USD
0.341,0.3741,0.3329,0.3339,1545789600,367222.06,128731.46,ZRX/USD
0.3339,0.3414,0.3336,0.341,1545793200,138772.18,46997.07,ZRX/USD
0.3323,0.3358,0.3316,0.3339,1545796800,109880.91,36695.97,ZRX/USD
0.336,0.3366,0.3316,0.3323,1545800400,42902.87,14287.83,ZRX/USD
0.3319,0.3366,0.3317,0.336,1545804000,72203.99,24329.09,ZRX/USD
0.3282,0.3319,0.3267,0.3319,1545807600,111846.25,36654.93,ZRX/USD
0.329,0.333,0.3267,0.3282,1545811200,27236.73,8986.63,ZRX/USD
0.3221,0.3294,0.3221,0.329,1545814800,33471.14,10967.17,ZRX/USD
0.3221,0.3264,0.3202,0.3221,1545818400,87322.07,28300.49,ZRX/USD
0.3217,0.3244,0.3207,0.3221,1545822000,8089.34,2604.19,ZRX/USD
0.3287,0.3291,0.3214,0.3217,1545825600,68057.09,22082.54,ZRX/USD
0.3267,0.3287,0.3264,0.3287,1545829200,31355.49,10249.07,ZRX/USD
0.3202,0.3271,0.3185,0.3267,1545832800,148938.12,47800.3,ZRX/USD
0.3259,0.3285,0.3186,0.3202,1545836400,138332.97,44589.44,ZRX/USD
0.327,0.3304,0.3248,0.3259,1545840000,146568.7,48037.48,ZRX/USD
0.3332,0.3332,0.3224,0.327,1545843600,189564.82,62319.41,ZRX/USD
0.332,0.3341,0.329,0.3332,1545847200,238284.48,78707.95,ZRX/USD
0.3344,0.3393,0.3307,0.332,1545850800,158008.52,52951.37,ZRX/USD
0.3362,0.3379,0.3342,0.3344,1545854400,61289.37,20581.0,ZRX/USD
0.3436,0.3497,0.3336,0.3362,1545858000,372312.11,127226.53,ZRX/USD
0.3467,0.3496,0.342,0.3436,1545861600,189979.82,65444.78,ZRX/USD
0.3437,0.3467,0.3417,0.3467,1545865200,163803.07,56363.33,ZRX/USD
0.3503,0.3555,0.3437,0.3437,1545868800,457096.83,160026.09,ZRX/USD
0.3414,0.3512,0.3402,0.3503,1545872400,286224.64,97837.03,ZRX/USD
0.3394,0.342,0.3356,0.3414,1545876000,361629.52,122286.58,ZRX/USD
0.34,0.34,0.3366,0.3394,1545879600,128899.3,43651.56,ZRX/USD
0.3398,0.3404,0.3386,0.34,1545883200,88725.33,30193.13,ZRX/USD
0.3355,0.3406,0.3355,0.3398,1545886800,131290.88,44772.66,ZRX/USD
0.3391,0.3399,0.335,0.3355,1545890400,85412.1,28691.12,ZRX/USD
0.3363,0.3407,0.3356,0.3391,1545894000,176120.86,59854.3,ZRX/USD
0.3363,0.3369,0.3358,0.3363,1545897600,67134.27,22869.3,ZRX/USD
0.3363,0.3365,0.3358,0.3363,1545901200,20293.14,6863.27,ZRX/USD
0.3329,0.3364,0.3326,0.3363,1545904800,72296.02,24156.2,ZRX/USD
0.3327,0.3348,0.3306,0.3329,1545908400,154028.72,51359.1,ZRX/USD
0.3344,0.3364,0.3327,0.3327,1545912000,50571.16,16893.29,ZRX/USD
0.3374,0.3374,0.334,0.3344,1545915600,57642.68,19421.24,ZRX/USD
0.3375,0.3376,0.3356,0.3374,1545919200,66991.55,22493.63,ZRX/USD
0.3377,0.338,0.3357,0.3375,1545922800,102988.54,34684.03,ZRX/USD
0.3357,0.3406,0.335,0.3377,1545926400,88764.7,29920.81,ZRX/USD
0.3392,0.3399,0.3344,0.3357,1545930000,174872.55,59071.15,ZRX/USD
0.3361,0.3392,0.3341,0.3392,1545933600,62109.93,20852.52,ZRX/USD
0.3167,0.337,0.3156,0.3361,1545937200,629981.61,202785.39,ZRX/USD
0.3112,0.3172,0.3096,0.3167,1545940800,516688.99,160994.96,ZRX/USD
0.3174,0.3209,0.3098,0.3112,1545944400,344504.89,108563.11,ZRX/USD
0.3156,0.3229,0.3141,0.3174,1545948000,228729.63,73065.58,ZRX/USD
0.3099,0.3171,0.3085,0.3156,1545951600,220749.16,68328.54,ZRX/USD
0.3183,0.3186,0.3091,0.3099,1545955200,280170.25,88586.56,ZRX/USD
0.3077,0.3183,0.3077,0.3183,1545958800,138191.34,42940.63,ZRX/USD
0.3107,0.312,0.3077,0.3077,1545962400,145236.18,44952.2,ZRX/USD
0.3106,0.3133,0.3094,0.3107,1545966000,108043.97,33453.81,ZRX/USD
0.3101,0.3113,0.3083,0.3106,1545969600,50415.26,15590.88,ZRX/USD
0.3093,0.311,0.3085,0.3101,1545973200,68427.68,21239.45,ZRX/USD
0.3079,0.3094,0.3072,0.3093,1545976800,55811.89,17212.93,ZRX/USD
0.311,0.314,0.3079,0.3079,1545980400,60414.56,18858.54,ZRX/USD
0.3161,0.3161,0.3105,0.311,1545984000,49483.8,15631.8,ZRX/USD
0.3141,0.3161,0.3113,0.3161,1545987600,42917.51,13385.67,ZRX/USD
0.3159,0.3161,0.3137,0.3141,1545991200,20907.72,6694.63,ZRX/USD
0.3186,0.3187,0.3148,0.3159,1545994800,32514.71,10443.09,ZRX/USD
0.3182,0.3187,0.3158,0.3186,1545998400,34061.25,10873.52,ZRX/USD
0.3165,0.3184,0.3148,0.3182,1546002000,63451.27,20082.36,ZRX/USD
0.3145,0.3187,0.3145,0.3165,1546005600,50994.77,16099.92,ZRX/USD
0.3402,0.3414,0.3145,0.3145,1546009200,569327.2,190349.46,ZRX/USD
0.3362,0.347,0.3297,0.3402,1546012800,561802.3,190897.99,ZRX/USD
0.3336,0.3365,0.3301,0.3362,1546016400,171810.29,57340.1,ZRX/USD
0.3358,0.3364,0.3324,0.3336,1546020000,94870.46,31649.01,ZRX/USD
0.3344,0.3451,0.3331,0.3358,1546023600,291498.71,98493.22,ZRX/USD
0.3354,0.3363,0.3336,0.3344,1546027200,90800.15,30380.54,ZRX/USD
0.3351,0.3372,0.3345,0.3354,1546030800,86190.64,28854.83,ZRX/USD
0.3333,0.3361,0.3328,0.3351,1546034400,94900.87,31615.46,ZRX/USD
0.3345,0.336,0.331,0.3333,1546038000,131559.23,43654.38,ZRX/USD
0.3366,0.3424,0.3339,0.3345,1546041600,304821.57,103008.67,ZRX/USD
0.3399,0.3411,0.334,0.3366,1546045200,175701.45,59385.1,ZRX/USD
0.3341,0.3399,0.3331,0.3399,1546048800,201986.59,69105.94,ZRX/USD
0.3342,0.3366,0.3329,0.3341,1546052400,46051.86,15370.29,ZRX/USD
0.3355,0.3416,0.332,0.3342,1546056000,220927.42,74151.7,ZRX/USD
0.3337,0.3369,0.3337,0.3355,1546059600,137514.55,46008.68,ZRX/USD
0.3349,0.3388,0.3337,0.3337,1546063200,28406.76,9543.45,ZRX/USD
0.3383,0.3385,0.3348,0.3349,1546066800,91069.29,30638.78,ZRX/USD
0.3364,0.3383,0.3354,0.3383,1546070400,31332.17,10557.91,ZRX/USD
0.3355,0.3412,0.3355,0.3364,1546074000,28942.24,9806.01,ZRX/USD
0.331,0.3362,0.3291,0.3355,1546077600,113910.94,37871.99,ZRX/USD
0.3355,0.3369,0.33,0.331,1546081200,103505.09,34500.13,ZRX/USD
0.3363,0.3363,0.3329,0.3355,1546084800,24809.27,8412.69,ZRX/USD
0.3376,0.3385,0.3333,0.3363,1546088400,85108.18,28661.5,ZRX/USD
0.3353,0.3379,0.333,0.3376,1546092000,53849.97,18038.59,ZRX/USD
0.331,0.3366,0.3288,0.3353,1546095600,148456.24,49135.39,ZRX/USD
0.3228,0.3329,0.321,0.331,1546099200,210560.01,68832.49,ZRX/USD
0.3209,0.3236,0.3176,0.3228,1546102800,201380.57,64901.11,ZRX/USD
0.3201,0.3214,0.3179,0.3209,1546106400,101452.93,32642.94,ZRX/USD
0.3225,0.3231,0.3197,0.3201,1546110000,132239.73,42350.31,ZRX/USD
0.3305,0.3319,0.3213,0.3225,1546113600,409233.2,135301.46,ZRX/USD
0.3359,0.3415,0.3298,0.3305,1546117200,322343.79,109233.52,ZRX/USD
0.3336,0.3371,0.3324,0.3359,1546120800,166771.83,56099.56,ZRX/USD
0.3202,0.34,0.3179,0.3336,1546124400,466027.84,153760.96,ZRX/USD
0.3178,0.3245,0.3176,0.3202,1546128000,212653.28,67822.02,ZRX/USD
0.3188,0.32,0.316,0.3178,1546131600,69725.74,22073.3,ZRX/USD
0.3213,0.3238,0.317,0.3188,1546135200,71302.78,22735.25,ZRX/USD
0.3188,0.3237,0.3186,0.3213,1546138800,43760.5,14014.04,ZRX/USD
0.3208,0.321,0.3182,0.3188,1546142400,18643.83,5958.62,ZRX/USD
0.3194,0.3214,0.3175,0.3208,1546146000,126346.41,40232.3,ZRX/USD
0.3183,0.3206,0.3172,0.3194,1546149600,58731.72,18701.9,ZRX/USD
0.3213,0.3219,0.3174,0.3183,1546153200,24060.74,7672.71,ZRX/USD
0.3235,0.3235,0.3172,0.3213,1546156800,65845.99,21115.3,ZRX/USD
0.3247,0.3261,0.3201,0.3235,1546160400,91175.87,29534.99,ZRX/USD
0.324,0.3256,0.3227,0.3247,1546164000,29842.26,9817.19,ZRX/USD
0.322,0.3264,0.3213,0.324,1546167600,24416.29,7938.91,ZRX/USD
0.3228,0.3254,0.3185,0.322,1546171200,59495.31,19180.53,ZRX/USD
0.3216,0.3238,0.3207,0.3228,1546174800,78110.68,25064.07,ZRX/USD
0.3231,0.3232,0.3211,0.3216,1546178400,25876.86,8390.08,ZRX/USD
0.3224,0.3255,0.3215,0.3231,1546182000,49179.23,15827.07,ZRX/USD
0.3204,0.3225,0.3196,0.3224,1546185600,38112.37,12195.82,ZRX/USD
0.3241,0.3241,0.3204,0.3204,1546189200,44702.85,14397.6,ZRX/USD
0.3205,0.3249,0.319,0.3241,1546192800,49072.06,15686.48,ZRX/USD
0.3211,0.3229,0.3179,0.3205,1546196400,90051.16,28921.61,ZRX/USD
0.3208,0.3217,0.3185,0.3211,1546200000,43038.89,13766.5,ZRX/USD
0.3185,0.321,0.3162,0.3208,1546203600,177267.0,57367.09,ZRX/USD
0.3175,0.3205,0.3167,0.3185,1546207200,22947.88,7314.11,ZRX/USD
0.3185,0.3204,0.3162,0.3175,1546210800,38009.64,12102.03,ZRX/USD
0.3195,0.3213,0.3175,0.3185,1546214400,51871.31,16616.48,ZRX/USD
0.3189,0.3208,0.3177,0.3195,1546218000,61573.11,19609.35,ZRX/USD
0.3154,0.319,0.314,0.3189,1546221600,168317.76,53038.48,ZRX/USD
0.3159,0.3175,0.3144,0.3154,1546225200,73612.27,23291.48,ZRX/USD
0.3182,0.3182,0.3155,0.3159,1546228800,24268.67,7673.12,ZRX/USD
0.3163,0.3187,0.3155,0.3182,1546232400,68097.32,21553.18,ZRX/USD
0.3141,0.3176,0.3141,0.3163,1546236000,12886.41,4065.76,ZRX/USD
0.3156,0.3169,0.3125,0.3141,1546239600,58984.31,18546.55,ZRX/USD
0.3135,0.3156,0.3135,0.3156,1546243200,15102.05,4744.99,ZRX/USD
0.315,0.3153,0.3132,0.3135,1546246800,49019.07,15520.76,ZRX/USD
0.3137,0.3152,0.3123,0.315,1546250400,38778.09,12211.08,ZRX/USD
0.3091,0.314,0.3091,0.3137,1546254000,221483.48,69317.56,ZRX/USD
0.3114,0.3117,0.3084,0.3091,1546257600,45352.58,14053.68,ZRX/USD
0.3131,0.3134,0.3086,0.3114,1546261200,119423.54,36970.79,ZRX/USD
0.3131,0.3137,0.3086,0.3131,1546264800,131221.3,41000.07,ZRX/USD
0.3109,0.3141,0.3095,0.3131,1546268400,161449.11,50764.59,ZRX/USD
0.3079,0.3122,0.3079,0.3109,1546272000,173167.66,53360.93,ZRX/USD
0.3081,0.3094,0.3058,0.3079,1546275600,36869.06,11316.07,ZRX/USD
0.3079,0.3092,0.3053,0.3081,1546279200,51337.88,15718.92,ZRX/USD
0.3039,0.3079,0.3019,0.3079,1546282800,206886.55,63087.65,ZRX/USD
0.2978,0.3039,0.2969,0.3039,1546286400,478480.92,142718.64,ZRX/USD
0.2992,0.3002,0.297,0.2978,1546290000,147635.07,44011.44,ZRX/USD
0.2985,0.3013,0.297,0.2992,1546293600,314750.04,94213.21,ZRX/USD
0.2937,0.2989,0.2915,0.2985,1546297200,257808.02,76206.8,ZRX/USD
0.2953,0.2958,0.2903,0.2937,1546300800,254913.48,74606.67,ZRX/USD
0.295,0.2971,0.2933,0.2953,1546304400,186189.63,54777.72,ZRX/USD
0.2942,0.296,0.2916,0.295,1546308000,88667.99,26064.95,ZRX/USD
0.2985,0.2991,0.2922,0.2942,1546311600,150980.8,44662.43,ZRX/USD
0.2975,0.301,0.2968,0.2985,1546315200,172162.66,51372.42,ZRX/USD
0.2975,0.3005,0.296,0.2975,1546318800,45129.79,13426.95,ZRX/USD
0.3012,0.3098,0.2975,0.2975,1546322400,101485.59,30512.49,ZRX/USD
0.3006,0.3022,0.2993,0.3012,1546326000,23683.64,7137.98,ZRX/USD
0.3005,0.3018,0.2995,0.3006,1546329600,33092.72,9936.76,ZRX/USD
0.3006,0.3018,0.2992,0.3005,1546333200,46699.13,14002.96,ZRX/USD
0.301,0.3035,0.2995,0.3006,1546336800,24508.55,7364.5,ZRX/USD
0.3046,0.3046,0.2995,0.301,1546340400,50351.64,15168.87,ZRX/USD
0.3022,0.3061,0.3016,0.3046,1546344000,45750.14,13932.55,ZRX/USD
0.3053,0.3076,0.2992,0.3022,1546347600,49566.06,15022.35,ZRX/USD
0.3047,0.3058,0.3022,0.3053,1546351200,69562.56,21375.4,ZRX/USD
0.2999,0.3047,0.2985,0.3047,1546354800,60271.86,18149.23,ZRX/USD
0.3026,0.3037,0.299,0.2999,1546358400,59931.08,18115.28,ZRX/USD
0.3041,0.3056,0.3021,0.3026,1546362000,89166.43,27065.77,ZRX/USD
0.3033,0.3042,0.299,0.3041,1546365600,92288.62,27832.46,ZRX/USD
0.3097,0.3116,0.3027,0.3033,1546369200,78437.26,24264.41,ZRX/USD
0.3118,0.3185,0.3095,0.3097,1546372800,309850.42,97680.95,ZRX/USD
0.31,0.3138,0.31,0.3118,1546376400,102443.94,31964.22,ZRX/USD
0.3106,0.3125,0.307,0.31,1546380000,137769.7,43003.53,ZRX/USD
0.3181,0.3181,0.3075,0.3106,1546383600,128405.38,40210.83,ZRX/USD
0.3145,0.3182,0.3118,0.3181,1546387200,103203.68,32434.82,ZRX/USD
0.3137,0.316,0.3124,0.3145,1546390800,59154.76,18668.38,ZRX/USD
0.3131,0.3137,0.3109,0.3137,1546394400,45884.23,14279.99,ZRX/USD
0.3153,0.3159,0.3119,0.3131,1546398000,59034.4,18565.15,ZRX/USD
0.3142,0.3161,0.3132,0.3153,1546401600,21013.89,6614.1,ZRX/USD
0.3163,0.3169,0.3142,0.3142,1546405200,38889.42,12321.85,ZRX/USD
0.32,0.3208,0.3163,0.3163,1546408800,42184.12,13488.75,ZRX/USD
0.3235,0.3251,0.3197,0.32,1546412400,125714.94,40579.89,ZRX/USD
0.3225,0.3272,0.3214,0.3235,1546416000,140447.06,45546.82,ZRX/USD
0.324,0.3246,0.3218,0.3225,1546419600,67279.51,21717.73,ZRX/USD
0.3233,0.3259,0.3211,0.324,1546423200,103913.71,33967.98,ZRX/USD
0.3222,0.3239,0.3208,0.3233,1546426800,30911.84,9964.9,ZRX/USD
0.3208,0.3229,0.32,0.3222,1546430400,46427.87,14993.35,ZRX/USD
0.328,0.3284,0.3208,0.3208,1546434000,159701.36,52775.19,ZRX/USD
0.323,0.3286,0.3229,0.328,1546437600,84672.04,27725.69,ZRX/USD
0.3223,0.3256,0.3217,0.323,1546441200,122775.5,39578.52,ZRX/USD
0.3243,0.3264,0.3217,0.3223,1546444800,211797.92,68510.35,ZRX/USD
0.3246,0.3258,0.323,0.3243,1546448400,137759.59,44698.68,ZRX/USD
0.3235,0.3257,0.3209,0.3246,1546452000,120901.26,38955.55,ZRX/USD
0.3238,0.3265,0.3228,0.3235,1546455600,120799.05,39098.2,ZRX/USD
0.326,0.3261,0.3214,0.3238,1546459200,105002.53,34022.09,ZRX/USD
0.3278,0.3291,0.322,0.326,1546462800,252566.97,82116.69,ZRX/USD
0.3267,0.3281,0.3231,0.3278,1546466400,152834.48,49590.38,ZRX/USD
0.3267,0.3312,0.326,0.3267,1546470000,287672.98,94174.15,ZRX/USD
0.3252,0.3277,0.3252,0.3267,1546473600,142009.34,46760.03,ZRX/USD
0.3241,0.3262,0.3234,0.3252,1546477200,151878.34,49924.11,ZRX/USD
0.3236,0.3257,0.3232,0.3241,1546480800,112155.28,36206.9,ZRX/USD
0.3246,0.3274,0.3236,0.3236,1546484400,123034.85,40208.97,ZRX/USD
0.327,0.327,0.3235,0.3246,1546488000,54450.03,17679.02,ZRX/USD
0.3236,0.327,0.3222,0.327,1546491600,247611.93,79801.26,ZRX/USD
0.3262,0.3263,0.3228,0.3236,1546495200,52391.26,17337.53,ZRX/USD
0.3252,0.3262,0.3213,0.3262,1546498800,57606.54,18706.76,ZRX/USD
0.3251,0.3269,0.3247,0.3252,1546502400,39976.56,13095.83,ZRX/USD
0.3226,0.3252,0.3193,0.3251,1546506000,205363.56,66040.72,ZRX/USD
0.3275,0.3275,0.3215,0.3226,1546509600,40027.56,13060.49,ZRX/USD
0.3281,0.3284,0.3264,0.3275,1546513200,123743.75,40572.58,ZRX/USD
0.3276,0.3283,0.3257,0.3281,1546516800,75467.79,24566.88,ZRX/USD
0.3282,0.3282,0.3261,0.3276,1546520400,88052.2,28920.23,ZRX/USD
0.3261,0.3282,0.3252,0.3282,1546524000,76665.48,25099.72,ZRX/USD
0.3241,0.3273,0.3241,0.3261,1546527600,60321.95,19578.67,ZRX/USD
0.3177,0.3267,0.3169,0.3241,1546531200,225943.78,72466.79,ZRX/USD
0.3197,0.3197,0.3168,0.3177,1546534800,80227.79,25670.8,ZRX/USD
0.3195,0.3197,0.3178,0.3197,1546538400,56716.05,18084.2,ZRX/USD
0.3164,0.3196,0.3164,0.3195,1546542000,66203.85,20979.0,ZRX/USD
0.3173,0.3193,0.316,0.3164,1546545600,67790.91,21481.28,ZRX/USD
0.3188,0.3191,0.3163,0.3173,1546549200,27446.98,8734.53,ZRX/USD
0.3187,0.3193,0.3169,0.3188,1546552800,76943.27,24480.41,ZRX/USD
0.3183,0.3189,0.3178,0.3187,1546556400,35140.19,11154.47,ZRX/USD
0.3175,0.3191,0.3155,0.3183,1546560000,163364.61,52920.16,ZRX/USD
0.3209,0.3216,0.3172,0.3175,1546563600,148570.44,47417.99,ZRX/USD
0.3186,0.321,0.3179,0.3209,1546567200,35365.78,11313.69,ZRX/USD
0.3226,0.3227,0.3165,0.3186,1546570800,55355.52,17741.82,ZRX/USD
0.322,0.3228,0.3203,0.3226,1546574400,41386.27,13331.43,ZRX/USD
0.3222,0.3227,0.32,0.322,1546578000,37763.57,12173.42,ZRX/USD
0.3225,0.3245,0.3215,0.3222,1546581600,23875.46,7729.62,ZRX/USD
0.3228,0.3235,0.3205,0.3225,1546585200,18111.55,5819.52,ZRX/USD
0.3213,0.3245,0.3213,0.3228,1546588800,48292.92,15610.45,ZRX/USD
0.319,0.3219,0.3181,0.3213,1546592400,47039.52,15079.44,ZRX/USD
0.3194,0.3194,0.3165,0.319,1546596000,14432.94,4589.75,ZRX/USD
0.3181,0.3211,0.318,0.3194,1546599600,21024.79,6708.71,ZRX/USD
0.3181,0.3201,0.3175,0.3181,1546603200,39021.79,12580.15,ZRX/USD
0.3187,0.3195,0.3166,0.3181,1546606800,71335.82,22706.58,ZRX/USD
0.3157,0.3192,0.3157,0.3187,1546610400,102759.85,33028.82,ZRX/USD
0.3132,0.3173,0.3132,0.3157,1546614000,88810.76,28011.4,ZRX/USD
0.3193,0.3196,0.3132,0.3132,1546617600,37836.3,12032.35,ZRX/USD
0.3175,0.3197,0.3157,0.3193,1546621200,46720.77,14859.18,ZRX/USD
0.3183,0.3193,0.316,0.3175,1546624800,28654.54,9076.23,ZRX/USD
0.3167,0.319,0.3154,0.3183,1546628400,22577.95,7173.66,ZRX/USD
0.3185,0.3194,0.3154,0.3167,1546632000,121334.0,38512.15,ZRX/USD
0.3229,0.3233,0.3184,0.3185,1546635600,133686.47,42782.62,ZRX/USD
0.3209,0.323,0.3197,0.3229,1546639200,57031.87,18331.56,ZRX/USD
0.3219,0.3223,0.319,0.3209,1546642800,53562.3,17116.14,ZRX/USD
0.3232,0.3264,0.3215,0.3219,1546646400,216767.27,70173.2,ZRX/USD
0.323,0.3246,0.3208,0.3232,1546650000,110399.5,35884.77,ZRX/USD
0.3243,0.3256,0.3219,0.323,1546653600,47960.15,15577.24,ZRX/USD
0.323,0.3256,0.3221,0.3243,1546657200,32902.32,10661.89,ZRX/USD
0.3255,0.3266,0.3223,0.323,1546660800,100706.63,32677.79,ZRX/USD
0.3248,0.3261,0.322,0.3255,1546664400,93635.34,30204.85,ZRX/USD
0.3225,0.326,0.3225,0.3248,1546668000,40042.62,13076.11,ZRX/USD
0.3224,0.3231,0.3203,0.3225,1546671600,13403.85,4296.9,ZRX/USD
0.3227,0.3236,0.3211,0.3224,1546675200,60884.09,19553.17,ZRX/USD
0.3224,0.3238,0.3208,0.3227,1546678800,27843.89,8966.67,ZRX/USD
0.3225,0.3225,0.3199,0.3224,1546682400,6997.1,2266.3,ZRX/USD
0.323,0.3243,0.3203,0.3225,1546686000,22122.8,7189.09,ZRX/USD
0.3216,0.3234,0.321,0.323,1546689600,53195.47,17118.63,ZRX/USD
0.3217,0.3224,0.3201,0.3216,1546693200,82794.55,26616.35,ZRX/USD
0.3215,0.3233,0.3205,0.3217,1546696800,81487.68,26191.11,ZRX/USD
0.3226,0.3252,0.3215,0.3215,1546700400,79746.17,25828.62,ZRX/USD
0.3223,0.323,0.3193,0.3226,1546704000,169598.3,54638.57,ZRX/USD
0.3241,0.3262,0.3216,0.3223,1546707600,243960.05,79016.12,ZRX/USD
0.3231,0.3242,0.3223,0.3241,1546711200,53747.77,17434.19,ZRX/USD
0.3231,0.3242,0.3223,0.3231,1546714800,45692.08,14758.05,ZRX/USD
0.3233,0.3235,0.3211,0.3231,1546718400,44575.24,14365.52,ZRX/USD
0.323,0.3244,0.3216,0.3233,1546722000,47814.36,15420.42,ZRX/USD
0.3204,0.3244,0.3204,0.323,1546725600,92679.39,29924.13,ZRX/USD
0.3219,0.3223,0.318,0.3204,1546729200,102872.59,32952.4,ZRX/USD
0.3215,0.3224,0.3192,0.3219,1546732800,62216.82,19916.95,ZRX/USD
0.3214,0.3237,0.3198,0.3215,1546736400,85538.56,27477.72,ZRX/USD
0.3227,0.324,0.3197,0.3214,1546740000,85142.92,27373.25,ZRX/USD
0.3225,0.324,0.3203,0.3227,1546743600,44845.21,14414.3,ZRX/USD
0.3219,0.3226,0.3207,0.3225,1546747200,20381.47,6576.07,ZRX/USD
0.322,0.3231,0.3211,0.3219,1546750800,40800.68,13130.87,ZRX/USD
0.322,0.322,0.3206,0.322,1546754400,12916.31,4148.98,ZRX/USD
0.321,0.322,0.3208,0.322,1546758000,17822.48,5734.0,ZRX/USD
0.321,0.322,0.3208,0.321,1546761600,36312.91,11674.58,ZRX/USD
0.3218,0.3222,0.3204,0.321,1546765200,70395.58,22793.96,ZRX/USD
0.3241,0.3246,0.3207,0.3218,1546768800,47896.51,15490.6,ZRX/USD
0.323,0.325,0.3227,0.3241,1546772400,25650.32,8353.51,ZRX/USD
0.3239,0.3243,0.3228,0.323,1546776000,24001.82,7851.28,ZRX/USD
0.3244,0.325,0.3219,0.3239,1546779600,49803.45,16159.63,ZRX/USD
0.3231,0.3244,0.3229,0.3244,1546783200,38173.74,12347.62,ZRX/USD
0.326,0.3267,0.3229,0.3231,1546786800,98534.32,32353.95,ZRX/USD
0.3271,0.3271,0.325,0.326,1546790400,82377.81,27030.58,ZRX/USD
0.3392,0.3402,0.3269,0.3271,1546794000,523170.73,175873.7,ZRX/USD
0.339,0.3412,0.3363,0.3392,1546797600,163862.09,55657.52,ZRX/USD
0.3393,0.3393,0.3378,0.339,1546801200,145552.54,49114.0,ZRX/USD
0.3384,0.3413,0.3368,0.3393,1546804800,80271.12,27215.77,ZRX/USD
0.3376,0.3386,0.3354,0.3384,1546808400,139960.45,47103.81,ZRX/USD
0.3357,0.3392,0.3349,0.3376,1546812000,81480.44,27504.43,ZRX/USD
0.3393,0.3398,0.3357,0.3357,1546815600,89924.11,30561.13,ZRX/USD
0.338,0.3398,0.337,0.3393,1546819200,142510.66,48034.17,ZRX/USD
0.3352,0.3387,0.3345,0.338,1546822800,149995.09,50474.04,ZRX/USD
0.3335,0.3353,0.3321,0.3352,1546826400,125582.36,41748.76,ZRX/USD
0.3355,0.3357,0.333,0.3335,1546830000,68899.64,22961.28,ZRX/USD
0.3368,0.3377,0.334,0.3355,1546833600,30848.33,10425.33,ZRX/USD
0.3384,0.3384,0.3348,0.3368,1546837200,115193.21,38847.58,ZRX/USD
0.3378,0.3385,0.3365,0.3384,1546840800,46310.05,15768.68,ZRX/USD
0.3357,0.338,0.3354,0.3378,1546844400,31014.55,10432.95,ZRX/USD
0.3372,0.3382,0.3352,0.3357,1546848000,30606.88,10301.25,ZRX/USD
0.3311,0.3383,0.3298,0.3372,1546851600,152418.02,51364.45,ZRX/USD
0.3285,0.3338,0.3281,0.3311,1546855200,60991.55,20084.15,ZRX/USD
0.3332,0.3345,0.3285,0.3285,1546858800,54495.76,18056.72,ZRX/USD
0.3331,0.3343,0.3311,0.3332,1546862400,18141.06,6034.29,ZRX/USD
0.3313,0.3331,0.331,0.3331,1546866000,52212.36,17339.3,ZRX/USD
0.331,0.3322,0.33,0.3313,1546869600,67610.56,22384.67,ZRX/USD
0.325,0.333,0.3248,0.331,1546873200,397000.04,130409.7,ZRX/USD
0.3253,0.3265,0.322,0.325,1546876800,380688.15,122962.54,ZRX/USD
0.3229,0.3265,0.3225,0.3253,1546880400,160521.12,51970.86,ZRX/USD
0.3246,0.3269,0.3226,0.3229,1546884000,152737.48,49980.2,ZRX/USD
0.3225,0.3264,0.3215,0.3246,1546887600,426146.26,137492.26,ZRX/USD
0.3221,0.3239,0.3212,0.3225,1546891200,53536.04,17291.7,ZRX/USD
0.3228,0.3249,0.3218,0.3221,1546894800,94510.24,30552.93,ZRX/USD
0.3227,0.3233,0.3213,0.3228,1546898400,58889.01,19259.5,ZRX/USD
0.3244,0.3244,0.3216,0.3227,1546902000,53311.86,17213.5,ZRX/USD
0.3254,0.3255,0.3228,0.3244,1546905600,48178.75,15654.74,ZRX/USD
0.3223,0.3254,0.3212,0.3254,1546909200,57308.39,18485.75,ZRX/USD
0.3208,0.3237,0.3191,0.3223,1546912800,118458.46,38256.4,ZRX/USD
0.321,0.3213,0.3196,0.3208,1546916400,15683.43,5042.45,ZRX/USD
0.3199,0.3217,0.3197,0.321,1546920000,23262.33,7444.2,ZRX/USD
0.3217,0.322,0.3198,0.3199,1546923600,33743.78,10827.9,ZRX/USD
0.321,0.3219,0.3199,0.3217,1546927200,36007.92,11548.49,ZRX/USD
0.3221,0.3236,0.3208,0.321,1546930800,115124.21,37087.28,ZRX/USD
0.3225,0.3229,0.3209,0.3221,1546934400,25099.02,8100.98,ZRX/USD
0.3239,0.3239,0.3211,0.3225,1546938000,71704.91,23138.47,ZRX/USD
0.3223,0.324,0.3223,0.3239,1546941600,9582.76,3100.07,ZRX/USD
0.3263,0.3269,0.3223,0.3223,1546945200,169464.03,55110.51,ZRX/USD
0.3273,0.328,0.3245,0.3263,1546948800,35802.71,11781.9,ZRX/USD
0.3332,0.3337,0.3273,0.3273,1546952400,102458.01,34178.48,ZRX/USD
0.3326,0.3333,0.3313,0.3332,1546956000,58566.14,19504.43,ZRX/USD
0.3312,0.336,0.3309,0.3326,1546959600,197349.65,65634.43,ZRX/USD
0.33,0.3324,0.3276,0.3312,1546963200,154933.17,50964.99,ZRX/USD
0.3279,0.33,0.3275,0.33,1546966800,38483.29,12626.58,ZRX/USD
0.3259,0.3279,0.324,0.3279,1546970400,112402.12,36617.95,ZRX/USD
0.3261,0.3274,0.3248,0.3259,1546974000,45702.46,14884.17,ZRX/USD
0.3225,0.3262,0.322,0.3261,1546977600,167960.57,54548.82,ZRX/USD
0.3252,0.3252,0.3225,0.3225,1546981200,59594.11,19282.84,ZRX/USD
0.3274,0.3274,0.3237,0.3252,1546984800,129424.32,42207.88,ZRX/USD
0.3253,0.3274,0.3246,0.3274,1546988400,63121.95,20599.36,ZRX/USD
0.3261,0.3275,0.3241,0.3253,1546992000,47763.67,15590.65,ZRX/USD
0.3278,0.328,0.324,0.3261,1546995600,134277.72,43777.47,ZRX/USD
0.3276,0.3285,0.3266,0.3278,1546999200,62559.63,20411.33,ZRX/USD
0.3245,0.3283,0.3236,0.3276,1547002800,124795.03,40653.53,ZRX/USD
0.3264,0.3267,0.3242,0.3245,1547006400,63191.1,20634.54,ZRX/USD
0.3261,0.3266,0.3248,0.3264,1547010000,38228.85,12456.6,ZRX/USD
0.3262,0.3266,0.3237,0.3261,1547013600,40284.44,13091.69,ZRX/USD
0.3283,0.3283,0.3242,0.3262,1547017200,91811.71,30125.82,ZRX/USD
0.328,0.329,0.3257,0.3283,1547020800,20710.27,6804.61,ZRX/USD
0.3278,0.3295,0.3272,0.328,1547024400,19803.52,6531.92,ZRX/USD
0.3274,0.3296,0.3263,0.3278,1547028000,29418.13,9669.81,ZRX/USD
0.3295,0.3302,0.3264,0.3274,1547031600,30097.88,9938.04,ZRX/USD
0.3284,0.3298,0.3272,0.3295,1547035200,32042.29,10517.67,ZRX/USD
0.324,0.3285,0.324,0.3284,1547038800,75268.48,24494.5,ZRX/USD
0.3243,0.3266,0.3236,0.324,1547042400,90139.17,29259.14,ZRX/USD
0.3243,0.3269,0.323,0.3243,1547046000,101195.31,32882.06,ZRX/USD
0.3262,0.3269,0.3243,0.3243,1547049600,136023.48,44520.12,ZRX/USD
0.3234,0.3262,0.3221,0.3262,1547053200,56465.61,18253.08,ZRX/USD
0.3252,0.3253,0.3221,0.3234,1547056800,44730.29,14509.38,ZRX/USD
0.3253,0.3253,0.3227,0.3252,1547060400,44101.04,14317.59,ZRX/USD
0.3263,0.327,0.3251,0.3253,1547064000,96855.82,31549.07,ZRX/USD
0.3271,0.3278,0.3257,0.3263,1547067600,38057.71,12382.99,ZRX/USD
0.3264,0.3275,0.324,0.3271,1547071200,29927.87,9718.66,ZRX/USD
0.3255,0.3265,0.3242,0.3264,1547074800,43858.37,14256.56,ZRX/USD
0.3277,0.3277,0.325,0.3255,1547078400,123160.55,40008.08,ZRX/USD
0.3267,0.3284,0.3259,0.3277,1547082000,63150.33,20685.21,ZRX/USD
0.3257,0.3276,0.3252,0.3267,1547085600,29559.59,9634.48,ZRX/USD
0.3256,0.3263,0.3226,0.3257,1547089200,189406.31,61247.74,ZRX/USD
0.3273,0.3276,0.3236,0.3256,1547092800,54543.0,17767.84,ZRX/USD
0.3255,0.3281,0.325,0.3273,1547096400,50732.89,16542.0,ZRX/USD
0.3035,0.3275,0.3026,0.3255,1547100000,535822.64,168901.05,ZRX/USD
0.3042,0.3042,0.3018,0.3035,1547103600,193272.82,58415.28,ZRX/USD
0.3077,0.3103,0.3042,0.3042,1547107200,158057.25,48677.9,ZRX/USD
0.2982,0.3077,0.2977,0.3077,1547110800,336931.6,101534.04,ZRX/USD
0.2948,0.2982,0.2938,0.2982,1547114400,260932.86,77235.31,ZRX/USD
0.295,0.2964,0.2936,0.2948,1547118000,123153.15,36505.21,ZRX/USD
0.2953,0.2965,0.2929,0.295,1547121600,157514.31,46459.35,ZRX/USD
0.2938,0.2953,0.2919,0.2953,1547125200,173988.8,51191.01,ZRX/USD
0.2956,0.2956,0.2925,0.2938,1547128800,117766.68,34705.42,ZRX/USD
0.2951,0.296,0.2932,0.2956,1547132400,226095.18,67132.16,ZRX/USD
0.2814,0.2956,0.2804,0.2951,1547136000,654719.91,187083.96,ZRX/USD
0.2792,0.2814,0.2783,0.2814,1547139600,331850.06,92443.4,ZRX/USD
0.2792,0.2815,0.2781,0.2792,1547143200,171854.15,47829.91,ZRX/USD
0.2846,0.2864,0.2788,0.2792,1547146800,286236.63,80698.28,ZRX/USD
0.2863,0.288,0.2844,0.2846,1547150400,359819.68,103097.68,ZRX/USD
0.2862,0.2884,0.2846,0.2863,1547154000,98652.24,28240.37,ZRX/USD
0.2849,0.2865,0.282,0.2862,1547157600,118160.55,33571.12,ZRX/USD
0.284,0.2849,0.2825,0.2849,1547161200,94957.64,26919.05,ZRX/USD
0.2876,0.2876,0.2818,0.284,1547164800,135295.72,38656.8,ZRX/USD
0.2865,0.2887,0.2851,0.2876,1547168400,55613.83,15915.94,ZRX/USD
0.2859,0.2875,0.2849,0.2865,1547172000,89248.55,25493.43,ZRX/USD
0.2856,0.2859,0.283,0.2859,1547175600,114036.91,32414.86,ZRX/USD
0.2805,0.2867,0.2805,0.2856,1547179200,116949.81,33064.64,ZRX/USD
0.2813,0.283,0.279,0.2805,1547182800,90116.17,25321.8,ZRX/USD
0.2837,0.2842,0.28,0.2813,1547186400,38908.81,10953.5,ZRX/USD
0.2848,0.2865,0.2815,0.2837,1547190000,25822.72,7330.23,ZRX/USD
0.2864,0.2879,0.2848,0.2848,1547193600,43743.23,12671.14,ZRX/USD
0.2858,0.2899,0.2858,0.2864,1547197200,38860.91,11213.59,ZRX/USD
0.286,0.2866,0.2841,0.2858,1547200800,34811.77,9965.22,ZRX/USD
0.286,0.2875,0.2841,0.286,1547204400,37631.46,10731.9,ZRX/USD
0.2875,0.2879,0.2845,0.286,1547208000,48795.16,13953.25,ZRX/USD
0.2833,0.2879,0.2832,0.2875,1547211600,49598.21,14122.22,ZRX/USD
0.2881,0.2886,0.2833,0.2833,1547215200,76875.82,22015.42,ZRX/USD
0.2858,0.2891,0.2854,0.2881,1547218800,151801.2,43515.92,ZRX/USD
0.2857,0.287,0.2835,0.2858,1547222400,74091.42,21124.26,ZRX/USD
0.29,0.29,0.2853,0.2857,1547226000,129486.68,37279.67,ZRX/USD
0.2882,0.2901,0.2875,0.29,1547229600,45979.57,13273.46,ZRX/USD
0.2887,0.2905,0.2874,0.2882,1547233200,109353.92,31632.38,ZRX/USD
0.2869,0.2901,0.2869,0.2887,1547236800,49365.29,14214.59,ZRX/USD
0.2877,0.2901,0.2869,0.2869,1547240400,71022.03,20523.58,ZRX/USD
0.2849,0.2877,0.2832,0.2877,1547244000,72024.26,20588.53,ZRX/USD
0.2849,0.2854,0.2808,0.2849,1547247600,337947.42,95539.19,ZRX/USD
0.2849,0.2854,0.2826,0.2849,1547251200,42115.6,12025.26,ZRX/USD
0.284,0.2851,0.2821,0.2849,1547254800,75679.37,21516.36,ZRX/USD
0.2828,0.284,0.28,0.284,1547258400,81886.28,23166.57,ZRX/USD
0.2845,0.2848,0.2806,0.2828,1547262000,48746.14,13819.54,ZRX/USD
0.2838,0.2851,0.2828,0.2845,1547265600,38923.2,11047.99,ZRX/USD
0.2837,0.2865,0.2837,0.2838,1547269200,124581.94,35543.07,ZRX/USD
0.2833,0.2855,0.282,0.2837,1547272800,51952.67,14772.29,ZRX/USD
0.2837,0.2854,0.2829,0.2833,1547276400,44078.27,12524.87,ZRX/USD
0.2827,0.2852,0.282,0.2837,1547280000,14302.87,4062.12,ZRX/USD
0.2829,0.2837,0.2817,0.2827,1547283600,20693.29,5840.72,ZRX/USD
0.283,0.2848,0.2818,0.2829,1547287200,84899.39,24205.88,ZRX/USD
0.2832,0.2837,0.2816,0.283,1547290800,14276.57,4026.61,ZRX/USD
0.2833,0.2841,0.2814,0.2832,1547294400,78411.76,22091.83,ZRX/USD
0.2843,0.2843,0.2815,0.2833,1547298000,22591.23,6418.19,ZRX/USD
0.2832,0.2843,0.2818,0.2843,1547301600,37407.09,10670.18,ZRX/USD
0.2825,0.2839,0.2817,0.2832,1547305200,38029.24,10796.5,ZRX/USD
0.2818,0.2827,0.281,0.2825,1547308800,40292.03,11395.72,ZRX/USD
0.281,0.2847,0.2806,0.2818,1547312400,141525.29,39842.81,ZRX/USD
0.2834,0.2837,0.281,0.281,1547316000,28975.58,8186.93,ZRX/USD
0.2811,0.2836,0.2805,0.2834,1547319600,91291.78,25699.13,ZRX/USD
0.2812,0.2822,0.2804,0.2811,1547323200,36622.37,10326.85,ZRX/USD
0.2813,0.2821,0.28,0.2812,1547326800,52669.5,14801.51,ZRX/USD
0.2822,0.2829,0.2809,0.2813,1547330400,46174.27,13061.25,ZRX/USD
0.2816,0.2823,0.2802,0.2822,1547334000,29966.34,8430.17,ZRX/USD
0.2816,0.2824,0.28,0.2816,1547337600,20571.94,5785.05,ZRX/USD
0.2815,0.282,0.2795,0.2816,1547341200,66156.81,18585.43,ZRX/USD
0.2811,0.2825,0.2803,0.2815,1547344800,34908.09,9815.47,ZRX/USD
0.2834,0.2843,0.2811,0.2811,1547348400,71613.07,20228.71,ZRX/USD
0.2854,0.2856,0.2824,0.2834,1547352000,46026.6,13073.19,ZRX/USD
0.2834,0.2856,0.2826,0.2854,1547355600,49230.33,13946.73,ZRX/USD
0.283,0.2834,0.2818,0.2834,1547359200,34737.87,9818.59,ZRX/USD
0.2827,0.2846,0.2821,0.283,1547362800,31241.8,8924.22,ZRX/USD
0.2839,0.2852,0.2827,0.2827,1547366400,40773.38,11793.42,ZRX/USD
0.2828,0.2848,0.2826,0.2839,1547370000,60433.68,17136.38,ZRX/USD
0.285,0.285,0.2828,0.2828,1547373600,36796.04,10469.65,ZRX/USD
0.286,0.286,0.2843,0.285,1547377200,25247.79,7197.65,ZRX/USD
0.2842,0.2876,0.2833,0.286,1547380800,51438.01,14791.99,ZRX/USD
0.2883,0.2887,0.2838,0.2842,1547384400,20998.35,5997.58,ZRX/USD
0.2843,0.2894,0.2843,0.2883,1547388000,123134.55,35283.09,ZRX/USD
0.2845,0.2853,0.2829,0.2843,1547391600,56160.09,15999.61,ZRX/USD
0.2709,0.2846,0.2705,0.2845,1547395200,399395.0,110020.68,ZRX/USD
0.2663,0.271,0.265,0.2709,1547398800,290125.26,77593.02,ZRX/USD
0.2641,0.2693,0.2641,0.2663,1547402400,141132.51,37551.43,ZRX/USD
0.2655,0.267,0.2641,0.2641,1547406000,168118.58,44777.35,ZRX/USD
0.266,0.2671,0.2645,0.2655,1547409600,82379.76,21906.25,ZRX/USD
0.2698,0.2701,0.2636,0.266,1547413200,301149.31,80199.5,ZRX/USD
0.2683,0.2698,0.2661,0.2698,1547416800,92340.42,24729.41,ZRX/USD
0.269,0.2699,0.2665,0.2683,1547420400,111858.0,30141.99,ZRX/USD
0.2664,0.2701,0.2664,0.269,1547424000,151870.73,41493.52,ZRX/USD
0.2686,0.269,0.2663,0.2664,1547427600,95353.18,25537.81,ZRX/USD
0.2695,0.2712,0.2678,0.2686,1547431200,250923.58,67469.51,ZRX/USD
0.2699,0.27,0.2682,0.2695,1547434800,46227.13,12454.91,ZRX/USD
0.2692,0.2709,0.2687,0.2699,1547438400,47974.7,12942.17,ZRX/USD
0.2702,0.2712,0.2681,0.2692,1547442000,144803.19,39164.72,ZRX/USD
0.2702,0.2723,0.2692,0.2702,1547445600,38914.11,10544.37,ZRX/USD
0.2742,0.2779,0.2702,0.2702,1547449200,141687.47,38942.46,ZRX/USD
0.2743,0.2766,0.2722,0.2742,1547452800,27075.17,7442.42,ZRX/USD
0.2763,0.2763,0.2743,0.2743,1547456400,14758.21,4073.78,ZRX/USD
0.2744,0.2786,0.2738,0.2763,1547460000,30099.86,8351.25,ZRX/USD
0.274,0.2759,0.2729,0.2744,1547463600,27089.42,7464.54,ZRX/USD
0.276,0.277,0.2729,0.274,1547467200,9985.94,2748.36,ZRX/USD
0.2754,0.2774,0.2736,0.276,1547470800,41414.47,11425.37,ZRX/USD
0.2763,0.2771,0.2732,0.2754,1547474400,68280.13,18850.99,ZRX/USD
0.2907,0.2912,0.2749,0.2763,1547478000,171642.33,49196.66,ZRX/USD
0.2911,0.2929,0.2895,0.2907,1547481600,117142.14,34153.2,ZRX/USD
0.2919,0.2951,0.2901,0.2911,1547485200,78769.32,23033.38,ZRX/USD
0.2932,0.294,0.2914,0.2919,1547488800,73936.35,21644.8,ZRX/USD
0.2915,0.2932,0.2912,0.2932,1547492400,35152.83,10276.73,ZRX/USD
0.2875,0.2931,0.2871,0.2915,1547496000,124876.88,36039.36,ZRX/USD
0.2864,0.2882,0.285,0.2875,1547499600,69740.12,19924.24,ZRX/USD
0.2844,0.2878,0.2828,0.2864,1547503200,161272.05,45877.64,ZRX/USD
0.2845,0.2861,0.2834,0.2844,1547506800,45047.91,12831.42,ZRX/USD
0.2847,0.2856,0.2835,0.2845,1547510400,24373.55,6937.45,ZRX/USD
0.2845,0.2866,0.2838,0.2847,1547514000,58163.01,16574.47,ZRX/USD
0.2845,0.2851,0.2826,0.2845,1547517600,56553.85,16038.73,ZRX/USD
0.2839,0.2848,0.2828,0.2845,1547521200,20918.79,5924.0,ZRX/USD
0.2855,0.2855,0.2829,0.2839,1547524800,39427.02,11202.24,ZRX/USD
0.2849,0.2871,0.2841,0.2855,1547528400,43650.47,12479.49,ZRX/USD
0.2878,0.2878,0.2843,0.2849,1547532000,17480.53,5012.34,ZRX/USD
0.2906,0.2915,0.2878,0.2878,1547535600,45768.06,13289.84,ZRX/USD
0.2886,0.291,0.2875,0.2906,1547539200,18479.78,5408.45,ZRX/USD
0.2868,0.2887,0.2868,0.2886,1547542800,44414.19,12756.9,ZRX/USD
0.2879,0.2881,0.2859,0.2868,1547546400,34713.71,9970.9,ZRX/USD
0.2896,0.2896,0.2872,0.2879,1547550000,19947.43,5748.77,ZRX/USD
0.2873,0.29,0.2861,0.2896,1547553600,71380.23,20673.44,ZRX/USD
0.2891,0.2904,0.2857,0.2873,1547557200,51518.53,14779.06,ZRX/USD
0.2859,0.2901,0.2852,0.2891,1547560800,65009.17,18612.58,ZRX/USD
0.2884,0.2892,0.2855,0.2859,1547564400,133933.77,38752.72,ZRX/USD
0.2869,0.2885,0.2858,0.2884,1547568000,50072.59,14350.94,ZRX/USD
0.2868,0.287,0.2851,0.2869,1547571600,62242.01,17780.87,ZRX/USD
0.2852,0.2884,0.2846,0.2868,1547575200,36002.05,10297.75,ZRX/USD
0.286,0.2879,0.2844,0.2852,1547578800,47391.72,13542.0,ZRX/USD
0.2793,0.287,0.2769,0.286,1547582400,157234.28,44309.49,ZRX/USD
0.2776,0.2801,0.2768,0.2793,1547586000,112237.1,31145.56,ZRX/USD
0.2777,0.2792,0.277,0.2776,1547589600,65392.69,18145.98,ZRX/USD
0.2806,0.2827,0.2777,0.2777,1547593200,99444.27,27936.82,ZRX/USD
0.2813,0.2817,0.2776,0.2806,1547596800,84850.18,23672.08,ZRX/USD
0.282,0.2829,0.2809,0.2813,1547600400,17099.4,4825.79,ZRX/USD
0.2866,0.2866,0.2812,0.282,1547604000,103409.89,29162.31,ZRX/USD
0.2865,0.2878,0.2854,0.2866,1547607600,152613.01,43689.67,ZRX/USD
0.2895,0.2916,0.2858,0.2865,1547611200,83740.31,24182.42,ZRX/USD
0.2893,0.2901,0.2882,0.2895,1547614800,50409.21,14551.15,ZRX/USD
0.2894,0.291,0.2876,0.2893,1547618400,91913.96,26659.28,ZRX/USD
0.2873,0.2896,0.2873,0.2894,1547622000,152114.72,44825.88,ZRX/USD
0.2906,0.2917,0.2866,0.2873,1547625600,48314.29,14046.69,ZRX/USD
0.2866,0.2915,0.2866,0.2906,1547629200,28014.82,8062.57,ZRX/USD
0.2869,0.2878,0.2859,0.2866,1547632800,25901.26,7487.36,ZRX/USD
0.2885,0.2894,0.2862,0.2869,1547636400,19730.41,5659.69,ZRX/USD
0.2911,0.2927,0.2884,0.2885,1547640000,59346.62,17291.42,ZRX/USD
0.2961,0.2967,0.291,0.2911,1547643600,101016.62,29737.14,ZRX/USD
0.3022,0.3054,0.2956,0.2961,1547647200,313194.44,94301.41,ZRX/USD
0.2965,0.3023,0.2944,0.3022,1547650800,199923.91,59517.56,ZRX/USD
0.297,0.3001,0.2961,0.2965,1547654400,94988.31,28217.03,ZRX/USD
0.2976,0.2994,0.297,0.297,1547658000,98376.75,29268.56,ZRX/USD
0.2962,0.3008,0.2962,0.2976,1547661600,141396.73,42842.62,ZRX/USD
0.2941,0.2978,0.2941,0.2962,1547665200,100151.38,29450.08,ZRX/USD
0.2939,0.296,0.2934,0.2941,1547668800,95585.82,28134.26,ZRX/USD
0.2957,0.2971,0.2929,0.2939,1547672400,66946.23,19661.42,ZRX/USD
0.2947,0.2968,0.2939,0.2957,1547676000,66571.77,19674.67,ZRX/USD
0.2966,0.2966,0.2934,0.2947,1547679600,33964.37,10020.57,ZRX/USD
0.3009,0.3009,0.296,0.2966,1547683200,153712.38,45954.97,ZRX/USD
0.3048,0.3048,0.3004,0.3009,1547686800,191640.58,57921.04,ZRX/USD
0.2954,0.305,0.2954,0.3048,1547690400,120390.71,36405.8,ZRX/USD
0.2917,0.2973,0.2912,0.2954,1547694000,83978.49,24547.15,ZRX/USD
0.292,0.2946,0.2912,0.2917,1547697600,82206.64,24070.7,ZRX/USD
0.2936,0.2941,0.292,0.292,1547701200,47745.88,14030.57,ZRX/USD
0.2964,0.2964,0.2936,0.2936,1547704800,52161.56,15401.38,ZRX/USD
0.296,0.2981,0.2959,0.2964,1547708400,41599.78,12355.71,ZRX/USD
0.2979,0.2979,0.2958,0.296,1547712000,13616.36,4040.1,ZRX/USD
0.2979,0.2986,0.297,0.2979,1547715600,34082.46,10207.49,ZRX/USD
0.2944,0.2979,0.2938,0.2979,1547719200,54691.46,16243.55,ZRX/USD
0.2937,0.2953,0.2926,0.2944,1547722800,14091.64,4134.89,ZRX/USD
0.2918,0.2953,0.2916,0.2937,1547726400,63350.58,18561.04,ZRX/USD
0.2895,0.292,0.2886,0.2918,1547730000,110118.19,31894.14,ZRX/USD
0.2966,0.2979,0.2895,0.2895,1547733600,115769.38,34019.2,ZRX/USD
0.3031,0.3035,0.2966,0.2966,1547737200,169472.05,51102.67,ZRX/USD
0.2978,0.3036,0.2957,0.3031,1547740800,159347.11,48048.44,ZRX/USD
0.2985,0.2985,0.2952,0.2978,1547744400,49672.17,14748.05,ZRX/USD
0.3001,0.3018,0.2985,0.2985,1547748000,104097.43,31216.0,ZRX/USD
0.3003,0.301,0.2991,0.3001,1547751600,103442.42,31155.14,ZRX/USD
0.3024,0.3045,0.2994,0.3003,1547755200,90209.95,27155.65,ZRX/USD
0.3016,0.3058,0.3016,0.3024,1547758800,77611.37,23552.89,ZRX/USD
0.3027,0.3031,0.2996,0.3016,1547762400,48540.7,14756.43,ZRX/USD
0.3047,0.3063,0.3002,0.3027,1547766000,202286.01,61527.77,ZRX/USD
0.3033,0.3077,0.3026,0.3047,1547769600,84621.4,25860.5,ZRX/USD
0.3035,0.3052,0.301,0.3033,1547773200,30336.76,9202.37,ZRX/USD
0.3004,0.3035,0.2991,0.3035,1547776800,41324.48,12434.19,ZRX/USD
0.3007,0.3019,0.2999,0.3004,1547780400,62453.33,18698.11,ZRX/USD
0.2997,0.3007,0.299,0.3007,1547784000,27306.07,8184.89,ZRX/USD
0.3,0.3012,0.2991,0.2997,1547787600,36930.53,11144.8,ZRX/USD
0.3023,0.3032,0.2995,0.3,1547791200,70081.81,21128.63,ZRX/USD
0.3002,0.3024,0.2992,0.3023,1547794800,15531.79,4687.19,ZRX/USD
0.3008,0.3021,0.2991,0.3002,1547798400,19857.78,5966.07,ZRX/USD
0.2984,0.302,0.2984,0.3008,1547802000,57165.78,17144.8,ZRX/USD
0.2959,0.2987,0.2956,0.2984,1547805600,43032.91,12827.76,ZRX/USD
0.2964,0.298,0.2951,0.2959,1547809200,24018.75,7122.79,ZRX/USD
0.2954,0.2973,0.294,0.2964,1547812800,36313.42,10706.3,ZRX/USD
0.2947,0.2963,0.294,0.2954,1547816400,28475.81,8399.32,ZRX/USD
0.2955,0.297,0.294,0.2947,1547820000,33276.77,9823.6,ZRX/USD
0.2962,0.2983,0.2945,0.2955,1547823600,62832.4,18583.4,ZRX/USD
0.2932,0.2987,0.2932,0.2962,1547827200,82283.57,24355.76,ZRX/USD
0.2931,0.2955,0.2909,0.2932,1547830800,63514.8,18583.38,ZRX/USD
0.2936,0.2948,0.2916,0.2931,1547834400,56578.49,16597.92,ZRX/USD
0.2924,0.2936,0.291,0.2936,1547838000,57160.43,16658.07,ZRX/USD
0.2929,0.2944,0.2917,0.2924,1547841600,25835.25,7596.61,ZRX/USD
0.2941,0.2942,0.2923,0.2929,1547845200,15998.52,4695.08,ZRX/USD
0.2902,0.2941,0.2902,0.2941,1547848800,65252.73,18976.18,ZRX/USD
0.2898,0.2915,0.2897,0.2902,1547852400,103931.87,30141.22,ZRX/USD
0.2901,0.2932,0.2897,0.2898,1547856000,63675.67,18586.56,ZRX/USD
0.292,0.2933,0.2901,0.2901,1547859600,11772.11,3443.44,ZRX/USD
0.2938,0.294,0.2917,0.292,1547863200,45693.84,13526.36,ZRX/USD
0.293,0.2939,0.2927,0.2938,1547866800,30093.25,8817.68,ZRX/USD
0.2945,0.2952,0.293,0.293,1547870400,41241.78,12133.93,ZRX/USD
0.2924,0.2948,0.2924,0.2945,1547874000,42200.88,12412.88,ZRX/USD
0.2929,0.2939,0.2921,0.2924,1547877600,9248.11,2714.78,ZRX/USD
0.2922,0.2933,0.2909,0.2929,1547881200,31446.59,9167.42,ZRX/USD
0.2933,0.2933,0.291,0.2922,1547884800,8977.53,2617.4,ZRX/USD
0.2934,0.2993,0.2921,0.2933,1547888400,3155.08,924.33,ZRX/USD
0.3027,0.3027,0.2934,0.2934,1547892000,103198.71,31014.47,ZRX/USD
0.3022,0.3032,0.3012,0.3027,1547895600,12584.54,3820.25,ZRX/USD
0.2992,0.3025,0.2992,0.3022,1547899200,40362.68,12201.05,ZRX/USD
0.2985,0.2999,0.2981,0.2992,1547902800,24161.27,7217.05,ZRX/USD
0.3015,0.3031,0.2985,0.2985,1547906400,48394.68,14581.53,ZRX/USD
0.3022,0.3037,0.3015,0.3015,1547910000,109842.44,33162.69,ZRX/USD
0.3037,0.3038,0.3017,0.3022,1547913600,43045.13,13022.55,ZRX/USD
0.3033,0.3037,0.3027,0.3037,1547917200,31244.95,9476.9,ZRX/USD
0.3001,0.3033,0.2995,0.3033,1547920800,184889.93,55682.52,ZRX/USD
0.3005,0.301,0.2995,0.3001,1547924400,26455.04,7952.49,ZRX/USD
0.3013,0.3017,0.2999,0.3005,1547928000,15091.27,4544.09,ZRX/USD
0.2992,0.3014,0.2982,0.3013,1547931600,147270.79,44016.97,ZRX/USD
0.2971,0.2998,0.2965,0.2992,1547935200,37780.59,11255.09,ZRX/USD
0.2971,0.2981,0.2969,0.2971,1547938800,17027.61,5065.57,ZRX/USD
0.3013,0.3018,0.2969,0.2971,1547942400,57180.9,17178.03,ZRX/USD
0.2992,0.3014,0.2992,0.3013,1547946000,34486.19,10354.06,ZRX/USD
0.2985,0.2993,0.2978,0.2992,1547949600,63950.48,19084.48,ZRX/USD
0.2983,0.2991,0.2979,0.2985,1547953200,24267.14,7236.92,ZRX/USD
0.2979,0.2985,0.2972,0.2983,1547956800,29836.73,8891.87,ZRX/USD
0.2974,0.2979,0.297,0.2979,1547960400,18815.73,5602.0,ZRX/USD
0.2965,0.2975,0.2955,0.2974,1547964000,161651.32,48388.3,ZRX/USD
0.2966,0.2968,0.2949,0.2965,1547967600,17775.91,5277.11,ZRX/USD
0.2973,0.2973,0.2947,0.2966,1547971200,7242.87,2143.19,ZRX/USD
0.2967,0.2977,0.2957,0.2973,1547974800,5680.99,1706.08,ZRX/USD
0.2961,0.2972,0.2956,0.2967,1547978400,17296.83,5136.81,ZRX/USD
0.2907,0.2968,0.2904,0.2961,1547982000,140841.63,41164.6,ZRX/USD
0.2836,0.2907,0.2827,0.2907,1547985600,106682.51,30519.77,ZRX/USD
0.2842,0.2853,0.2829,0.2836,1547989200,29828.53,8478.33,ZRX/USD
0.2848,0.2851,0.2834,0.2842,1547992800,30636.64,8703.09,ZRX/USD
0.2841,0.2848,0.2825,0.2848,1547996400,97683.69,27731.86,ZRX/USD
0.2818,0.2847,0.2807,0.2841,1548000000,188942.81,53233.7,ZRX/USD
0.2814,0.2821,0.2807,0.2818,1548003600,79509.22,22348.94,ZRX/USD
0.2812,0.2818,0.2807,0.2814,1548007200,97987.97,27545.4,ZRX/USD
0.2804,0.2817,0.2804,0.2812,1548010800,107707.99,30255.72,ZRX/USD
0.2816,0.2816,0.2801,0.2804,1548014400,69866.78,19612.98,ZRX/USD
0.2828,0.2833,0.2809,0.2816,1548018000,82594.07,23352.51,ZRX/USD
0.2828,0.2828,0.2815,0.2828,1548021600,31738.23,8953.06,ZRX/USD
0.2824,0.2832,0.2816,0.2828,1548025200,44701.34,12630.28,ZRX/USD
0.2834,0.284,0.2822,0.2824,1548028800,38347.79,10882.5,ZRX/USD
0.283,0.2843,0.2815,0.2834,1548032400,142011.14,40316.06,ZRX/USD
0.2835,0.2839,0.2821,0.283,1548036000,17939.74,5077.61,ZRX/USD
0.2843,0.2843,0.2821,0.2835,1548039600,38086.85,10768.18,ZRX/USD
0.2817,0.2846,0.2813,0.2843,1548043200,56435.58,15955.97,ZRX/USD
0.2829,0.283,0.2811,0.2817,1548046800,29843.79,8422.49,ZRX/USD
0.2837,0.2837,0.2818,0.2829,1548050400,56324.72,15970.52,ZRX/USD
0.2849,0.2849,0.2832,0.2837,1548054000,8866.53,2520.16,ZRX/USD
0.2839,0.285,0.2832,0.2849,1548057600,6092.12,1734.91,ZRX/USD
0.2841,0.2841,0.2826,0.2839,1548061200,4531.75,1288.89,ZRX/USD
0.2853,0.2853,0.2836,0.2841,1548064800,5836.12,1664.87,ZRX/USD
0.285,0.2853,0.2842,0.2853,1548068400,15688.14,4467.44,ZRX/USD
0.2853,0.2854,0.2839,0.285,1548072000,11861.03,3376.7,ZRX/USD
0.2851,0.2854,0.2838,0.2853,1548075600,24843.3,7086.66,ZRX/USD
0.2827,0.2851,0.2824,0.2851,1548079200,51967.15,14732.72,ZRX/USD
0.2824,0.2841,0.2821,0.2827,1548082800,27557.0,7797.0,ZRX/USD
0.2838,0.2838,0.2823,0.2824,1548086400,41916.91,11913.9,ZRX/USD
0.2837,0.284,0.2824,0.2838,1548090000,23503.72,6653.01,ZRX/USD
0.2837,0.284,0.2826,0.2837,1548093600,22780.78,6454.78,ZRX/USD
0.2822,0.2839,0.2821,0.2837,1548097200,104851.86,29613.03,ZRX/USD
0.2811,0.2823,0.2802,0.2822,1548100800,60587.14,17068.85,ZRX/USD
0.2806,0.2818,0.2795,0.2811,1548104400,76072.31,21304.43,ZRX/USD
0.2783,0.2806,0.2757,0.2806,1548108000,134114.69,37179.9,ZRX/USD
0.2791,0.281,0.2776,0.2783,1548111600,69594.26,19422.7,ZRX/USD
0.2793,0.2811,0.2783,0.2791,1548115200,40359.36,11298.59,ZRX/USD
0.2791,0.2809,0.2787,0.2793,1548118800,54302.22,15224.04,ZRX/USD
0.2816,0.2821,0.2791,0.2791,1548122400,63770.24,17953.32,ZRX/USD
0.2791,0.2819,0.279,0.2816,1548126000,48852.15,13689.95,ZRX/USD
0.2818,0.2819,0.2789,0.2791,1548129600,27912.47,7833.43,ZRX/USD
0.2806,0.2819,0.2798,0.2818,1548133200,43487.43,12220.87,ZRX/USD
0.2796,0.2812,0.2788,0.2806,1548136800,22647.6,6330.36,ZRX/USD
0.2786,0.2808,0.2786,0.2796,1548140400,37581.04,10490.27,ZRX/USD
0.2787,0.2793,0.2775,0.2786,1548144000,16514.79,4595.11,ZRX/USD
0.2776,0.2792,0.2775,0.2787,1548147600,6453.84,1797.47,ZRX/USD
0.279,0.2794,0.2775,0.2776,1548151200,24746.94,6899.8,ZRX/USD
0.2794,0.2794,0.2752,0.279,1548154800,103760.98,28729.92,ZRX/USD
0.2814,0.2819,0.2794,0.2794,1548158400,52298.51,14758.85,ZRX/USD
0.2821,0.2827,0.2807,0.2814,1548162000,28599.1,8063.42,ZRX/USD
0.2843,0.2856,0.282,0.2821,1548165600,79009.04,22580.54,ZRX/USD
0.287,0.2886,0.2831,0.2843,1548169200,50092.18,14268.39,ZRX/USD
0.2905,0.2911,0.2869,0.287,1548172800,83268.85,24097.35,ZRX/USD
0.2906,0.2914,0.2898,0.2905,1548176400,45270.41,13174.69,ZRX/USD
0.2902,0.2909,0.2894,0.2906,1548180000,29342.81,8538.64,ZRX/USD
0.2914,0.2918,0.2901,0.2902,1548183600,79437.59,23067.05,ZRX/USD
0.2896,0.2914,0.2887,0.2914,1548187200,24425.36,7090.99,ZRX/USD
0.2886,0.2913,0.2884,0.2896,1548190800,40742.61,11793.28,ZRX/USD
0.289,0.2895,0.2881,0.2886,1548194400,64467.88,18604.58,ZRX/USD
0.2861,0.289,0.2861,0.289,1548198000,58880.36,16931.64,ZRX/USD
0.2858,0.2867,0.2854,0.2861,1548201600,30265.43,8644.51,ZRX/USD
0.2865,0.2865,0.2842,0.2858,1548205200,34217.2,9760.55,ZRX/USD
0.2894,0.2895,0.2861,0.2865,1548208800,42266.57,12168.47,ZRX/USD
0.2898,0.29,0.2886,0.2894,1548212400,22444.54,6493.31,ZRX/USD
0.2889,0.2899,0.2878,0.2898,1548216000,98444.95,28455.38,ZRX/USD
0.2885,0.289,0.2881,0.2889,1548219600,11754.43,3393.04,ZRX/USD
0.2878,0.2887,0.2878,0.2885,1548223200,7776.86,2240.83,ZRX/USD
0.2856,0.2887,0.2853,0.2878,1548226800,35994.08,10341.96,ZRX/USD
0.2868,0.2873,0.2849,0.2856,1548230400,14235.69,4073.53,ZRX/USD
0.2865,0.2873,0.2856,0.2868,1548234000,6100.7,1748.35,ZRX/USD
0.287,0.2872,0.2858,0.2865,1548237600,10867.57,3109.69,ZRX/USD
0.2897,0.2907,0.2862,0.287,1548241200,13051.54,3790.91,ZRX/USD
0.2957,0.2957,0.2888,0.2897,1548244800,141112.19,41366.36,ZRX/USD
0.2975,0.2975,0.2948,0.2957,1548248400,56080.04,16636.26,ZRX/USD
0.3008,0.3014,0.2975,0.2975,1548252000,264882.38,79815.87,ZRX/USD
0.2986,0.3008,0.2977,0.3008,1548255600,132848.57,39760.16,ZRX/USD
0.2974,0.2992,0.2963,0.2986,1548259200,132874.18,39662.7,ZRX/USD
0.299,0.2994,0.2969,0.2974,1548262800,86683.39,25808.62,ZRX/USD
0.2973,0.2992,0.2965,0.299,1548266400,106032.75,31520.54,ZRX/USD
0.29,0.2982,0.29,0.2973,1548270000,154964.06,45778.22,ZRX/USD
0.2879,0.2911,0.2856,0.29,1548273600,147516.9,42573.19,ZRX/USD
0.2911,0.2911,0.2866,0.2879,1548277200,90880.63,26209.37,ZRX/USD
0.2981,0.2981,0.2895,0.2911,1548280800,140949.77,41404.68,ZRX/USD
0.299,0.3,0.297,0.2981,1548284400,59277.58,17740.85,ZRX/USD
0.3099,0.3099,0.2977,0.299,1548288000,446884.26,135452.51,ZRX/USD
0.2968,0.3128,0.2968,0.3099,1548291600,893840.17,272868.35,ZRX/USD
0.3157,0.3418,0.2911,0.2968,1548295200,7289899.53,2292453.87,ZRX/USD
0.3146,0.3217,0.312,0.3157,1548298800,755717.9,238671.02,ZRX/USD
0.3092,0.3146,0.3058,0.3146,1548302400,517725.59,160183.79,ZRX/USD
0.3069,0.3102,0.3046,0.3092,1548306000,172948.97,52725.24,ZRX/USD
0.3025,0.3069,0.3024,0.3069,1548309600,74726.44,22682.93,ZRX/USD
0.3076,0.3086,0.3023,0.3025,1548313200,37461.81,11429.05,ZRX/USD
0.3073,0.3089,0.3064,0.3076,1548316800,46581.21,14345.57,ZRX/USD
0.303,0.3073,0.3027,0.3073,1548320400,96033.59,28939.93,ZRX/USD
0.3045,0.3047,0.3024,0.303,1548324000,29395.93,8849.69,ZRX/USD
0.3094,0.3102,0.3032,0.3045,1548327600,75105.64,22972.52,ZRX/USD
0.3084,0.3096,0.3062,0.3094,1548331200,108806.36,33238.09,ZRX/USD
0.3132,0.3148,0.3083,0.3084,1548334800,126464.78,39322.19,ZRX/USD
0.3102,0.3155,0.3101,0.3132,1548338400,105709.76,32870.52,ZRX/USD
0.3111,0.3125,0.3091,0.3102,1548342000,111155.07,34311.14,ZRX/USD
0.3112,0.3124,0.3075,0.3111,1548345600,147508.0,45304.83,ZRX/USD
0.3123,0.3134,0.3112,0.3112,1548349200,128438.85,39836.58,ZRX/USD
0.3092,0.3124,0.3088,0.3123,1548352800,45224.65,13915.11,ZRX/USD
0.3129,0.314,0.309,0.3092,1548356400,87396.57,27024.97,ZRX/USD
0.308,0.3129,0.308,0.3129,1548360000,98654.12,30296.11,ZRX/USD
0.3108,0.3114,0.3047,0.308,1548363600,37331.46,11458.83,ZRX/USD
0.3084,0.3118,0.304,0.3108,1548367200,49868.79,15260.58,ZRX/USD
0.3052,0.3084,0.3042,0.3084,1548370800,168905.32,51341.53,ZRX/USD
0.3037,0.306,0.3003,0.3052,1548374400,166021.98,50580.74,ZRX/USD
0.303,0.3042,0.3025,0.3037,1548378000,119788.19,36021.49,ZRX/USD
0.3007,0.303,0.2994,0.303,1548381600,97083.28,29243.01,ZRX/USD
0.3005,0.3022,0.2989,0.3007,1548385200,95288.26,28840.51,ZRX/USD
0.297,0.3007,0.297,0.3005,1548388800,78752.93,23431.31,ZRX/USD
0.2983,0.2994,0.297,0.297,1548392400,143947.0,42801.6,ZRX/USD
0.2962,0.2993,0.2962,0.2983,1548396000,57026.12,17143.76,ZRX/USD
0.2938,0.2973,0.2938,0.2962,1548399600,83685.77,24683.12,ZRX/USD
0.2922,0.2944,0.2922,0.2938,1548403200,109867.82,32272.25,ZRX/USD
0.2917,0.2935,0.2909,0.2922,1548406800,152629.15,44611.04,ZRX/USD
0.2919,0.2929,0.2902,0.2917,1548410400,22616.56,6578.44,ZRX/USD
0.2872,0.2921,0.2863,0.2919,1548414000,271692.02,77896.5,ZRX/USD
0.2899,0.2899,0.2863,0.2872,1548417600,101630.02,29222.42,ZRX/USD
0.2895,0.2908,0.2875,0.2899,1548421200,56223.58,16238.23,ZRX/USD
0.2905,0.2906,0.2879,0.2895,1548424800,84513.89,24512.17,ZRX/USD
0.2914,0.2927,0.288,0.2905,1548428400,343266.48,99609.86,ZRX/USD
0.2902,0.2928,0.2884,0.2914,1548432000,84733.7,24613.76,ZRX/USD
0.2919,0.2919,0.2899,0.2902,1548435600,43197.61,12523.93,ZRX/USD
0.2887,0.292,0.2879,0.2919,1548439200,160113.16,46391.47,ZRX/USD
0.2889,0.2893,0.2874,0.2887,1548442800,25687.44,7405.84,ZRX/USD
0.2885,0.2902,0.2876,0.2889,1548446400,39494.03,11378.09,ZRX/USD
0.2925,0.2925,0.2876,0.2885,1548450000,47020.73,13676.98,ZRX/USD
0.2887,0.2932,0.288,0.2925,1548453600,45315.17,13119.76,ZRX/USD
0.2894,0.2908,0.288,0.2887,1548457200,54785.82,15875.11,ZRX/USD
0.2879,0.2899,0.2873,0.2894,1548460800,39088.38,11258.41,ZRX/USD
0.2885,0.289,0.2873,0.2879,1548464400,71440.51,20513.5,ZRX/USD
0.2874,0.2885,0.2864,0.2885,1548468000,49334.47,14153.71,ZRX/USD
0.2868,0.2883,0.2865,0.2874,1548471600,14313.9,4116.86,ZRX/USD
0.2868,0.2886,0.2852,0.2868,1548475200,90336.21,26000.5,ZRX/USD
0.287,0.287,0.2859,0.2868,1548478800,39762.76,11397.54,ZRX/USD
0.289,0.2898,0.2868,0.287,1548482400,38699.17,11193.58,ZRX/USD
0.2928,0.2939,0.2882,0.289,1548486000,119066.27,34932.9,ZRX/USD
0.2916,0.2929,0.2904,0.2928,1548489600,41590.64,12194.26,ZRX/USD
0.2896,0.2916,0.2896,0.2916,1548493200,17016.3,4990.84,ZRX/USD
0.2875,0.2904,0.2875,0.2896,1548496800,23555.17,6788.03,ZRX/USD
0.2867,0.2878,0.286,0.2875,1548500400,38259.1,10947.05,ZRX/USD
0.2857,0.2867,0.285,0.2867,1548504000,42845.05,12261.35,ZRX/USD
0.2865,0.288,0.2848,0.2857,1548507600,132410.08,38063.06,ZRX/USD
0.2869,0.2887,0.2858,0.2865,1548511200,45660.86,13128.0,ZRX/USD
0.2854,0.2903,0.2842,0.2869,1548514800,122586.43,35148.5,ZRX/USD
0.2875,0.2875,0.2822,0.2854,1548518400,128197.85,36537.13,ZRX/USD
0.2898,0.2898,0.2868,0.2875,1548522000,84153.59,24370.98,ZRX/USD
0.2885,0.2899,0.2884,0.2898,1548525600,23829.24,6887.84,ZRX/USD
0.287,0.2891,0.2856,0.2885,1548529200,25483.08,7313.15,ZRX/USD
0.2865,0.2879,0.2859,0.287,1548532800,31879.33,9129.18,ZRX/USD
0.288,0.2882,0.2859,0.2865,1548536400,23708.5,6803.39,ZRX/USD
0.2884,0.2891,0.2878,0.288,1548540000,17174.24,4959.86,ZRX/USD
0.2875,0.2895,0.2871,0.2884,1548543600,56941.25,16419.74,ZRX/USD
0.2847,0.2876,0.2818,0.2875,1548547200,196524.29,55814.18,ZRX/USD
0.2846,0.2858,0.2836,0.2847,1548550800,75190.34,21434.77,ZRX/USD
0.285,0.2853,0.2838,0.2846,1548554400,160226.27,46035.88,ZRX/USD
0.2839,0.285,0.283,0.285,1548558000,53445.13,15137.1,ZRX/USD
0.2823,0.2841,0.2818,0.2839,1548561600,80516.73,22736.15,ZRX/USD
0.2814,0.2823,0.28,0.2823,1548565200,42097.43,11801.6,ZRX/USD
0.2787,0.2822,0.2779,0.2814,1548568800,202612.9,56772.76,ZRX/USD
0.2781,0.2791,0.2767,0.2787,1548572400,129168.37,35858.73,ZRX/USD
0.2801,0.2801,0.2776,0.2781,1548576000,58923.27,16387.68,ZRX/USD
0.2782,0.2817,0.278,0.2801,1548579600,134292.9,37496.24,ZRX/USD
0.277,0.279,0.277,0.2782,1548583200,46823.21,12990.13,ZRX/USD
0.277,0.278,0.2762,0.277,1548586800,47085.05,13164.14,ZRX/USD
0.2757,0.2785,0.275,0.277,1548590400,92641.02,25558.73,ZRX/USD
0.2746,0.2766,0.2737,0.2757,1548594000,302136.99,83094.41,ZRX/USD
0.2738,0.2752,0.268,0.2746,1548597600,298226.97,81065.44,ZRX/USD
0.2753,0.2775,0.273,0.2738,1548601200,107818.98,29564.39,ZRX/USD
0.2768,0.2776,0.274,0.2753,1548604800,139651.65,38424.12,ZRX/USD
0.2757,0.2779,0.2749,0.2768,1548608400,143272.05,39508.19,ZRX/USD
0.2754,0.276,0.2736,0.2757,1548612000,64227.9,17617.5,ZRX/USD
0.273,0.2773,0.273,0.2754,1548615600,50868.53,13959.76,ZRX/USD
0.2768,0.2771,0.273,0.273,1548619200,97068.43,26765.31,ZRX/USD
0.2738,0.2768,0.273,0.2768,1548622800,91749.92,25183.77,ZRX/USD
0.2739,0.2746,0.2728,0.2738,1548626400,46165.01,12610.52,ZRX/USD
0.2723,0.2749,0.2723,0.2739,1548630000,43248.57,11801.61,ZRX/USD
0.2728,0.2758,0.272,0.2723,1548633600,197447.65,54056.78,ZRX/USD
0.2683,0.2734,0.2672,0.2728,1548637200,543876.27,146817.14,ZRX/USD
0.2679,0.2683,0.2655,0.2683,1548640800,161695.83,43145.16,ZRX/USD
0.2624,0.2679,0.2616,0.2679,1548644400,505824.27,133523.77,ZRX/USD
0.2623,0.2705,0.2608,0.2624,1548648000,316262.23,83185.76,ZRX/USD
0.2607,0.2631,0.2599,0.2623,1548651600,197442.22,51511.03,ZRX/USD
0.2552,0.2607,0.2523,0.2607,1548655200,561789.85,143177.89,ZRX/USD
0.256,0.2586,0.255,0.2552,1548658800,95808.46,24594.17,ZRX/USD
0.253,0.2566,0.2525,0.256,1548662400,89802.48,22720.17,ZRX/USD
0.256,0.2567,0.2525,0.253,1548666000,172767.28,44154.36,ZRX/USD
0.2554,0.257,0.2546,0.256,1548669600,84481.47,21574.12,ZRX/USD
0.2533,0.2556,0.2526,0.2554,1548673200,84756.63,21549.33,ZRX/USD
0.2519,0.2537,0.2497,0.2533,1548676800,242206.68,60718.27,ZRX/USD
0.2518,0.2538,0.2485,0.2519,1548680400,205293.5,51376.38,ZRX/USD
0.2526,0.255,0.2494,0.2518,1548684000,197741.57,49780.78,ZRX/USD
0.2527,0.2541,0.2485,0.2526,1548687600,292923.89,73352.35,ZRX/USD
0.2544,0.2544,0.252,0.2527,1548691200,93497.1,23645.11,ZRX/USD
0.2524,0.2544,0.2499,0.2544,1548694800,180318.61,45371.21,ZRX/USD
0.2539,0.2543,0.251,0.2524,1548698400,107548.48,27159.61,ZRX/USD
0.2543,0.2546,0.2516,0.2539,1548702000,80844.89,20463.56,ZRX/USD
0.2568,0.2569,0.2533,0.2543,1548705600,170185.39,43357.31,ZRX/USD
0.2567,0.2579,0.2554,0.2568,1548709200,220568.29,56391.36,ZRX/USD
0.2583,0.2583,0.2553,0.2567,1548712800,69871.05,17925.98,ZRX/USD
0.2598,0.261,0.2576,0.2583,1548716400,148318.01,38472.17,ZRX/USD
0.2614,0.2634,0.2597,0.2598,1548720000,236005.93,61748.06,ZRX/USD
0.2573,0.2614,0.2563,0.2614,1548723600,39464.4,10270.83,ZRX/USD
0.2559,0.2573,0.255,0.2573,1548727200,41128.8,10509.58,ZRX/USD
0.2552,0.2582,0.255,0.2559,1548730800,99290.73,25493.72,ZRX/USD
0.253,0.2558,0.2529,0.2552,1548734400,82060.68,20862.15,ZRX/USD
0.2507,0.2532,0.2502,0.253,1548738000,87489.15,22005.3,ZRX/USD
0.2502,0.2513,0.2496,0.2507,1548741600,80122.25,20049.48,ZRX/USD
0.2474,0.2512,0.2465,0.2502,1548745200,262752.49,65350.51,ZRX/USD
0.2501,0.2504,0.246,0.2474,1548748800,101173.81,25246.93,ZRX/USD
0.2504,0.2507,0.2491,0.2501,1548752400,37543.43,9392.7,ZRX/USD
0.2505,0.2507,0.2498,0.2504,1548756000,27351.51,6844.63,ZRX/USD
0.2515,0.2531,0.2502,0.2505,1548759600,49166.28,12334.74,ZRX/USD
0.2531,0.2531,0.2514,0.2515,1548763200,30515.92,7700.55,ZRX/USD
0.2554,0.257,0.253,0.2531,1548766800,146147.44,37268.79,ZRX/USD
0.2555,0.2561,0.2525,0.2554,1548770400,121078.91,30889.62,ZRX/USD
0.253,0.2568,0.253,0.2555,1548774000,105661.76,26952.85,ZRX/USD
0.2536,0.2565,0.2528,0.253,1548777600,117334.19,29935.72,ZRX/USD
0.2523,0.2539,0.2516,0.2536,1548781200,87354.69,22062.84,ZRX/USD
0.2525,0.2529,0.2505,0.2523,1548784800,95406.55,23992.46,ZRX/USD
0.2534,0.2539,0.2516,0.2525,1548788400,43094.47,10877.87,ZRX/USD
0.2526,0.2549,0.2526,0.2534,1548792000,53089.49,13456.56,ZRX/USD
0.2526,0.2531,0.251,0.2526,1548795600,64166.21,16152.27,ZRX/USD
0.2507,0.2536,0.2505,0.2526,1548799200,112151.1,28186.68,ZRX/USD
0.2503,0.2516,0.2486,0.2507,1548802800,135847.74,33867.87,ZRX/USD
0.2474,0.2504,0.2463,0.2503,1548806400,80842.26,20024.39,ZRX/USD
0.2466,0.2474,0.2464,0.2474,1548810000,84380.93,20857.24,ZRX/USD
0.2489,0.2491,0.2458,0.2466,1548813600,79918.45,19774.03,ZRX/USD
0.2497,0.2506,0.2481,0.2489,1548817200,60713.11,15141.32,ZRX/USD
0.2508,0.2516,0.2497,0.2497,1548820800,65825.88,16538.84,ZRX/USD
0.251,0.252,0.2505,0.2508,1548824400,47368.51,11895.9,ZRX/USD
0.2501,0.2517,0.2501,0.251,1548828000,31525.75,7902.5,ZRX/USD
0.2501,0.2501,0.2495,0.2501,1548831600,12670.85,3168.19,ZRX/USD
0.2529,0.253,0.2501,0.2501,1548835200,45355.64,11445.61,ZRX/USD
0.2516,0.2529,0.2516,0.2529,1548838800,44895.49,11363.9,ZRX/USD
0.2552,0.2552,0.2514,0.2516,1548842400,41030.18,10433.3,ZRX/USD
0.2532,0.2574,0.253,0.2552,1548846000,115170.42,29702.19,ZRX/USD
0.2574,0.2577,0.2522,0.2532,1548849600,236992.37,60317.41,ZRX/USD
0.2596,0.261,0.2557,0.2574,1548853200,453722.01,119628.28,ZRX/USD
0.2596,0.2602,0.2574,0.2596,1548856800,94200.99,24293.17,ZRX/USD
0.2604,0.2621,0.2589,0.2596,1548860400,253065.24,65889.91,ZRX/USD
0.2581,0.2605,0.2571,0.2604,1548864000,71947.08,18543.33,ZRX/USD
0.2556,0.2581,0.2556,0.2581,1548867600,29369.73,7511.0,ZRX/USD
0.2576,0.2583,0.2556,0.2556,1548871200,124749.7,32070.64,ZRX/USD
0.2571,0.2608,0.2563,0.2576,1548874800,26203.1,6799.09,ZRX/USD
0.2577,0.2598,0.2569,0.2571,1548878400,40980.15,10548.7,ZRX/USD
0.2563,0.259,0.2556,0.2577,1548882000,102707.79,26335.48,ZRX/USD
0.2588,0.2596,0.256,0.2563,1548885600,59036.06,15157.63,ZRX/USD
0.258,0.2591,0.2561,0.2588,1548889200,25607.36,6665.43,ZRX/USD
0.2603,0.2603,0.2575,0.258,1548892800,70368.6,18263.61,ZRX/USD
0.2604,0.2611,0.2593,0.2603,1548896400,57770.4,14930.77,ZRX/USD
0.2585,0.2605,0.2577,0.2604,1548900000,27464.68,7093.17,ZRX/USD
0.2574,0.2585,0.257,0.2585,1548903600,22266.18,5734.61,ZRX/USD
0.2584,0.2593,0.2563,0.2574,1548907200,29549.29,7586.48,ZRX/USD
0.2579,0.2591,0.2566,0.2584,1548910800,36845.43,9472.07,ZRX/USD
0.2561,0.2579,0.2551,0.2579,1548914400,21736.72,5557.85,ZRX/USD
0.2583,0.2588,0.2554,0.2561,1548918000,22525.44,5790.43,ZRX/USD
0.2534,0.2583,0.2534,0.2583,1548921600,434795.62,112115.08,ZRX/USD
0.2552,0.256,0.253,0.2534,1548925200,33116.17,8504.14,ZRX/USD
0.2517,0.2559,0.2514,0.2552,1548928800,91486.43,23029.82,ZRX/USD
0.2519,0.253,0.2509,0.2517,1548932400,24302.21,6128.15,ZRX/USD
0.252,0.2537,0.2506,0.2519,1548936000,12676.34,3195.86,ZRX/USD
0.2499,0.2525,0.2498,0.252,1548939600,80899.61,20299.45,ZRX/USD
0.2504,0.2512,0.2493,0.2499,1548943200,58953.65,14732.86,ZRX/USD
0.2481,0.2509,0.2474,0.2504,1548946800,182487.39,45357.62,ZRX/USD
0.2498,0.2505,0.2479,0.2481,1548950400,43297.26,10758.66,ZRX/USD
0.2473,0.2501,0.2473,0.2498,1548954000,78432.04,19429.66,ZRX/USD
0.2482,0.2492,0.2473,0.2473,1548957600,100172.25,24815.03,ZRX/USD
0.2482,0.2489,0.2476,0.2482,1548961200,76726.1,19129.56,ZRX/USD
0.2494,0.2498,0.2479,0.2482,1548964800,65087.88,16149.33,ZRX/USD
0.2485,0.2499,0.2475,0.2494,1548968400,91140.98,22568.73,ZRX/USD
0.2492,0.2495,0.2466,0.2485,1548972000,50235.61,12427.47,ZRX/USD
0.2495,0.2495,0.2483,0.2492,1548975600,47677.59,11955.11,ZRX/USD
0.2513,0.2522,0.2494,0.2495,1548979200,233291.69,58529.5,ZRX/USD
0.2478,0.2513,0.2478,0.2513,1548982800,182552.8,45290.03,ZRX/USD
0.248,0.2491,0.247,0.2478,1548986400,88358.08,21827.21,ZRX/USD
0.2478,0.2483,0.2476,0.248,1548990000,42891.82,10686.31,ZRX/USD
0.2479,0.248,0.2457,0.2478,1548993600,223769.61,55360.19,ZRX/USD
0.2451,0.2479,0.2446,0.2479,1548997200,23964.69,5897.05,ZRX/USD
0.2448,0.2472,0.2448,0.2451,1549000800,23378.09,5750.09,ZRX/USD
0.2448,0.2466,0.2444,0.2448,1549004400,26325.56,6453.81,ZRX/USD
0.2463,0.2466,0.2444,0.2448,1549008000,20957.67,5172.31,ZRX/USD
0.2469,0.2474,0.245,0.2463,1549011600,35194.64,8717.04,ZRX/USD
0.2462,0.2474,0.246,0.2469,1549015200,152164.88,37386.81,ZRX/USD
0.2484,0.2497,0.2462,0.2462,1549018800,54752.62,13757.73,ZRX/USD
0.2492,0.2508,0.2476,0.2484,1549022400,87552.01,21777.43,ZRX/USD
0.2506,0.2512,0.2477,0.2492,1549026000,111747.74,28071.71,ZRX/USD
0.2502,0.2508,0.2479,0.2506,1549029600,55293.89,13846.57,ZRX/USD
0.2481,0.2505,0.2476,0.2502,1549033200,87680.25,21741.21,ZRX/USD
0.2498,0.2499,0.2478,0.2481,1549036800,17410.25,4347.07,ZRX/USD
0.2493,0.2501,0.2472,0.2498,1549040400,87011.69,21627.55,ZRX/USD
0.2499,0.2501,0.248,0.2493,1549044000,121896.28,30403.41,ZRX/USD
0.2479,0.2513,0.2476,0.2499,1549047600,53534.99,13394.84,ZRX/USD
0.2467,0.2496,0.2449,0.2479,1549051200,138926.63,34229.67,ZRX/USD
0.2468,0.2474,0.2433,0.2467,1549054800,379773.29,92673.69,ZRX/USD
0.2458,0.2471,0.2438,0.2468,1549058400,74286.22,18225.16,ZRX/USD
0.2467,0.2472,0.2456,0.2458,1549062000,89282.09,21952.87,ZRX/USD
0.2463,0.247,0.2449,0.2467,1549065600,107743.06,26460.35,ZRX/USD
0.2458,0.2463,0.2436,0.2463,1549069200,110232.41,26964.35,ZRX/USD
0.2462,0.2466,0.2451,0.2458,1549072800,86341.66,21179.94,ZRX/USD
0.2453,0.2464,0.245,0.2462,1549076400,40857.06,10015.81,ZRX/USD
0.2466,0.2466,0.245,0.2453,1549080000,95288.39,23469.45,ZRX/USD
0.2453,0.2466,0.244,0.2466,1549083600,112557.22,27583.98,ZRX/USD
0.244,0.2457,0.244,0.2453,1549087200,52620.0,12861.2,ZRX/USD
0.2444,0.2448,0.2432,0.244,1549090800,34696.19,8515.38,ZRX/USD
0.2448,0.2451,0.2433,0.2444,1549094400,14483.61,3549.65,ZRX/USD
0.2452,0.2456,0.244,0.2448,1549098000,53706.85,13170.82,ZRX/USD
0.2455,0.2464,0.2439,0.2452,1549101600,32928.74,8078.66,ZRX/USD
0.2475,0.2476,0.2455,0.2455,1549105200,7899.5,1967.45,ZRX/USD
0.2456,0.2479,0.2456,0.2475,1549108800,83786.46,20669.45,ZRX/USD
0.2445,0.2456,0.2435,0.2456,1549112400,21230.95,5231.04,ZRX/USD
0.2452,0.2458,0.2436,0.2445,1549116000,36461.6,8923.96,ZRX/USD
0.2449,0.2462,0.2449,0.2452,1549119600,65958.45,16303.1,ZRX/USD
0.245,0.2466,0.2439,0.2449,1549123200,135924.8,33283.49,ZRX/USD
0.2472,0.2474,0.245,0.245,1549126800,44686.56,11079.96,ZRX/USD
0.2457,0.2473,0.2451,0.2472,1549130400,37482.11,9202.35,ZRX/USD
0.2472,0.2472,0.2452,0.2457,1549134000,39882.75,9839.66,ZRX/USD
0.2464,0.2477,0.2455,0.2472,1549137600,48489.33,11962.49,ZRX/USD
0.2462,0.2472,0.2449,0.2464,1549141200,86969.93,21357.31,ZRX/USD
0.2469,0.247,0.245,0.2462,1549144800,16411.65,4048.26,ZRX/USD
0.2496,0.25,0.2456,0.2469,1549148400,137623.89,34260.91,ZRX/USD
0.2476,0.2514,0.2463,0.2496,1549152000,260164.48,64632.25,ZRX/USD
0.2471,0.2491,0.247,0.2476,1549155600,63897.07,15941.34,ZRX/USD
0.2477,0.2504,0.2466,0.2471,1549159200,66582.31,16580.0,ZRX/USD
0.2465,0.248,0.2461,0.2477,1549162800,23184.23,5743.76,ZRX/USD
0.247,0.2476,0.2459,0.2465,1549166400,49748.74,12247.36,ZRX/USD
0.2467,0.2476,0.246,0.247,1549170000,19296.2,4772.33,ZRX/USD
0.2465,0.2468,0.2461,0.2467,1549173600,44092.97,10902.07,ZRX/USD
0.2446,0.2465,0.2446,0.2465,1549177200,23233.76,5712.36,ZRX/USD
0.2442,0.2455,0.2433,0.2446,1549180800,43739.7,10754.68,ZRX/USD
0.2439,0.2447,0.2428,0.2442,1549184400,18949.59,4676.86,ZRX/USD
0.2451,0.2461,0.2433,0.2439,1549188000,32874.91,8048.07,ZRX/USD
0.2451,0.2466,0.2448,0.2451,1549191600,37087.89,9150.25,ZRX/USD
0.2452,0.2454,0.2443,0.2451,1549195200,26534.07,6575.56,ZRX/USD
0.2451,0.2472,0.2451,0.2452,1549198800,75802.05,18624.85,ZRX/USD
0.2438,0.2457,0.2431,0.2451,1549202400,54924.2,13389.64,ZRX/USD
0.2432,0.2447,0.2432,0.2438,1549206000,53606.13,13058.96,ZRX/USD
0.242,0.2442,0.242,0.2432,1549209600,95220.25,23100.95,ZRX/USD
0.2424,0.2433,0.242,0.242,1549213200,78205.4,18964.13,ZRX/USD
0.2423,0.2429,0.242,0.2424,1549216800,35101.99,8568.82,ZRX/USD
0.2421,0.2426,0.2414,0.2423,1549220400,100498.48,24345.95,ZRX/USD
0.2409,0.2424,0.239,0.2421,1549224000,223549.46,53756.43,ZRX/USD
0.2405,0.2415,0.239,0.2409,1549227600,95450.48,22921.22,ZRX/USD
0.24,0.2407,0.2388,0.2405,1549231200,166024.83,39829.36,ZRX/USD
0.2395,0.2408,0.2392,0.24,1549234800,28365.68,6821.39,ZRX/USD
0.2396,0.2401,0.2394,0.2395,1549238400,89743.32,21558.87,ZRX/USD
0.2391,0.2402,0.2391,0.2396,1549242000,92339.51,22087.64,ZRX/USD
0.239,0.2395,0.2382,0.2391,1549245600,70541.43,16886.21,ZRX/USD
0.239,0.239,0.2361,0.239,1549249200,68846.14,16332.61,ZRX/USD
0.2388,0.239,0.238,0.239,1549252800,38965.81,9315.68,ZRX/USD
0.2382,0.239,0.2377,0.2388,1549256400,28241.89,6723.29,ZRX/USD
0.2382,0.2389,0.2373,0.2382,1549260000,24464.96,5827.16,ZRX/USD
0.2382,0.2389,0.2369,0.2382,1549263600,27063.21,6439.01,ZRX/USD
0.2386,0.239,0.2373,0.2382,1549267200,43293.19,10405.33,ZRX/USD
0.2381,0.2391,0.2374,0.2386,1549270800,30511.68,7266.77,ZRX/USD
0.237,0.2381,0.2366,0.2381,1549274400,37122.03,8905.15,ZRX/USD
0.2372,0.2383,0.2365,0.237,1549278000,62261.38,14751.68,ZRX/USD
0.2356,0.2372,0.2355,0.2372,1549281600,80316.59,18942.26,ZRX/USD
0.2358,0.236,0.235,0.2356,1549285200,51394.74,12107.75,ZRX/USD
0.2379,0.2379,0.2353,0.2358,1549288800,110974.21,26206.82,ZRX/USD
0.2392,0.2401,0.2372,0.2379,1549292400,57825.1,13837.89,ZRX/USD
0.2382,0.24,0.2361,0.2392,1549296000,118696.23,28187.56,ZRX/USD
0.2374,0.2383,0.2363,0.2382,1549299600,30608.89,7286.88,ZRX/USD
0.2369,0.2386,0.2358,0.2374,1549303200,204552.29,48211.87,ZRX/USD
0.2374,0.2381,0.2356,0.2369,1549306800,111698.86,26705.42,ZRX/USD
0.2376,0.2386,0.2372,0.2374,1549310400,46726.98,11183.4,ZRX/USD
0.2384,0.2385,0.2372,0.2376,1549314000,42889.74,10254.28,ZRX/USD
0.2348,0.2384,0.2344,0.2384,1549317600,144965.01,34112.85,ZRX/USD
0.2352,0.236,0.2343,0.2348,1549321200,136953.76,32161.33,ZRX/USD
0.2351,0.2354,0.2347,0.2352,1549324800,75944.65,17830.49,ZRX/USD
0.2324,0.2355,0.2324,0.2351,1549328400,99100.56,23252.37,ZRX/USD
0.2318,0.233,0.2311,0.2324,1549332000,132757.78,30772.34,ZRX/USD
0.2313,0.2323,0.231,0.2318,1549335600,81265.14,18803.26,ZRX/USD
0.2308,0.2321,0.2308,0.2313,1549339200,66058.89,15243.57,ZRX/USD
0.2309,0.2311,0.2303,0.2308,1549342800,66266.68,15264.09,ZRX/USD
0.2318,0.2318,0.2304,0.2309,1549346400,28466.25,6565.97,ZRX/USD
0.2316,0.232,0.2308,0.2318,1549350000,43266.51,10122.17,ZRX/USD
0.2311,0.2319,0.2305,0.2316,1549353600,10221.1,2376.42,ZRX/USD
0.2312,0.2317,0.2303,0.2311,1549357200,48166.11,11215.57,ZRX/USD
0.2323,0.2334,0.2312,0.2312,1549360800,37532.84,8801.17,ZRX/USD
0.2314,0.2328,0.2305,0.2323,1549364400,25755.91,5973.5,ZRX/USD
0.2314,0.2318,0.2306,0.2314,1549368000,132097.62,30487.32,ZRX/USD
0.23,0.2314,0.2292,0.2314,1549371600,154834.33,35812.97,ZRX/USD
0.2309,0.2309,0.228,0.23,1549375200,175194.25,40035.04,ZRX/USD
0.232,0.2323,0.2288,0.2309,1549378800,329787.64,75949.89,ZRX/USD
0.2311,0.2322,0.2309,0.232,1549382400,80125.32,18657.13,ZRX/USD
0.2323,0.2329,0.2311,0.2311,1549386000,119313.37,28249.1,ZRX/USD
0.2323,0.2333,0.2311,0.2323,1549389600,123460.32,28632.39,ZRX/USD
0.233,0.2335,0.2323,0.2323,1549393200,67599.82,15814.1,ZRX/USD
0.2319,0.2334,0.2318,0.233,1549396800,28137.73,6532.63,ZRX/USD
0.2335,0.2344,0.2319,0.2319,1549400400,60751.77,14128.29,ZRX/USD
0.2339,0.2345,0.2322,0.2335,1549404000,33362.22,7777.28,ZRX/USD
0.2336,0.2341,0.2321,0.2339,1549407600,56006.53,13003.18,ZRX/USD
0.2315,0.2354,0.2315,0.2336,1549411200,319193.21,74524.99,ZRX/USD
0.2276,0.2321,0.2267,0.2315,1549414800,290600.67,67046.07,ZRX/USD
0.2265,0.2286,0.2257,0.2276,1549418400,80691.28,18293.93,ZRX/USD
0.2265,0.227,0.2258,0.2265,1549422000,82405.46,18764.58,ZRX/USD
0.2252,0.2268,0.2243,0.2265,1549425600,142001.5,32267.51,ZRX/USD
0.2225,0.2253,0.2221,0.2252,1549429200,437703.91,97410.8,ZRX/USD
0.2223,0.2228,0.2215,0.2225,1549432800,29923.56,6668.4,ZRX/USD
0.2223,0.2227,0.2215,0.2223,1549436400,62748.04,13937.93,ZRX/USD
0.2212,0.2223,0.2212,0.2223,1549440000,10888.85,2413.85,ZRX/USD
0.2223,0.2229,0.2211,0.2212,1549443600,22686.3,5038.1,ZRX/USD
0.2191,0.2223,0.2184,0.2223,1549447200,186798.73,41229.52,ZRX/USD
0.2169,0.2191,0.2165,0.2191,1549450800,118484.75,25888.57,ZRX/USD
0.2196,0.2197,0.2162,0.2169,1549454400,185322.03,40210.88,ZRX/USD
0.219,0.2197,0.2179,0.2196,1549458000,47350.29,10343.23,ZRX/USD
0.2161,0.219,0.2154,0.219,1549461600,222390.33,48276.7,ZRX/USD
0.2174,0.2181,0.2153,0.2161,1549465200,410368.37,88800.79,ZRX/USD
0.2182,0.2198,0.2167,0.2174,1549468800,207603.3,45238.26,ZRX/USD
0.2185,0.2194,0.217,0.2182,1549472400,55718.6,12187.98,ZRX/USD
0.2173,0.2185,0.2158,0.2185,1549476000,88906.33,19310.64,ZRX/USD
0.2166,0.2175,0.2161,0.2173,1549479600,169884.29,36793.9,ZRX/USD
0.2158,0.2167,0.2149,0.2166,1549483200,131824.86,28387.68,ZRX/USD
0.2281,0.2303,0.2149,0.2158,1549486800,348877.92,77590.52,ZRX/USD
0.2227,0.2281,0.2205,0.2281,1549490400,160337.35,35761.83,ZRX/USD
0.2191,0.2228,0.217,0.2227,1549494000,108247.26,23750.1,ZRX/USD
0.2215,0.2222,0.2177,0.2191,1549497600,136955.54,30100.4,ZRX/USD
0.2217,0.223,0.2205,0.2215,1549501200,82580.69,18449.22,ZRX/USD
0.2243,0.2249,0.2214,0.2217,1549504800,311983.11,69774.51,ZRX/USD
0.2266,0.2267,0.2238,0.2243,1549508400,49810.61,11256.25,ZRX/USD
0.2265,0.2267,0.2256,0.2266,1549512000,34276.24,7765.62,ZRX/USD
0.2266,0.2275,0.2259,0.2265,1549515600,71996.08,16293.97,ZRX/USD
0.2246,0.2268,0.2227,0.2266,1549519200,40811.62,9157.97,ZRX/USD
0.2233,0.2248,0.2233,0.2246,1549522800,54738.51,12214.31,ZRX/USD
0.2244,0.2262,0.2232,0.2233,1549526400,40178.72,9073.39,ZRX/USD
0.2252,0.2253,0.2235,0.2244,1549530000,69031.16,15482.93,ZRX/USD
0.2294,0.2306,0.2247,0.2252,1549533600,170328.03,38988.91,ZRX/USD
0.2286,0.2307,0.2278,0.2294,1549537200,41679.5,9573.18,ZRX/USD
0.2262,0.2297,0.2262,0.2286,1549540800,39499.32,9011.55,ZRX/USD
0.2263,0.2276,0.2256,0.2262,1549544400,59701.23,13593.64,ZRX/USD
0.2274,0.2282,0.2244,0.2263,1549548000,50555.93,11422.47,ZRX/USD
0.23,0.23,0.2268,0.2274,1549551600,69777.08,15919.73,ZRX/USD
0.228,0.2304,0.228,0.23,1549555200,96998.92,22324.94,ZRX/USD
0.2288,0.2301,0.2278,0.228,1549558800,58384.79,13389.92,ZRX/USD
0.2311,0.2312,0.228,0.2288,1549562400,104452.35,24010.02,ZRX/USD
0.23,0.2311,0.2293,0.2311,1549566000,121142.37,27954.4,ZRX/USD
0.2307,0.2307,0.2288,0.23,1549569600,43010.3,9879.8,ZRX/USD
0.2321,0.2328,0.2304,0.2307,1549573200,309407.71,71970.13,ZRX/USD
0.23,0.2321,0.2295,0.2321,1549576800,63821.94,14661.91,ZRX/USD
0.2296,0.2316,0.2296,0.23,1549580400,111036.89,25523.52,ZRX/USD
0.2344,0.2368,0.2296,0.2296,1549584000,283613.77,66491.45,ZRX/USD
0.2349,0.2356,0.2336,0.2344,1549587600,64544.74,15252.61,ZRX/USD
0.2377,0.2393,0.2328,0.2349,1549591200,186437.13,43927.15,ZRX/USD
0.2439,0.2441,0.2367,0.2377,1549594800,314900.03,76390.84,ZRX/USD
0.2365,0.244,0.2365,0.2439,1549598400,171191.65,41063.83,ZRX/USD
0.2349,0.2377,0.2317,0.2365,1549602000,146046.28,34230.04,ZRX/USD
0.2352,0.2355,0.2334,0.2349,1549605600,29911.32,7034.39,ZRX/USD
0.2332,0.2352,0.2321,0.2352,1549609200,140988.46,33002.15,ZRX/USD
0.2352,0.2353,0.2326,0.2332,1549612800,21449.0,5027.31,ZRX/USD
0.2376,0.2386,0.2351,0.2352,1549616400,97709.43,23110.45,ZRX/USD
0.2343,0.2394,0.2342,0.2376,1549620000,33121.94,7856.61,ZRX/USD
0.2317,0.2351,0.2317,0.2343,1549623600,85320.75,19848.6,ZRX/USD
0.2339,0.2346,0.2315,0.2317,1549627200,82582.11,19214.83,ZRX/USD
0.2347,0.2355,0.233,0.2339,1549630800,99608.3,23432.89,ZRX/USD
0.24,0.2482,0.234,0.2347,1549634400,468876.65,112388.96,ZRX/USD
0.2404,0.2404,0.2349,0.24,1549638000,145637.23,34514.45,ZRX/USD
0.251,0.2595,0.2396,0.2404,1549641600,1008555.77,252004.02,ZRX/USD
0.2502,0.2532,0.2469,0.251,1549645200,380342.2,94792.99,ZRX/USD
0.2517,0.2533,0.2492,0.2502,1549648800,260147.38,65271.76,ZRX/USD
0.2511,0.252,0.2493,0.2517,1549652400,165047.49,41262.37,ZRX/USD
0.2512,0.2523,0.2506,0.2511,1549656000,119594.59,29961.25,ZRX/USD
0.2464,0.2525,0.2459,0.2512,1549659600,456268.72,112911.7,ZRX/USD
0.2435,0.2472,0.2432,0.2464,1549663200,195688.76,48022.72,ZRX/USD
0.2493,0.2493,0.2427,0.2435,1549666800,127847.2,31238.46,ZRX/USD
0.2476,0.2493,0.2461,0.2493,1549670400,82061.98,20240.21,ZRX/USD
0.2429,0.2479,0.2428,0.2476,1549674000,103062.1,25221.06,ZRX/USD
0.2433,0.2452,0.2424,0.2429,1549677600,94203.14,22885.89,ZRX/USD
0.2463,0.2466,0.2426,0.2433,1549681200,144921.14,35412.38,ZRX/USD
0.2483,0.2488,0.2453,0.2463,1549684800,118373.44,29291.69,ZRX/USD
0.2478,0.2503,0.2478,0.2483,1549688400,234202.81,58359.57,ZRX/USD
0.2476,0.2485,0.2468,0.2478,1549692000,30955.47,7658.79,ZRX/USD
0.2496,0.2497,0.2465,0.2476,1549695600,31539.24,7833.25,ZRX/USD
0.251,0.2515,0.2485,0.2496,1549699200,37056.0,9265.77,ZRX/USD
0.2508,0.2515,0.2488,0.251,1549702800,29135.56,7275.05,ZRX/USD
0.2514,0.252,0.2493,0.2508,1549706400,70020.64,17799.71,ZRX/USD
0.2544,0.2548,0.2512,0.2514,1549710000,182313.79,47059.1,ZRX/USD
0.2567,0.2567,0.2521,0.2544,1549713600,194468.17,50283.1,ZRX/USD
0.2566,0.2574,0.2535,0.2567,1549717200,137930.75,35238.48,ZRX/USD
0.255,0.2567,0.253,0.2566,1549720800,161746.8,40865.62,ZRX/USD
0.2498,0.255,0.2495,0.255,1549724400,93142.7,23337.44,ZRX/USD
0.2488,0.2508,0.2472,0.2498,1549728000,61511.56,15254.17,ZRX/USD
0.2459,0.2488,0.245,0.2488,1549731600,84536.11,20762.88,ZRX/USD
0.2462,0.2477,0.244,0.2459,1549735200,122954.88,30105.2,ZRX/USD
0.2472,0.2477,0.2443,0.2462,1549738800,49242.67,12122.87,ZRX/USD
0.2459,0.2473,0.2455,0.2472,1549742400,19170.69,4712.85,ZRX/USD
0.2477,0.2481,0.2454,0.2459,1549746000,19314.09,4756.85,ZRX/USD
0.2473,0.2479,0.2458,0.2477,1549749600,64101.93,15773.03,ZRX/USD
0.2463,0.2474,0.2447,0.2473,1549753200,48314.01,11849.45,ZRX/USD
0.2465,0.248,0.2455,0.2463,1549756800,140318.67,34591.87,ZRX/USD
0.2481,0.2483,0.2456,0.2465,1549760400,71325.2,17573.86,ZRX/USD
0.2465,0.2484,0.246,0.2481,1549764000,38733.77,9550.03,ZRX/USD
0.2466,0.2467,0.2455,0.2465,1549767600,36391.37,8966.29,ZRX/USD
0.2481,0.2491,0.2453,0.2466,1549771200,43747.62,10873.34,ZRX/USD
0.247,0.2481,0.2467,0.2481,1549774800,43298.61,10691.12,ZRX/USD
0.2464,0.2483,0.2458,0.247,1549778400,36400.2,9001.56,ZRX/USD
0.2446,0.2464,0.2432,0.2464,1549782000,88037.56,21470.26,ZRX/USD
0.2431,0.2447,0.242,0.2446,1549785600,18851.27,4574.72,ZRX/USD
0.2431,0.2454,0.2416,0.2431,1549789200,7963.08,1935.36,ZRX/USD
0.2515,0.2516,0.243,0.2431,1549792800,172659.26,42746.37,ZRX/USD
0.2433,0.2515,0.2428,0.2515,1549796400,138733.58,34294.22,ZRX/USD
0.2425,0.2435,0.2423,0.2433,1549800000,18930.28,4639.09,ZRX/USD
0.2424,0.2427,0.2411,0.2425,1549803600,62866.87,15213.34,ZRX/USD
0.2415,0.2427,0.2409,0.2424,1549807200,48211.65,11686.39,ZRX/USD
0.2439,0.2439,0.241,0.2415,1549810800,103454.31,25091.11,ZRX/USD
0.2425,0.2447,0.2413,0.2439,1549814400,39438.66,9597.2,ZRX/USD
0.2422,0.2442,0.2407,0.2425,1549818000,75833.92,18360.21,ZRX/USD
0.2425,0.2435,0.2412,0.2422,1549821600,50146.91,12153.83,ZRX/USD
0.2439,0.244,0.2425,0.2425,1549825200,81194.75,19750.29,ZRX/USD
0.2431,0.244,0.2407,0.2439,1549828800,29563.06,7178.98,ZRX/USD
0.2424,0.2439,0.2417,0.2431,1549832400,84185.02,20378.78,ZRX/USD
0.2447,0.2447,0.2417,0.2424,1549836000,76997.41,18734.9,ZRX/USD
0.2483,0.25,0.2437,0.2447,1549839600,257492.85,63665.35,ZRX/USD
0.2455,0.2483,0.2451,0.2483,1549843200,183059.91,45203.07,ZRX/USD
0.2445,0.2457,0.2443,0.2455,1549846800,46556.88,11409.93,ZRX/USD
0.2455,0.2468,0.2443,0.2445,1549850400,44865.47,11007.83,ZRX/USD
0.2446,0.2455,0.2434,0.2455,1549854000,63062.2,15396.66,ZRX/USD
0.2438,0.2456,0.243,0.2446,1549857600,58405.48,14288.15,ZRX/USD
0.2437,0.2449,0.2431,0.2438,1549861200,41747.22,10216.23,ZRX/USD
0.2433,0.2442,0.2418,0.2437,1549864800,122365.93,29582.2,ZRX/USD
0.2448,0.2448,0.2429,0.2433,1549868400,26642.21,6546.4,ZRX/USD
0.2437,0.2448,0.2426,0.2448,1549872000,4594.22,1123.07,ZRX/USD
0.2428,0.2437,0.2426,0.2437,1549875600,23103.87,5688.08,ZRX/USD
0.2417,0.2434,0.2411,0.2428,1549879200,28504.97,6968.15,ZRX/USD
0.2428,0.2434,0.2417,0.2417,1549882800,12379.2,3005.88,ZRX/USD
0.2425,0.2437,0.2415,0.2428,1549886400,24883.28,6066.8,ZRX/USD
0.244,0.2441,0.2416,0.2425,1549890000,32744.3,7982.56,ZRX/USD
0.243,0.2452,0.242,0.244,1549893600,259644.26,63022.08,ZRX/USD
0.2425,0.2438,0.2409,0.243,1549897200,199262.12,48292.42,ZRX/USD
0.2385,0.2425,0.2382,0.2425,1549900800,118259.32,28357.24,ZRX/USD
0.2411,0.2411,0.2385,0.2385,1549904400,102530.56,24753.46,ZRX/USD
0.239,0.2411,0.238,0.2411,1549908000,116191.35,27823.26,ZRX/USD
0.2391,0.2409,0.2383,0.239,1549911600,50732.89,12160.84,ZRX/USD
0.2403,0.2411,0.2391,0.2391,1549915200,41385.12,9987.89,ZRX/USD
0.2403,0.2411,0.2385,0.2403,1549918800,180467.2,44159.11,ZRX/USD
0.2401,0.2411,0.2393,0.2403,1549922400,49431.67,11858.26,ZRX/USD
0.2396,0.2404,0.2384,0.2401,1549926000,33569.47,8033.06,ZRX/USD
0.2372,0.2399,0.2361,0.2396,1549929600,191403.68,45504.18,ZRX/USD
0.2366,0.2372,0.2361,0.2372,1549933200,95505.62,22495.57,ZRX/USD
0.2359,0.2366,0.2351,0.2366,1549936800,20735.25,4873.77,ZRX/USD
0.2358,0.2367,0.2348,0.2359,1549940400,58093.55,13693.14,ZRX/USD
0.2368,0.2372,0.2358,0.2358,1549944000,69463.32,16421.39,ZRX/USD
0.2368,0.2382,0.2361,0.2368,1549947600,84608.32,20119.38,ZRX/USD
0.2354,0.2377,0.2353,0.2368,1549951200,28925.55,6822.38,ZRX/USD
0.2365,0.2381,0.2352,0.2354,1549954800,94776.08,22326.07,ZRX/USD
0.2353,0.2365,0.2345,0.2365,1549958400,16080.23,3781.11,ZRX/USD
0.235,0.2362,0.2339,0.2353,1549962000,102046.74,23951.63,ZRX/USD
0.2339,0.2353,0.2326,0.235,1549965600,22648.05,5398.98,ZRX/USD
0.2337,0.2347,0.2333,0.2339,1549969200,25085.97,5838.54,ZRX/USD
0.2352,0.2361,0.2334,0.2337,1549972800,74433.99,17401.1,ZRX/USD
0.2354,0.2371,0.2337,0.2352,1549976400,46214.82,11019.51,ZRX/USD
0.2336,0.236,0.2331,0.2354,1549980000,32159.63,7511.52,ZRX/USD
0.2345,0.2345,0.2331,0.2336,1549983600,70000.7,16382.38,ZRX/USD
0.2364,0.2369,0.2335,0.2345,1549987200,103782.69,24381.88,ZRX/USD
0.2368,0.2371,0.2356,0.2364,1549990800,73926.74,17405.07,ZRX/USD
0.2375,0.2388,0.2345,0.2368,1549994400,170889.14,40628.93,ZRX/USD
0.2377,0.2389,0.2371,0.2375,1549998000,80782.93,19406.97,ZRX/USD
0.2384,0.2385,0.237,0.2377,1550001600,89361.46,21504.32,ZRX/USD
0.2351,0.2384,0.2348,0.2384,1550005200,125807.76,29778.73,ZRX/USD
0.2327,0.2355,0.232,0.2351,1550008800,200122.59,46605.14,ZRX/USD
0.2354,0.2357,0.2327,0.2327,1550012400,45907.82,10740.78,ZRX/USD
0.2352,0.2357,0.2339,0.2354,1550016000,82903.81,19377.57,ZRX/USD
0.2339,0.2355,0.2335,0.2352,1550019600,27953.25,6547.25,ZRX/USD
0.2359,0.2361,0.2334,0.2339,1550023200,60001.32,14173.92,ZRX/USD
0.2362,0.2362,0.2344,0.2359,1550026800,68180.32,16035.31,ZRX/USD
0.2358,0.2364,0.2344,0.2362,1550030400,75586.51,17746.46,ZRX/USD
0.2359,0.2362,0.2344,0.2358,1550034000,30755.59,7246.65,ZRX/USD
0.2373,0.2388,0.2352,0.2359,1550037600,145884.31,34618.19,ZRX/USD
0.2365,0.2384,0.235,0.2373,1550041200,41717.61,9833.25,ZRX/USD
0.2343,0.2365,0.2335,0.2365,1550044800,33895.52,7935.92,ZRX/USD
0.2349,0.2353,0.2334,0.2343,1550048400,32623.52,7749.55,ZRX/USD
0.234,0.2357,0.2334,0.2349,1550052000,13674.0,3251.08,ZRX/USD
0.2348,0.2351,0.2324,0.234,1550055600,83815.74,19691.7,ZRX/USD
0.2355,0.2355,0.2333,0.2348,1550059200,18209.1,4295.03,ZRX/USD
0.2338,0.2368,0.2333,0.2355,1550062800,30921.37,7270.56,ZRX/USD
0.2321,0.2344,0.232,0.2338,1550066400,63379.94,14766.58,ZRX/USD
0.2308,0.2325,0.2308,0.2321,1550070000,150302.3,34739.63,ZRX/USD
0.2324,0.2324,0.2297,0.2308,1550073600,66254.58,15276.02,ZRX/USD
0.2324,0.2326,0.2305,0.2324,1550077200,48510.92,11221.93,ZRX/USD
0.2314,0.2333,0.2304,0.2324,1550080800,135736.08,31504.29,ZRX/USD
0.2312,0.2332,0.2303,0.2314,1550084400,54712.47,12728.44,ZRX/USD
0.2318,0.2323,0.2297,0.2312,1550088000,46156.49,10647.11,ZRX/USD
0.2321,0.2323,0.2298,0.2318,1550091600,38619.34,8936.13,ZRX/USD
0.232,0.2325,0.2308,0.2321,1550095200,28413.27,6603.65,ZRX/USD
0.2318,0.2325,0.2305,0.232,1550098800,32345.78,7501.21,ZRX/USD
0.2316,0.2321,0.2298,0.2318,1550102400,82442.64,19016.11,ZRX/USD
0.2283,0.232,0.2283,0.2316,1550106000,256199.22,58672.35,ZRX/USD
0.2271,0.2283,0.226,0.2283,1550109600,83993.8,19075.22,ZRX/USD
0.2296,0.2303,0.2268,0.2271,1550113200,124213.43,28397.32,ZRX/USD
0.23,0.23,0.2276,0.2296,1550116800,37928.32,8688.46,ZRX/USD
0.2281,0.23,0.2273,0.23,1550120400,83660.75,19104.92,ZRX/USD
0.2269,0.2281,0.2269,0.2281,1550124000,31429.37,7129.12,ZRX/USD
0.2262,0.2281,0.226,0.2269,1550127600,165592.78,37521.3,ZRX/USD
0.2266,0.2268,0.2251,0.2262,1550131200,36518.41,8276.67,ZRX/USD
0.2276,0.2284,0.2257,0.2266,1550134800,81675.49,18579.94,ZRX/USD
0.2264,0.2276,0.2255,0.2276,1550138400,196126.74,44393.36,ZRX/USD
0.2232,0.2264,0.223,0.2264,1550142000,83085.94,18766.54,ZRX/USD
0.224,0.2251,0.2228,0.2232,1550145600,204124.19,45703.56,ZRX/USD
0.2258,0.2264,0.224,0.224,1550149200,74961.4,16888.34,ZRX/USD
0.2253,0.2274,0.2243,0.2258,1550152800,113776.5,25649.4,ZRX/USD
0.2262,0.2272,0.2241,0.2253,1550156400,62390.29,14309.93,ZRX/USD
0.2279,0.228,0.2257,0.2262,1550160000,30399.66,6909.41,ZRX/USD
0.2278,0.229,0.2269,0.2279,1550163600,97682.3,22240.33,ZRX/USD
0.2264,0.2278,0.2256,0.2278,1550167200,59516.54,13466.89,ZRX/USD
0.2304,0.2304,0.2257,0.2264,1550170800,125082.45,28642.61,ZRX/USD
0.229,0.2304,0.2272,0.2304,1550174400,91234.1,20884.88,ZRX/USD
0.2282,0.2297,0.2265,0.229,1550178000,122520.33,27968.0,ZRX/USD
0.227,0.2283,0.2264,0.2282,1550181600,41482.88,9409.03,ZRX/USD
0.2254,0.2274,0.2249,0.227,1550185200,182388.94,41413.57,ZRX/USD
0.2269,0.2277,0.2251,0.2254,1550188800,103966.94,23524.98,ZRX/USD
0.2268,0.228,0.2261,0.2269,1550192400,26317.18,5963.21,ZRX/USD
0.2266,0.227,0.226,0.2268,1550196000,20413.44,4644.17,ZRX/USD
0.2285,0.2291,0.226,0.2266,1550199600,88192.01,20167.54,ZRX/USD
0.2296,0.2299,0.2276,0.2285,1550203200,45942.2,10534.47,ZRX/USD
0.2299,0.2299,0.2287,0.2296,1550206800,22941.66,5247.67,ZRX/USD
0.2296,0.2299,0.2282,0.2299,1550210400,40971.55,9400.54,ZRX/USD
0.2282,0.2298,0.2277,0.2296,1550214000,31624.26,7248.16,ZRX/USD
0.2295,0.2295,0.2274,0.2282,1550217600,36905.73,8413.74,ZRX/USD
0.2284,0.2295,0.2275,0.2295,1550221200,12605.07,2894.38,ZRX/USD
0.2291,0.2298,0.2277,0.2284,1550224800,25740.87,5954.64,ZRX/USD
0.2294,0.2299,0.2286,0.2291,1550228400,39354.15,9130.48,ZRX/USD
0.2294,0.23,0.2284,0.2294,1550232000,19786.99,4524.45,ZRX/USD
0.2291,0.2309,0.2288,0.2294,1550235600,121529.16,27837.76,ZRX/USD
0.2283,0.233,0.2273,0.2291,1550239200,194634.1,44880.97,ZRX/USD
0.226,0.2283,0.2253,0.2283,1550242800,242136.39,55233.79,ZRX/USD
0.2249,0.2276,0.2244,0.226,1550246400,85227.05,19142.98,ZRX/USD
0.2255,0.2271,0.2245,0.2249,1550250000,42609.18,9588.65,ZRX/USD
0.2269,0.2278,0.2247,0.2255,1550253600,31056.75,7000.29,ZRX/USD
0.2269,0.2274,0.2255,0.2269,1550257200,36489.53,8242.17,ZRX/USD
0.2257,0.227,0.2253,0.2269,1550260800,75141.89,16987.16,ZRX/USD
0.2272,0.2274,0.2251,0.2257,1550264400,16944.08,3824.55,ZRX/USD
0.2262,0.2276,0.225,0.2272,1550268000,99929.68,22533.86,ZRX/USD
0.2268,0.227,0.2252,0.2262,1550271600,27186.05,6143.06,ZRX/USD
0.2265,0.2274,0.2247,0.2268,1550275200,44271.77,10043.56,ZRX/USD
0.2273,0.2277,0.2265,0.2265,1550278800,25337.18,5791.75,ZRX/USD
0.2263,0.2274,0.2254,0.2273,1550282400,27340.23,6178.64,ZRX/USD
0.2292,0.2301,0.2263,0.2263,1550286000,153441.86,34981.03,ZRX/USD
0.2287,0.2297,0.2275,0.2292,1550289600,66881.38,15303.66,ZRX/USD
0.23,0.2302,0.2287,0.2287,1550293200,25121.59,5787.49,ZRX/USD
0.229,0.2305,0.228,0.23,1550296800,33974.04,7769.94,ZRX/USD
0.2298,0.2304,0.2282,0.229,1550300400,22024.25,5056.37,ZRX/USD
0.2297,0.23,0.2279,0.2298,1550304000,9605.09,2219.4,ZRX/USD
0.2295,0.2301,0.2292,0.2297,1550307600,7762.63,1806.35,ZRX/USD
0.2296,0.2298,0.2279,0.2295,1550311200,19036.28,4377.87,ZRX/USD
0.2296,0.2297,0.228,0.2296,1550314800,14985.89,3434.84,ZRX/USD
0.2301,0.231,0.2284,0.2296,1550318400,103277.44,23780.77,ZRX/USD
0.2344,0.2345,0.2301,0.2301,1550322000,80574.21,18849.45,ZRX/USD
0.2362,0.2364,0.2336,0.2344,1550325600,45757.63,10718.18,ZRX/USD
0.2338,0.2363,0.2303,0.2362,1550329200,262244.07,61007.17,ZRX/USD
0.233,0.2339,0.2308,0.2338,1550332800,45609.1,10587.65,ZRX/USD
0.2318,0.233,0.2311,0.233,1550336400,37115.52,8595.55,ZRX/USD
0.2318,0.2323,0.2314,0.2318,1550340000,57577.7,13408.0,ZRX/USD
0.2326,0.2327,0.231,0.2318,1550343600,42756.68,9925.85,ZRX/USD
0.2321,0.2327,0.2311,0.2326,1550347200,58709.81,13619.12,ZRX/USD
0.2315,0.2322,0.2312,0.2321,1550350800,61769.36,14298.08,ZRX/USD
0.2317,0.2318,0.2311,0.2315,1550354400,41331.87,9620.67,ZRX/USD
0.2297,0.2317,0.2297,0.2317,1550358000,44027.93,10156.46,ZRX/USD
0.2299,0.2304,0.2294,0.2297,1550361600,41777.6,9587.94,ZRX/USD
0.2303,0.2303,0.2291,0.2299,1550365200,36414.65,8354.53,ZRX/USD
0.2317,0.2319,0.2299,0.2303,1550368800,98233.24,22675.0,ZRX/USD
0.2355,0.2359,0.2317,0.2317,1550372400,223348.75,52189.71,ZRX/USD
0.2344,0.2355,0.2329,0.2355,1550376000,96651.51,22568.19,ZRX/USD
0.2327,0.2344,0.2326,0.2344,1550379600,26879.77,6267.13,ZRX/USD
0.235,0.2351,0.2327,0.2327,1550383200,44197.2,10433.95,ZRX/USD
0.2359,0.2361,0.235,0.235,1550386800,35942.41,8454.57,ZRX/USD
0.2357,0.2363,0.2347,0.2359,1550390400,134862.75,31836.54,ZRX/USD
0.2357,0.2364,0.2355,0.2357,1550394000,11741.35,2792.46,ZRX/USD
0.2325,0.2394,0.2323,0.2357,1550397600,279352.8,67716.69,ZRX/USD
0.2315,0.2346,0.2315,0.2325,1550401200,39377.19,9247.19,ZRX/USD
0.2295,0.2316,0.2294,0.2315,1550404800,46877.19,10821.3,ZRX/USD
0.2291,0.2295,0.2284,0.2295,1550408400,28364.09,6551.82,ZRX/USD
0.2306,0.2306,0.2289,0.2291,1550412000,63954.96,14629.06,ZRX/USD
0.2318,0.232,0.2291,0.2306,1550415600,22217.37,5135.61,ZRX/USD
0.2373,0.2408,0.2318,0.2318,1550419200,191213.12,45339.11,ZRX/USD
0.2394,0.2398,0.2367,0.2373,1550422800,115588.47,27420.24,ZRX/USD
0.2372,0.2402,0.2367,0.2394,1550426400,119785.52,28480.56,ZRX/USD
0.2377,0.2382,0.2365,0.2372,1550430000,42501.27,10057.45,ZRX/USD
0.2354,0.2377,0.2354,0.2377,1550433600,91641.5,21692.55,ZRX/USD
0.2377,0.24,0.2351,0.2354,1550437200,152693.66,36586.44,ZRX/USD
0.241,0.2413,0.2374,0.2377,1550440800,104011.62,24976.84,ZRX/USD
0.2413,0.2423,0.2395,0.241,1550444400,232334.55,56505.86,ZRX/USD
0.2418,0.2418,0.2373,0.2413,1550448000,144606.8,34783.19,ZRX/USD
0.2422,0.2435,0.2397,0.2418,1550451600,274993.17,66275.88,ZRX/USD
0.245,0.245,0.2416,0.2422,1550455200,152415.76,37136.45,ZRX/USD
0.2452,0.2476,0.2444,0.245,1550458800,272339.39,66643.63,ZRX/USD
0.2431,0.2452,0.2427,0.2452,1550462400,90673.41,22192.22,ZRX/USD
0.243,0.2431,0.2395,0.2431,1550466000,93739.25,22820.11,ZRX/USD
0.2442,0.2443,0.2423,0.243,1550469600,57040.01,13833.39,ZRX/USD
0.2438,0.2457,0.2434,0.2442,1550473200,95446.74,23296.04,ZRX/USD
0.2437,0.2442,0.2417,0.2438,1550476800,74901.16,18226.31,ZRX/USD
0.2452,0.2452,0.2416,0.2437,1550480400,119608.59,29086.33,ZRX/USD
0.2451,0.2457,0.2437,0.2452,1550484000,49322.28,12084.56,ZRX/USD
0.2495,0.25,0.2451,0.2451,1550487600,120735.66,30290.4,ZRX/USD
0.252,0.252,0.2493,0.2495,1550491200,188804.81,47426.44,ZRX/USD
0.2561,0.2566,0.251,0.252,1550494800,606916.73,153496.85,ZRX/USD
0.2541,0.2562,0.2528,0.2561,1550498400,292614.62,74323.49,ZRX/USD
0.2586,0.2612,0.254,0.2541,1550502000,691767.24,177768.63,ZRX/USD
0.2585,0.2591,0.255,0.2586,1550505600,667751.79,171229.24,ZRX/USD
0.2579,0.259,0.2566,0.2585,1550509200,306634.15,78792.77,ZRX/USD
0.2554,0.2584,0.2554,0.2579,1550512800,203787.93,52336.93,ZRX/USD
0.2555,0.2567,0.2554,0.2554,1550516400,222028.01,56545.55,ZRX/USD
0.2543,0.2559,0.2526,0.2555,1550520000,241804.06,61121.88,ZRX/USD
0.2527,0.2555,0.2523,0.2543,1550523600,161646.51,41024.5,ZRX/USD
0.2512,0.2536,0.2492,0.2527,1550527200,120648.53,30268.9,ZRX/USD
0.2519,0.2535,0.249,0.2512,1550530800,244363.21,61049.43,ZRX/USD
0.2579,0.2583,0.2511,0.2519,1550534400,359957.95,91959.98,ZRX/USD
0.2472,0.258,0.2466,0.2579,1550538000,374982.9,94085.45,ZRX/USD
0.2463,0.2485,0.2452,0.2472,1550541600,232448.19,57599.59,ZRX/USD
0.2477,0.2483,0.2453,0.2463,1550545200,170435.59,41936.3,ZRX/USD
0.2494,0.2498,0.2474,0.2477,1550548800,76702.25,19052.11,ZRX/USD
0.2476,0.2497,0.2469,0.2494,1550552400,85070.77,21047.54,ZRX/USD
0.2483,0.2483,0.2465,0.2476,1550556000,72322.81,18030.4,ZRX/USD
0.2514,0.2515,0.248,0.2483,1550559600,158883.76,39932.53,ZRX/USD
0.2521,0.2522,0.2497,0.2514,1550563200,67597.08,16967.58,ZRX/USD
0.2487,0.2523,0.2487,0.2521,1550566800,45335.33,11425.22,ZRX/USD
0.2502,0.2502,0.2478,0.2487,1550570400,80810.0,20355.03,ZRX/USD
0.2503,0.2506,0.2489,0.2502,1550574000,34556.63,8612.85,ZRX/USD
0.2521,0.2537,0.2493,0.2503,1550577600,202457.62,51191.3,ZRX/USD
0.2548,0.2561,0.2519,0.2521,1550581200,148410.54,37865.49,ZRX/USD
0.2504,0.2548,0.2504,0.2548,1550584800,149878.46,37794.6,ZRX/USD
0.2533,0.2533,0.25,0.2504,1550588400,223095.88,56290.84,ZRX/USD
0.2514,0.254,0.2513,0.2533,1550592000,101029.06,25477.02,ZRX/USD
0.2524,0.2528,0.2514,0.2514,1550595600,306347.5,78888.39,ZRX/USD
0.2539,0.2544,0.2521,0.2524,1550599200,103022.35,26197.43,ZRX/USD
0.2555,0.2559,0.2536,0.2539,1550602800,95069.02,24233.59,ZRX/USD
0.2539,0.2559,0.2532,0.2555,1550606400,100290.99,25475.59,ZRX/USD
0.2495,0.2544,0.2494,0.2539,1550610000,130830.35,33078.38,ZRX/USD
0.2507,0.2509,0.2478,0.2495,1550613600,487049.59,120749.43,ZRX/USD
0.2511,0.2511,0.2488,0.2507,1550617200,69463.26,17314.65,ZRX/USD
0.2482,0.2519,0.2476,0.2511,1550620800,128911.44,31978.17,ZRX/USD
0.2468,0.2483,0.2468,0.2482,1550624400,194818.98,47917.57,ZRX/USD
0.2483,0.2483,0.2454,0.2468,1550628000,77308.43,19024.52,ZRX/USD
0.2484,0.249,0.2478,0.2483,1550631600,25301.34,6255.41,ZRX/USD
0.248,0.249,0.247,0.2484,1550635200,79101.2,19576.93,ZRX/USD
0.2477,0.2486,0.2465,0.248,1550638800,100341.49,24777.49,ZRX/USD
0.2479,0.2482,0.2458,0.2477,1550642400,29215.52,7198.86,ZRX/USD
0.2485,0.2487,0.2473,0.2479,1550646000,54121.02,13503.22,ZRX/USD
0.2493,0.2493,0.2467,0.2485,1550649600,56701.89,13999.66,ZRX/USD
0.2481,0.2493,0.2474,0.2493,1550653200,6432.97,1602.13,ZRX/USD
0.249,0.2497,0.2473,0.2481,1550656800,50223.63,12503.29,ZRX/USD
0.2482,0.2506,0.2478,0.249,1550660400,158057.53,39307.07,ZRX/USD
0.2506,0.2506,0.2482,0.2482,1550664000,68603.14,17255.76,ZRX/USD
0.2502,0.2514,0.2502,0.2506,1550667600,234931.11,59212.69,ZRX/USD
0.2496,0.2503,0.2489,0.2502,1550671200,47803.27,11966.14,ZRX/USD
0.2496,0.2502,0.2479,0.2496,1550674800,45959.64,11464.69,ZRX/USD
0.2508,0.2512,0.2493,0.2496,1550678400,81529.81,20314.06,ZRX/USD
0.2506,0.2511,0.2502,0.2508,1550682000,69361.08,17342.73,ZRX/USD
0.2511,0.2513,0.2503,0.2506,1550685600,122561.22,30777.44,ZRX/USD
0.2525,0.2526,0.2501,0.2511,1550689200,46865.6,11867.79,ZRX/USD
0.2558,0.2558,0.2515,0.2525,1550692800,89136.79,22653.5,ZRX/USD
0.2532,0.2559,0.2528,0.2558,1550696400,205847.27,52111.51,ZRX/USD
0.2534,0.2535,0.2517,0.2532,1550700000,62444.58,15789.32,ZRX/USD
0.2542,0.2548,0.2526,0.2534,1550703600,149221.69,38040.27,ZRX/USD
0.2538,0.2547,0.252,0.2542,1550707200,89661.41,22638.32,ZRX/USD
0.2539,0.2545,0.2526,0.2538,1550710800,102948.46,26027.19,ZRX/USD
0.254,0.2553,0.2533,0.2539,1550714400,135177.99,34298.11,ZRX/USD
0.2558,0.2559,0.253,0.254,1550718000,159014.19,40446.35,ZRX/USD
0.2583,0.2583,0.2555,0.2558,1550721600,281737.78,73672.39,ZRX/USD
0.2572,0.259,0.2565,0.2583,1550725200,168171.38,43551.27,ZRX/USD
0.2536,0.2592,0.2534,0.2572,1550728800,171072.38,43779.93,ZRX/USD
0.2543,0.2543,0.253,0.2536,1550732400,34797.68,8902.76,ZRX/USD
0.2521,0.2543,0.2517,0.2543,1550736000,43849.21,11043.04,ZRX/USD
0.2506,0.2521,0.2501,0.2521,1550739600,158824.27,39711.15,ZRX/USD
0.2483,0.251,0.2482,0.2506,1550743200,244489.96,61728.69,ZRX/USD
0.2481,0.2486,0.2466,0.2483,1550746800,19006.59,4698.92,ZRX/USD
0.2485,0.2488,0.2471,0.2481,1550750400,29381.03,7264.01,ZRX/USD
0.2488,0.2494,0.2474,0.2485,1550754000,68851.24,17036.04,ZRX/USD
0.2494,0.2499,0.2476,0.2488,1550757600,62117.57,15442.47,ZRX/USD
0.2493,0.2512,0.2477,0.2494,1550761200,98832.43,24536.47,ZRX/USD
0.2502,0.2524,0.2486,0.2493,1550764800,113294.1,28588.84,ZRX/USD
0.25,0.2509,0.2489,0.2502,1550768400,51558.93,12969.94,ZRX/USD
0.2485,0.2505,0.2478,0.25,1550772000,32038.44,7965.58,ZRX/USD
0.2499,0.25,0.2472,0.2485,1550775600,19164.36,4776.51,ZRX/USD
0.2478,0.2504,0.2478,0.2499,1550779200,21193.22,5269.92,ZRX/USD
0.2475,0.2479,0.2468,0.2478,1550782800,96846.74,23941.85,ZRX/USD
0.2485,0.2493,0.2467,0.2475,1550786400,37495.65,9278.7,ZRX/USD
0.2471,0.249,0.2463,0.2485,1550790000,26922.39,6645.75,ZRX/USD
0.249,0.2501,0.2471,0.2471,1550793600,39031.53,9737.48,ZRX/USD
0.2496,0.2506,0.2483,0.249,1550797200,177651.31,44146.63,ZRX/USD
0.2498,0.2504,0.2492,0.2496,1550800800,18923.89,4728.75,ZRX/USD
0.2497,0.2507,0.2491,0.2498,1550804400,34455.26,8573.33,ZRX/USD
0.2485,0.2508,0.248,0.2497,1550808000,141984.96,35398.37,ZRX/USD
0.249,0.2502,0.2479,0.2485,1550811600,68483.47,16999.22,ZRX/USD
0.2489,0.2497,0.2478,0.249,1550815200,41069.52,10182.9,ZRX/USD
0.2443,0.2489,0.2441,0.2489,1550818800,238437.87,58611.05,ZRX/USD
0.2466,0.2476,0.2442,0.2443,1550822400,81580.75,20160.76,ZRX/USD
0.2468,0.2474,0.2459,0.2466,1550826000,235917.71,58591.34,ZRX/USD
0.2467,0.2471,0.2444,0.2468,1550829600,63440.58,15653.52,ZRX/USD
0.2459,0.2467,0.2456,0.2467,1550833200,26462.04,6503.64,ZRX/USD
0.2466,0.2468,0.2458,0.2459,1550836800,42728.45,10546.5,ZRX/USD
0.2489,0.2489,0.2465,0.2466,1550840400,152419.59,37756.25,ZRX/USD
0.2488,0.2501,0.248,0.2489,1550844000,142715.64,35458.18,ZRX/USD
0.2491,0.25,0.2474,0.2488,1550847600,77882.21,19435.68,ZRX/USD
0.2487,0.25,0.2474,0.2491,1550851200,44607.02,11069.41,ZRX/USD
0.2494,0.2496,0.2474,0.2487,1550854800,38897.22,9636.85,ZRX/USD
0.2509,0.251,0.249,0.2494,1550858400,106258.62,27005.36,ZRX/USD
0.2506,0.2511,0.25,0.2509,1550862000,60713.9,15190.29,ZRX/USD
0.2506,0.2509,0.2494,0.2506,1550865600,136864.26,34136.63,ZRX/USD
0.2505,0.251,0.2488,0.2506,1550869200,36573.24,9171.06,ZRX/USD
0.2516,0.2516,0.2497,0.2505,1550872800,56140.37,14105.9,ZRX/USD
0.2509,0.2518,0.2509,0.2516,1550876400,58467.63,14633.45,ZRX/USD
0.2471,0.2509,0.2471,0.2509,1550880000,65790.87,16387.66,ZRX/USD
0.2483,0.2486,0.2467,0.2471,1550883600,28711.91,7113.47,ZRX/USD
0.2495,0.2503,0.2483,0.2483,1550887200,77266.79,19164.04,ZRX/USD
0.2505,0.2505,0.2485,0.2495,1550890800,26701.11,6641.76,ZRX/USD
0.2494,0.2507,0.2491,0.2505,1550894400,31336.9,7791.64,ZRX/USD
0.248,0.2499,0.2473,0.2494,1550898000,27090.36,6718.6,ZRX/USD
0.2482,0.2487,0.2465,0.248,1550901600,54455.16,13489.54,ZRX/USD
0.2482,0.2488,0.2474,0.2482,1550905200,15446.65,3834.01,ZRX/USD
0.2478,0.2486,0.2469,0.2482,1550908800,11586.29,2867.12,ZRX/USD
0.2479,0.2479,0.2468,0.2478,1550912400,20693.65,5148.53,ZRX/USD
0.2482,0.2482,0.2471,0.2479,1550916000,40475.1,10058.85,ZRX/USD
0.2488,0.249,0.2476,0.2482,1550919600,22112.38,5524.75,ZRX/USD
0.2485,0.2491,0.2474,0.2488,1550923200,19687.63,4939.69,ZRX/USD
0.2481,0.2486,0.2464,0.2485,1550926800,12211.65,3021.78,ZRX/USD
0.2485,0.2485,0.2463,0.2481,1550930400,12937.46,3202.74,ZRX/USD
0.2468,0.2485,0.2465,0.2485,1550934000,37729.02,9345.34,ZRX/USD
0.2517,0.252,0.2461,0.2468,1550937600,339064.26,85773.74,ZRX/USD
0.2566,0.2569,0.2514,0.2517,1550941200,600548.83,152462.38,ZRX/USD
0.2571,0.2596,0.2548,0.2566,1550944800,541741.57,139617.51,ZRX/USD
0.2551,0.2599,0.2545,0.2571,1550948400,299945.18,77067.56,ZRX/USD
0.2584,0.2591,0.2545,0.2551,1550952000,244010.43,62591.7,ZRX/USD
0.2577,0.2586,0.2563,0.2584,1550955600,370663.77,95041.32,ZRX/USD
0.2571,0.2578,0.2564,0.2577,1550959200,97381.35,25071.72,ZRX/USD
0.257,0.2593,0.2555,0.2571,1550962800,272644.2,70356.09,ZRX/USD
0.2585,0.2589,0.2565,0.257,1550966400,164428.87,42770.24,ZRX/USD
0.2592,0.2595,0.2574,0.2585,1550970000,133184.46,34394.92,ZRX/USD
0.2612,0.2617,0.2579,0.2592,1550973600,239459.97,62434.63,ZRX/USD
0.2657,0.2676,0.2606,0.2612,1550977200,383759.49,101259.11,ZRX/USD
0.2627,0.2657,0.2612,0.2657,1550980800,177402.83,46878.34,ZRX/USD
0.263,0.2653,0.2618,0.2627,1550984400,254386.46,66823.91,ZRX/USD
0.2632,0.2645,0.2613,0.263,1550988000,213663.02,55991.69,ZRX/USD
0.2627,0.2641,0.2619,0.2632,1550991600,108359.72,28418.19,ZRX/USD
0.2618,0.2635,0.2616,0.2627,1550995200,84435.82,22227.35,ZRX/USD
0.2611,0.2628,0.2606,0.2618,1550998800,157413.38,41262.83,ZRX/USD
0.2594,0.2612,0.2589,0.2611,1551002400,188812.53,49033.07,ZRX/USD
0.2595,0.2618,0.2591,0.2594,1551006000,118476.27,30726.27,ZRX/USD
0.2583,0.2605,0.2571,0.2595,1551009600,76457.9,19819.57,ZRX/USD
0.2585,0.2597,0.2579,0.2583,1551013200,115403.79,29970.16,ZRX/USD
0.2453,0.2585,0.2446,0.2585,1551016800,652496.92,164212.01,ZRX/USD
0.2372,0.2453,0.234,0.2453,1551020400,211039.51,50346.59,ZRX/USD
0.2333,0.2372,0.2304,0.2372,1551024000,411874.33,96217.51,ZRX/USD
0.2353,0.2368,0.2318,0.2333,1551027600,274700.05,64826.57,ZRX/USD
0.2359,0.236,0.2332,0.2353,1551031200,98355.63,23039.72,ZRX/USD
0.2371,0.2371,0.2342,0.2359,1551034800,114683.35,27062.43,ZRX/USD
0.2428,0.2441,0.2371,0.2371,1551038400,247738.63,59935.28,ZRX/USD
0.242,0.2436,0.2405,0.2428,1551042000,193687.74,46663.61,ZRX/USD
0.2387,0.242,0.2379,0.242,1551045600,103657.03,24791.49,ZRX/USD
0.2339,0.2389,0.2331,0.2387,1551049200,101159.04,23961.88,ZRX/USD
0.236,0.2362,0.2329,0.2339,1551052800,65016.43,15245.69,ZRX/USD
0.2364,0.2364,0.2342,0.236,1551056400,55162.7,12957.85,ZRX/USD
0.2367,0.2376,0.2352,0.2364,1551060000,48757.73,11498.24,ZRX/USD
0.2371,0.2376,0.2358,0.2367,1551063600,44625.36,10606.69,ZRX/USD
0.2378,0.2378,0.2354,0.2371,1551067200,74898.68,17875.7,ZRX/USD
0.2351,0.2379,0.2347,0.2378,1551070800,56947.92,13441.04,ZRX/USD
0.2346,0.2361,0.2343,0.2351,1551074400,16785.24,3944.99,ZRX/USD
0.2356,0.2366,0.2346,0.2346,1551078000,34026.16,8011.99,ZRX/USD
0.2342,0.2357,0.2342,0.2356,1551081600,9680.05,2268.38,ZRX/USD
0.2342,0.2362,0.2342,0.2342,1551085200,11418.62,2678.33,ZRX/USD
0.2329,0.2355,0.2329,0.2342,1551088800,58795.82,13816.8,ZRX/USD
0.2331,0.2344,0.2323,0.2329,1551092400,24926.6,5797.25,ZRX/USD
0.2324,0.2353,0.2324,0.2331,1551096000,30432.85,7107.88,ZRX/USD
0.2347,0.2356,0.2316,0.2324,1551099600,49457.87,11543.73,ZRX/USD
0.2344,0.2352,0.2327,0.2347,1551103200,54837.31,12837.13,ZRX/USD
0.2373,0.2373,0.2337,0.2344,1551106800,120422.57,28358.19,ZRX/USD
0.242,0.2423,0.2366,0.2373,1551110400,232799.44,56050.52,ZRX/USD
0.2396,0.242,0.2383,0.242,1551114000,153137.55,37025.26,ZRX/USD
0.2408,0.2423,0.2387,0.2396,1551117600,192353.48,46399.46,ZRX/USD
0.2396,0.2421,0.2391,0.2408,1551121200,129456.42,31154.7,ZRX/USD
0.2383,0.2421,0.2383,0.2396,1551124800,83617.67,20202.34,ZRX/USD
0.2374,0.2392,0.237,0.2383,1551128400,50224.27,11931.45,ZRX/USD
0.2396,0.2402,0.2361,0.2374,1551132000,248066.73,58798.89,ZRX/USD
0.2409,0.2424,0.2376,0.2396,1551135600,81738.55,19494.52,ZRX/USD
0.2357,0.2417,0.2357,0.2409,1551139200,109759.8,26089.8,ZRX/USD
0.2364,0.239,0.2353,0.2357,1551142800,71393.13,16939.68,ZRX/USD
0.2376,0.2405,0.2364,0.2364,1551146400,36853.32,8783.3,ZRX/USD
0.2382,0.2396,0.2364,0.2376,1551150000,37951.74,9035.05,ZRX/USD
0.2382,0.2395,0.2368,0.2382,1551153600,18209.06,4348.13,ZRX/USD
0.2368,0.2387,0.2364,0.2382,1551157200,52785.05,12567.37,ZRX/USD
0.2354,0.2379,0.2347,0.2368,1551160800,80304.03,18881.43,ZRX/USD
0.247,0.2501,0.2343,0.2354,1551164400,576307.79,142988.17,ZRX/USD
0.2488,0.249,0.2466,0.247,1551168000,69312.74,17129.37,ZRX/USD
0.2439,0.249,0.2419,0.2488,1551171600,51182.67,12638.76,ZRX/USD
0.2458,0.2461,0.2424,0.2439,1551175200,41729.9,10332.2,ZRX/USD
0.2437,0.2463,0.2426,0.2458,1551178800,30641.56,7490.98,ZRX/USD
0.2414,0.2443,0.24,0.2437,1551182400,211209.33,51237.09,ZRX/USD
0.2411,0.2416,0.2395,0.2414,1551186000,71175.37,17194.85,ZRX/USD
0.2461,0.2463,0.2407,0.2411,1551189600,391183.97,95030.33,ZRX/USD
0.2522,0.2523,0.2454,0.2461,1551193200,287354.0,71234.58,ZRX/USD
0.2498,0.2524,0.2475,0.2522,1551196800,265311.2,66002.35,ZRX/USD
0.2488,0.2501,0.2477,0.2498,1551200400,110806.14,27638.38,ZRX/USD
0.248,0.2491,0.2477,0.2488,1551204000,140145.8,34602.65,ZRX/USD
0.2483,0.2492,0.2477,0.248,1551207600,69952.54,17307.36,ZRX/USD
0.2483,0.2484,0.2472,0.2483,1551211200,28678.92,7066.13,ZRX/USD
0.2485,0.2488,0.2481,0.2483,1551214800,45808.57,11281.21,ZRX/USD
0.2458,0.2486,0.2455,0.2485,1551218400,176068.64,43420.91,ZRX/USD
0.2463,0.2469,0.2444,0.2458,1551222000,86642.75,21066.12,ZRX/USD
0.2462,0.2465,0.2444,0.2463,1551225600,74167.84,18072.3,ZRX/USD
0.2446,0.2464,0.2434,0.2462,1551229200,129753.44,31589.78,ZRX/USD
0.2491,0.2496,0.2437,0.2446,1551232800,121845.07,29881.81,ZRX/USD
0.2484,0.2507,0.248,0.2491,1551236400,121944.94,30285.04,ZRX/USD
0.2489,0.2497,0.2465,0.2484,1551240000,42534.19,10502.53,ZRX/USD
0.2524,0.2525,0.2473,0.2489,1551243600,86747.73,21646.83,ZRX/USD
0.2554,0.2599,0.2513,0.2524,1551247200,301447.84,77422.93,ZRX/USD
0.2535,0.2569,0.2534,0.2554,1551250800,276503.87,70648.54,ZRX/USD
0.2536,0.2548,0.2531,0.2535,1551254400,25954.59,6583.9,ZRX/USD
0.2742,0.2815,0.253,0.2536,1551258000,1512655.56,414977.51,ZRX/USD
0.2689,0.2775,0.2672,0.2742,1551261600,552444.36,148985.77,ZRX/USD
0.2739,0.2754,0.2651,0.2689,1551265200,289141.71,77813.07,ZRX/USD
0.2695,0.2744,0.2667,0.2739,1551268800,341456.31,91543.97,ZRX/USD
0.27,0.2798,0.2695,0.2695,1551272400,1463058.62,400367.4,ZRX/USD
0.2672,0.2716,0.2649,0.27,1551276000,537483.75,143746.25,ZRX/USD
0.264,0.2686,0.2626,0.2672,1551279600,339864.71,90660.82,ZRX/USD
0.2597,0.2641,0.2578,0.264,1551283200,381579.44,99768.35,ZRX/USD
0.2627,0.2634,0.2593,0.2597,1551286800,93534.99,24359.47,ZRX/USD
0.2626,0.2651,0.261,0.2627,1551290400,228390.46,60635.32,ZRX/USD
0.2613,0.2632,0.2595,0.2626,1551294000,349719.84,92723.27,ZRX/USD
0.2513,0.2652,0.2512,0.2613,1551297600,650654.98,167332.38,ZRX/USD
0.2556,0.2563,0.2506,0.2513,1551301200,215924.68,54755.61,ZRX/USD
0.2544,0.2562,0.2523,0.2556,1551304800,170031.86,43033.47,ZRX/USD
0.2617,0.2625,0.2544,0.2544,1551308400,187143.97,48368.94,ZRX/USD
0.2564,0.2617,0.2561,0.2617,1551312000,97291.95,25090.47,ZRX/USD
0.2501,0.2581,0.2489,0.2564,1551315600,531519.17,134533.55,ZRX/USD
0.256,0.2561,0.2499,0.2501,1551319200,138048.67,35161.01,ZRX/USD
0.2593,0.2593,0.2548,0.256,1551322800,45750.99,11658.92,ZRX/USD
0.2545,0.2624,0.2544,0.2593,1551326400,211728.84,54641.21,ZRX/USD
0.2544,0.2559,0.2531,0.2545,1551330000,51306.77,13007.7,ZRX/USD
0.2532,0.2544,0.2498,0.2544,1551333600,15923.01,4000.44,ZRX/USD
0.2544,0.2544,0.2519,0.2532,1551337200,77797.62,19639.27,ZRX/USD
0.2549,0.2554,0.2522,0.2544,1551340800,174022.95,44336.29,ZRX/USD
0.2484,0.2551,0.2484,0.2549,1551344400,186463.31,46833.49,ZRX/USD
0.2489,0.2522,0.248,0.2484,1551348000,79807.58,19846.12,ZRX/USD
0.2521,0.2521,0.2472,0.2489,1551351600,55007.82,13855.14,ZRX/USD
0.251,0.2527,0.2504,0.2521,1551355200,46930.12,11699.8,ZRX/USD
0.2534,0.2539,0.2485,0.251,1551358800,67771.34,17017.55,ZRX/USD
0.2538,0.2566,0.2534,0.2534,1551362400,104554.25,26403.6,ZRX/USD
0.2532,0.2566,0.2521,0.2538,1551366000,263714.43,66501.19,ZRX/USD
0.2523,0.254,0.2514,0.2532,1551369600,82758.55,20883.92,ZRX/USD
0.2516,0.2524,0.2501,0.2523,1551373200,103151.46,25720.5,ZRX/USD
0.2505,0.2524,0.2498,0.2516,1551376800,99234.53,24665.14,ZRX/USD
0.2504,0.2505,0.248,0.2505,1551380400,88459.78,21979.74,ZRX/USD
0.2487,0.2504,0.2468,0.2504,1551384000,90738.43,22568.99,ZRX/USD
0.2487,0.2502,0.2485,0.2487,1551387600,73351.01,18207.03,ZRX/USD
0.2496,0.2501,0.2468,0.2487,1551391200,36462.46,9017.06,ZRX/USD
0.2479,0.2499,0.2476,0.2496,1551394800,56314.79,14062.85,ZRX/USD
0.2493,0.2515,0.2468,0.2479,1551398400,49877.99,12387.15,ZRX/USD
0.2488,0.2513,0.2481,0.2493,1551402000,51315.24,12736.0,ZRX/USD
0.2477,0.2491,0.2472,0.2488,1551405600,80709.06,19975.27,ZRX/USD
0.2481,0.2487,0.2467,0.2477,1551409200,123709.36,30470.17,ZRX/USD
0.2471,0.2489,0.2456,0.2481,1551412800,219611.17,54029.37,ZRX/USD
0.2446,0.2473,0.2443,0.2471,1551416400,77818.39,19083.91,ZRX/USD
0.2462,0.2476,0.2442,0.2446,1551420000,51549.62,12682.78,ZRX/USD
0.2467,0.2474,0.2449,0.2462,1551423600,37549.82,9230.61,ZRX/USD
0.2475,0.2486,0.2457,0.2467,1551427200,25018.95,6224.14,ZRX/USD
0.2469,0.2487,0.2469,0.2475,1551430800,20675.25,5155.71,ZRX/USD
0.2447,0.2476,0.2447,0.2469,1551434400,40040.14,9850.39,ZRX/USD
0.2473,0.2475,0.2447,0.2447,1551438000,42265.74,10417.96,ZRX/USD
0.2468,0.2474,0.2461,0.2473,1551441600,38526.17,9516.99,ZRX/USD
0.2468,0.2471,0.2459,0.2468,1551445200,57284.2,14110.34,ZRX/USD
0.2476,0.2478,0.2456,0.2468,1551448800,79866.5,19696.97,ZRX/USD
0.246,0.2485,0.245,0.2476,1551452400,112058.25,27645.04,ZRX/USD
0.248,0.248,0.2459,0.246,1551456000,121456.57,30029.01,ZRX/USD
0.2494,0.2507,0.2477,0.248,1551459600,160568.9,40171.41,ZRX/USD
0.248,0.2502,0.2478,0.2494,1551463200,59972.28,14931.54,ZRX/USD
0.2489,0.2496,0.2475,0.248,1551466800,84038.79,20852.07,ZRX/USD
0.2493,0.2494,0.2484,0.2489,1551470400,37916.64,9440.04,ZRX/USD
0.2486,0.2493,0.2466,0.2493,1551474000,114727.6,28477.47,ZRX/USD
0.247,0.2494,0.2466,0.2486,1551477600,182926.72,45378.14,ZRX/USD
0.2471,0.2491,0.2459,0.247,1551481200,132286.89,32845.38,ZRX/USD
0.2483,0.2486,0.2467,0.2471,1551484800,63690.27,15793.72,ZRX/USD
0.2508,0.2512,0.2476,0.2483,1551488400,87014.65,21770.65,ZRX/USD
0.2545,0.2545,0.25,0.2508,1551492000,91552.53,23125.52,ZRX/USD
0.251,0.2549,0.25,0.2545,1551495600,109240.49,27615.01,ZRX/USD
0.2477,0.2516,0.2477,0.251,1551499200,55307.83,13803.95,ZRX/USD
0.2504,0.2508,0.2477,0.2477,1551502800,49602.43,12359.42,ZRX/USD
0.2515,0.2531,0.2495,0.2504,1551506400,91175.65,22969.02,ZRX/USD
0.2474,0.2527,0.2474,0.2515,1551510000,109648.41,27522.03,ZRX/USD
0.2455,0.2474,0.2424,0.2474,1551513600,124539.89,30649.28,ZRX/USD
0.2443,0.2455,0.2436,0.2455,1551517200,30778.23,7610.16,ZRX/USD
0.2432,0.2449,0.2424,0.2443,1551520800,62097.94,15214.48,ZRX/USD
0.2458,0.2467,0.2432,0.2432,1551524400,55842.79,13668.9,ZRX/USD
0.2463,0.2468,0.2444,0.2458,1551528000,54850.22,13416.35,ZRX/USD
0.248,0.2484,0.2456,0.2463,1551531600,60323.47,14892.44,ZRX/USD
0.2463,0.248,0.2454,0.248,1551535200,29749.49,7327.39,ZRX/USD
0.244,0.2464,0.2438,0.2463,1551538800,66450.21,16287.25,ZRX/USD
0.2431,0.2454,0.2423,0.244,1551542400,84220.96,20482.57,ZRX/USD
0.2439,0.2441,0.2425,0.2431,1551546000,48336.16,11764.72,ZRX/USD
0.2433,0.244,0.2421,0.2439,1551549600,97647.45,23691.98,ZRX/USD
0.2421,0.2435,0.2412,0.2433,1551553200,130996.81,31708.05,ZRX/USD
0.2434,0.2438,0.2421,0.2421,1551556800,34409.99,8434.93,ZRX/USD
0.2436,0.2443,0.2424,0.2434,1551560400,62636.61,15237.87,ZRX/USD
0.2438,0.2448,0.2424,0.2436,1551564000,187984.95,45773.82,ZRX/USD
0.2444,0.2449,0.2421,0.2438,1551567600,32751.84,7975.85,ZRX/USD
0.2455,0.2457,0.2428,0.2444,1551571200,109887.05,26887.64,ZRX/USD
0.244,0.2457,0.2434,0.2455,1551574800,45656.95,11237.61,ZRX/USD
0.2434,0.2449,0.2418,0.244,1551578400,36584.48,8890.9,ZRX/USD
0.2432,0.244,0.2423,0.2434,1551582000,14125.59,3432.78,ZRX/USD
0.2448,0.245,0.2424,0.2432,1551585600,30306.55,7393.85,ZRX/USD
0.2429,0.2451,0.2429,0.2448,1551589200,17832.57,4351.31,ZRX/USD
0.2444,0.2456,0.2429,0.2429,1551592800,30537.32,7464.15,ZRX/USD
0.2438,0.2447,0.2424,0.2444,1551596400,18775.97,4608.22,ZRX/USD
0.2441,0.246,0.2426,0.2438,1551600000,50004.66,12217.52,ZRX/USD
0.2449,0.2453,0.2429,0.2441,1551603600,22150.89,5412.7,ZRX/USD
0.2448,0.2451,0.2431,0.2449,1551607200,10129.62,2479.91,ZRX/USD
0.2449,0.2453,0.2427,0.2448,1551610800,16195.99,3975.46,ZRX/USD
0.2442,0.2449,0.2435,0.2449,1551614400,6092.56,1494.71,ZRX/USD
0.2422,0.2447,0.2421,0.2442,1551618000,69771.94,17069.94,ZRX/USD
0.243,0.2431,0.2416,0.2422,1551621600,44970.96,10929.97,ZRX/USD
0.2422,0.2432,0.2416,0.243,1551625200,53910.05,13023.4,ZRX/USD
0.2419,0.2432,0.2417,0.2422,1551628800,122750.63,29903.72,ZRX/USD
0.2401,0.2426,0.2401,0.2419,1551632400,95219.02,22949.88,ZRX/USD
0.2427,0.2435,0.2401,0.2401,1551636000,25890.47,6258.42,ZRX/USD
0.2412,0.2437,0.2412,0.2427,1551639600,28097.02,6827.95,ZRX/USD
0.2427,0.2429,0.2402,0.2412,1551643200,100728.4,24299.95,ZRX/USD
0.2406,0.2433,0.2396,0.2427,1551646800,181462.75,43451.51,ZRX/USD
0.24,0.2417,0.2395,0.2406,1551650400,109367.51,26665.51,ZRX/USD
0.2393,0.2409,0.2389,0.24,1551654000,90297.16,21761.48,ZRX/USD
0.2409,0.2414,0.2386,0.2393,1551657600,79213.75,19080.59,ZRX/USD
0.2404,0.2423,0.24,0.2409,1551661200,31983.74,7745.91,ZRX/USD
0.2384,0.2412,0.2376,0.2404,1551664800,109447.73,26223.26,ZRX/USD
0.2345,0.2384,0.2341,0.2384,1551668400,455140.61,107299.25,ZRX/USD
0.2298,0.235,0.2287,0.2345,1551672000,678979.8,157542.96,ZRX/USD
0.2268,0.2298,0.2246,0.2298,1551675600,370548.74,83974.5,ZRX/USD
0.2302,0.2319,0.2265,0.2268,1551679200,276094.13,62977.6,ZRX/USD
0.2292,0.2308,0.2292,0.2302,1551682800,70160.88,16159.77,ZRX/USD
0.2263,0.2314,0.2262,0.2292,1551686400,207871.69,47544.9,ZRX/USD
0.2254,0.2277,0.2254,0.2263,1551690000,158360.84,35813.32,ZRX/USD
0.2224,0.2255,0.2207,0.2254,1551693600,656545.39,146533.34,ZRX/USD
0.2244,0.2261,0.2219,0.2224,1551697200,292165.84,65551.75,ZRX/USD
0.2264,0.2284,0.2242,0.2244,1551700800,187939.17,42513.74,ZRX/USD
0.2252,0.2271,0.2245,0.2264,1551704400,356072.52,80347.49,ZRX/USD
0.2277,0.2286,0.2244,0.2252,1551708000,244608.06,55123.03,ZRX/USD
0.2276,0.24,0.2272,0.2277,1551711600,212448.01,49430.29,ZRX/USD
0.2303,0.2311,0.227,0.2276,1551715200,335777.3,76881.42,ZRX/USD
0.23,0.2314,0.2294,0.2303,1551718800,53822.63,12355.3,ZRX/USD
0.2276,0.2301,0.2276,0.23,1551722400,32654.37,7451.19,ZRX/USD
0.2297,0.2297,0.227,0.2276,1551726000,79589.3,18105.71,ZRX/USD
0.2301,0.2312,0.2277,0.2297,1551729600,48929.24,11224.7,ZRX/USD
0.2277,0.2302,0.2271,0.2301,1551733200,69294.57,15805.71,ZRX/USD
0.2277,0.2288,0.227,0.2277,1551736800,79342.98,17929.06,ZRX/USD
0.228,0.2285,0.2253,0.2277,1551740400,52337.57,11807.45,ZRX/USD
0.2264,0.2287,0.226,0.228,1551744000,37678.41,8528.44,ZRX/USD
0.2258,0.2269,0.225,0.2264,1551747600,87608.11,19747.49,ZRX/USD
0.2244,0.2258,0.2233,0.2258,1551751200,204890.55,45879.04,ZRX/USD
0.2246,0.2258,0.2235,0.2244,1551754800,158231.89,35509.82,ZRX/USD
0.2277,0.2277,0.2245,0.2246,1551758400,27205.19,6157.36,ZRX/USD
0.2259,0.2282,0.2258,0.2277,1551762000,44446.3,10072.08,ZRX/USD
0.2276,0.2291,0.2258,0.2259,1551765600,28488.81,6515.34,ZRX/USD
0.229,0.229,0.227,0.2276,1551769200,27845.97,6330.22,ZRX/USD
0.2312,0.2312,0.2267,0.229,1551772800,40407.99,9278.93,ZRX/USD
0.2312,0.2312,0.2267,0.229,1551772800,40407.99,9278.93,ZRX/USD
0.23,0.2326,0.2293,0.2312,1551776400,77148.5,17777.89,ZRX/USD
0.2289,0.2309,0.2277,0.23,1551780000,23148.05,5325.05,ZRX/USD
0.2295,0.2303,0.2279,0.2289,1551783600,27733.05,6394.47,ZRX/USD
0.2295,0.2314,0.2279,0.2295,1551787200,81729.63,18722.9,ZRX/USD
0.2386,0.2391,0.2284,0.2295,1551790800,366843.74,86366.82,ZRX/USD
0.2353,0.2388,0.2346,0.2386,1551794400,117437.88,27904.18,ZRX/USD
0.2361,0.2373,0.2352,0.2353,1551798000,159790.01,37574.86,ZRX/USD
0.2393,0.241,0.2361,0.2361,1551801600,285573.91,69109.22,ZRX/USD
0.2395,0.2409,0.2377,0.2393,1551805200,147879.14,35282.0,ZRX/USD
0.24,0.2411,0.239,0.2395,1551808800,40134.44,9613.87,ZRX/USD
